4 77 207
207 4 77
77 4 207
51 230 271
271 51 230
230 51 271
291 10 34
10 34 291
34 10 291
225 140 208
140 208 225
208 140 225
82 61 160
160 61 82
61 82 160
237 125 201
125 201 237
201 125 237
136 276 292
276 136 292
292 136 276
298 106 174
174 106 298
106 174 298
185 52 96
52 96 185
96 52 185
233 88 146
88 146 233
146 88 233
277 14 68
14 68 277
68 14 277
210 22 33
33 22 210
22 33 210
7 25 109
109 7 25
25 7 109
234 184 272
184 234 272
272 184 234
32 13 248
13 32 248
248 13 32
269 129 134
129 134 269
134 129 269
256 45 142
142 45 256
45 142 256
280 42 202
42 202 280
202 42 280
100 228 239
228 100 239
239 100 228
240 2 175
175 2 240
2 175 240
243 36 196
36 196 243
196 36 243
31 94 289
289 31 94
94 31 289
178 48 300
48 178 300
300 48 178
212 43 282
282 43 212
43 212 282
220 172 287
287 172 220
172 220 287
264 81 180
180 81 264
81 180 264
181 50 203
203 50 181
50 181 203
15 157 299
157 15 299
299 15 157
242 199 281
199 242 281
281 199 242
229 47 258
258 47 229
47 229 258
39 135 137
135 39 137
137 39 135
114 56 206
206 56 114
56 114 206
221 132 162
162 132 221
132 162 221
116 183 275
183 116 275
275 116 183
204 89 213
89 204 213
213 89 204
5 98 262
98 5 262
262 5 98
270 257 260
257 260 270
260 257 270
120 75 227
227 75 120
75 120 227
166 24 54
24 54 166
54 24 166
235 37 115
115 37 235
37 115 235
108 21 194
194 21 108
21 108 194
119 110 296
110 119 296
296 110 119
128 111 216
111 128 216
216 111 128
38 17 164
17 38 164
164 17 38
274 6 161
6 161 274
161 6 274
53 152 167
152 53 167
167 53 152
214 26 222
222 26 214
26 214 222
189 133 245
245 133 189
133 189 245
18 29 168
168 18 29
29 18 168
147 99 249
99 147 249
249 99 147
85 144 273
273 85 144
144 85 273
121 46 76
46 76 121
76 46 121
255 192 236
192 236 255
236 192 255
67 139 198
139 67 198
198 67 139
71 79 93
93 71 79
79 71 93
63 72 92
72 63 92
92 63 72
87 159 170
159 87 170
170 87 159
59 176 250
176 59 250
250 59 176
102 90 238
238 90 102
90 102 238
30 226 290
290 30 226
226 30 290
55 173 211
211 55 173
173 55 211
219 8 65
8 65 219
65 8 219
1 153 241
153 1 241
241 1 153
188 20 286
286 20 188
20 188 286
64 12 193
193 12 64
12 64 193
28 154 186
186 28 154
154 28 186
261 158 182
158 182 261
182 158 261
9 268 295
295 9 268
268 9 295
254 163 252
252 163 254
163 252 254
35 70 253
253 35 70
70 35 253
11 97 155
155 11 97
97 11 155
112 151 283
283 112 151
151 112 283
44 131 232
232 44 131
131 44 232
117 19 130
19 117 130
130 19 117
138 259 284
284 138 259
259 138 284
187 148 217
217 148 187
148 187 217
123 171 200
200 123 171
171 123 200
57 101 218
101 57 218
218 57 101
149 141 231
231 141 149
141 149 231
205 66 297
66 205 297
297 66 205
266 209 278
278 209 266
209 266 278
16 143 195
143 16 195
195 16 143
84 49 127
127 49 84
49 84 127
104 73 223
73 104 223
223 73 104
294 3 23
3 23 294
23 3 294
60 91 145
145 60 91
91 60 145
156 62 150
62 150 156
150 62 156
288 69 83
83 69 288
69 83 288
27 103 224
224 27 103
103 27 224
113 215 246
246 113 215
215 113 246
197 40 267
40 197 267
267 40 197
107 279 285
279 107 285
285 107 279
118 244 251
251 118 244
244 118 251
86 41 126
41 86 126
126 41 86
263 58 95
95 58 263
58 95 263
177 80 169
169 80 177
80 169 177
105 165 179
179 105 165
165 105 179
191 74 122
122 74 191
74 122 191
78 124 247
247 78 124
124 78 247
190 265 293
293 190 265
265 190 293
