137 206 291
206 137 291
291 137 206
177 27 266
27 177 266
266 27 177
82 39 131
131 39 82
39 82 131
207 44 106
44 106 207
106 44 207
79 77 250
77 79 250
250 77 79
136 24 62
62 24 136
24 62 136
17 216 226
226 17 216
216 17 226
64 7 241
241 7 64
7 64 241
150 124 228
228 124 150
124 150 228
50 56 174
174 50 56
56 50 174
257 26 162
162 26 257
26 162 257
184 25 269
269 25 184
25 184 269
78 83 275
275 78 83
83 78 275
134 221 258
258 134 221
221 134 258
132 32 293
293 32 132
32 132 293
156 54 243
54 156 243
243 54 156
70 89 169
169 70 89
89 70 169
298 115 185
185 115 298
115 185 298
16 204 253
204 16 253
253 16 204
5 112 254
254 5 112
112 5 254
145 101 300
300 101 145
101 145 300
295 166 179
179 166 295
166 179 295
135 3 210
210 3 135
3 135 210
265 29 180
29 180 265
180 29 265
284 107 160
107 160 284
160 107 284
290 43 247
247 43 290
43 247 290
218 74 116
116 74 218
74 116 218
128 75 237
75 128 237
237 75 128
41 104 146
104 41 146
146 41 104
6 126 292
292 6 126
126 6 292
248 88 178
178 88 248
88 178 248
151 93 199
199 93 151
93 151 199
268 95 155
155 95 268
95 155 268
242 261 273
261 242 273
273 242 261
13 138 235
235 13 138
138 13 235
55 18 152
18 55 152
152 18 55
164 81 278
81 164 278
278 81 164
111 165 271
271 111 165
165 111 271
175 117 274
117 175 274
274 117 175
30 47 193
193 30 47
47 30 193
225 263 281
281 225 263
263 225 281
58 170 227
227 58 170
170 58 227
289 69 259
69 259 289
259 69 289
294 8 260
260 8 294
8 260 294
194 279 282
282 194 279
279 194 282
71 72 98
72 71 98
98 71 72
22 190 246
190 22 246
246 22 190
15 200 262
262 15 200
200 15 262
234 97 144
97 144 234
144 97 234
65 105 191
191 65 105
105 65 191
215 34 91
91 34 215
34 91 215
120 125 133
125 120 133
133 120 125
233 171 223
223 171 233
171 223 233
4 12 85
12 4 85
85 4 12
202 198 240
240 198 202
198 202 240
157 28 35
28 35 157
35 28 157
60 196 214
214 60 196
196 60 214
197 127 181
127 181 197
181 127 197
203 63 99
99 63 203
63 99 203
121 161 267
267 121 161
161 121 267
21 90 296
90 21 296
296 21 90
123 36 192
192 36 123
36 123 192
154 229 280
280 154 229
229 154 280
287 186 211
211 186 287
186 211 287
251 208 209
208 209 251
209 208 251
153 20 183
183 20 153
20 153 183
158 113 219
219 113 158
113 158 219
142 205 283
283 142 205
205 142 283
172 129 167
129 167 172
167 129 172
14 46 147
147 14 46
46 14 147
1 149 220
149 1 220
220 1 149
285 84 277
277 84 285
84 277 285
163 187 224
187 163 224
224 163 187
108 67 286
286 67 108
67 108 286
51 61 217
61 51 217
217 51 61
42 122 256
122 42 256
256 42 122
141 59 118
118 59 141
59 118 141
232 37 40
37 40 232
40 37 232
23 100 238
100 23 238
238 23 100
31 86 102
102 31 86
86 31 102
109 103 255
255 103 109
103 109 255
45 168 195
195 45 168
168 45 195
139 10 182
10 139 182
182 10 139
159 252 270
252 159 270
270 159 252
57 212 230
212 57 230
230 57 212
231 236 245
245 231 236
236 231 245
189 19 96
19 96 189
96 19 189
140 130 176
130 140 176
176 130 140
68 87 110
110 68 87
87 68 110
94 38 92
92 38 94
38 92 94
297 73 249
73 249 297
249 73 297
173 11 222
222 11 173
11 173 222
244 114 148
148 114 244
114 148 244
276 52 53
52 53 276
53 52 276
9 2 188
2 9 188
188 2 9
80 66 299
299 66 80
66 80 299
239 48 76
76 48 239
48 76 239
264 143 201
201 143 264
143 201 264
272 49 288
288 49 272
49 272 288
119 33 213
213 33 119
33 119 213
