22041 12332 12954
12954 12332 22041
12332 12954 22041
8465 11431 15684
15684 8465 11431
11431 8465 15684
1239 22246 24798
24798 1239 22246
22246 1239 24798
28512 18562 25765
18562 25765 28512
25765 18562 28512
29377 4588 13751
4588 13751 29377
13751 4588 29377
20944 18663 29466
18663 20944 29466
29466 18663 20944
20874 6789 16784
6789 16784 20874
16784 6789 20874
26739 4762 16636
16636 4762 26739
4762 16636 26739
1881 19516 27770
27770 1881 19516
19516 1881 27770
13732 4308 12204
12204 4308 13732
4308 12204 13732
13268 18066 19652
18066 13268 19652
19652 13268 18066
14690 11568 19902
19902 11568 14690
11568 14690 19902
5695 4963 10366
10366 4963 5695
4963 5695 10366
11391 7216 28594
28594 7216 11391
7216 11391 28594
13378 2780 2911
2911 2780 13378
2780 2911 13378
2947 8576 17860
8576 2947 17860
17860 2947 8576
18513 2818 24225
2818 18513 24225
24225 2818 18513
24304 4321 13157
4321 13157 24304
13157 4321 24304
27353 10672 28235
10672 27353 28235
28235 10672 27353
5342 15094 28463
28463 5342 15094
15094 5342 28463
28621 9128 26978
26978 9128 28621
9128 26978 28621
10961 5615 28777
28777 5615 10961
5615 10961 28777
7255 16292 21777
16292 7255 21777
21777 7255 16292
25406 3997 27676
27676 3997 25406
3997 25406 27676
396 20046 26579
26579 396 20046
20046 396 26579
6779 13368 29766
29766 6779 13368
13368 6779 29766
7903 8459 16239
8459 7903 16239
16239 7903 8459
20878 1457 28825
1457 20878 28825
28825 1457 20878
11409 333 26426
26426 333 11409
333 11409 26426
11118 855 27802
855 11118 27802
27802 855 11118
28129 3089 22535
3089 22535 28129
22535 3089 28129
25320 12417 18312
18312 12417 25320
12417 18312 25320
23709 778 9541
778 9541 23709
9541 778 23709
8443 13513 25774
25774 8443 13513
13513 8443 25774
8047 16846 21496
16846 8047 21496
21496 8047 16846
15669 550 12387
550 12387 15669
12387 550 15669
17976 4239 26241
26241 4239 17976
4239 17976 26241
8999 5026 28205
5026 8999 28205
28205 5026 8999
4641 7904 17400
17400 4641 7904
7904 4641 17400
21863 22789 26513
26513 21863 22789
22789 21863 26513
18568 10548 28878
28878 10548 18568
10548 18568 28878
2213 1116 13715
13715 1116 2213
1116 2213 13715
24372 8039 19093
19093 8039 24372
8039 19093 24372
6130 18025 19134
19134 6130 18025
18025 6130 19134
27916 3124 22988
22988 3124 27916
3124 22988 27916
28219 5312 8383
5312 8383 28219
8383 5312 28219
16909 14090 25395
14090 16909 25395
25395 14090 16909
29945 17361 22569
22569 17361 29945
17361 22569 29945
22358 15376 22483
15376 22358 22483
22483 15376 22358
24239 20050 24169
24169 20050 24239
20050 24169 24239
15223 20355 29285
29285 15223 20355
20355 15223 29285
762 1671 22583
22583 762 1671
1671 762 22583
4179 9061 20413
20413 4179 9061
9061 4179 20413
27774 24973 26937
24973 26937 27774
26937 24973 27774
11624 23857 23872
23857 11624 23872
23872 11624 23857
26578 164 26401
164 26401 26578
26401 164 26578
22552 3110 13237
13237 3110 22552
3110 13237 22552
18871 3078 8142
3078 8142 18871
8142 3078 18871
24340 759 17407
17407 759 24340
759 17407 24340
3154 15246 18316
18316 3154 15246
15246 3154 18316
19621 16303 22521
16303 19621 22521
22521 16303 19621
19518 16607 21391
16607 19518 21391
21391 16607 19518
1147 11358 26961
11358 1147 26961
26961 1147 11358
29884 10677 29825
10677 29825 29884
29825 10677 29884
24132 1610 26703
1610 24132 26703
26703 1610 24132
15276 14932 19300
19300 14932 15276
14932 15276 19300
20713 27915 28375
28375 20713 27915
27915 20713 28375
10157 4514 6328
6328 4514 10157
4514 6328 10157
15873 13017 21245
13017 15873 21245
21245 13017 15873
11284 8651 25228
25228 8651 11284
8651 11284 25228
14081 12014 27943
12014 14081 27943
27943 12014 14081
3896 7143 20288
20288 3896 7143
7143 3896 20288
22085 7616 14016
7616 14016 22085
14016 7616 22085
29089 21808 26177
21808 26177 29089
26177 21808 29089
10695 15183 17954
17954 10695 15183
15183 10695 17954
5727 21725 28385
21725 5727 28385
28385 5727 21725
14089 18033 19441
18033 14089 19441
19441 14089 18033
16769 13475 17122
17122 13475 16769
13475 16769 17122
19327 7587 26137
26137 7587 19327
7587 19327 26137
19553 2436 23007
2436 19553 23007
23007 2436 19553
6952 22944 29566
22944 6952 29566
29566 6952 22944
18970 2472 27659
27659 2472 18970
2472 18970 27659
6710 13054 29040
13054 6710 29040
29040 6710 13054
13740 9750 26247
26247 9750 13740
9750 13740 26247
15912 1570 13136
1570 13136 15912
13136 1570 15912
24913 13970 24204
13970 24204 24913
24204 13970 24913
7210 21505 25754
25754 7210 21505
21505 7210 25754
22822 4807 7072
4807 7072 22822
7072 4807 22822
911 3115 12770
12770 911 3115
3115 911 12770
14486 22287 27585
22287 14486 27585
27585 14486 22287
8814 13969 28653
13969 8814 28653
28653 8814 13969
9953 5437 29786
29786 5437 9953
5437 9953 29786
12579 15413 16149
16149 12579 15413
15413 12579 16149
6178 576 26697
576 6178 26697
26697 576 6178
27484 16869 20115
20115 16869 27484
16869 20115 27484
1462 16685 23368
16685 1462 23368
23368 1462 16685
10215 758 21198
758 10215 21198
21198 758 10215
15937 4195 24699
24699 4195 15937
4195 15937 24699
23474 4610 20533
20533 4610 23474
4610 20533 23474
19950 28756 28977
28977 19950 28756
28756 19950 28977
9184 20158 21523
21523 9184 20158
20158 9184 21523
27925 17131 19978
19978 17131 27925
17131 19978 27925
3473 4642 9261
9261 3473 4642
4642 3473 9261
14355 19500 28983
19500 14355 28983
28983 14355 19500
5903 7821 7984
7821 5903 7984
7984 5903 7821
12228 10999 21930
10999 12228 21930
21930 10999 12228
15858 16673 27549
16673 15858 27549
27549 15858 16673
5787 13018 16672
13018 5787 16672
16672 5787 13018
23519 3788 21762
3788 21762 23519
21762 3788 23519
26422 18139 26960
18139 26422 26960
26960 18139 26422
15597 10425 24715
10425 15597 24715
24715 10425 15597
27580 24346 28705
24346 27580 28705
28705 24346 27580
16541 4388 25661
25661 4388 16541
4388 16541 25661
15400 19131 25821
19131 15400 25821
25821 15400 19131
14928 4572 17701
17701 4572 14928
4572 14928 17701
21515 10004 18172
10004 18172 21515
18172 10004 21515
18814 7952 20937
7952 18814 20937
20937 7952 18814
5138 6365 10979
6365 5138 10979
10979 5138 6365
26891 7773 9304
7773 9304 26891
9304 7773 26891
3534 8887 15688
8887 3534 15688
15688 3534 8887
3567 661 14759
14759 661 3567
661 3567 14759
21889 308 10397
10397 308 21889
308 10397 21889
29104 3890 22809
3890 22809 29104
22809 3890 29104
10665 8020 24458
24458 8020 10665
8020 10665 24458
12757 2747 13294
2747 12757 13294
13294 2747 12757
25152 5356 17919
17919 5356 25152
5356 17919 25152
7643 2964 19350
2964 7643 19350
19350 2964 7643
6518 15051 25033
25033 6518 15051
15051 6518 25033
24694 4330 5493
4330 5493 24694
5493 4330 24694
29291 7452 28642
28642 7452 29291
7452 28642 29291
7436 69 7543
7543 69 7436
69 7436 7543
15061 21051 29389
29389 15061 21051
21051 15061 29389
14899 785 12534
785 12534 14899
12534 785 14899
14432 12285 24180
12285 14432 24180
24180 12285 14432
8641 5883 14040
14040 5883 8641
5883 8641 14040
18213 14304 17326
14304 17326 18213
17326 14304 18213
27059 4648 26138
4648 26138 27059
26138 4648 27059
15885 14360 29107
14360 15885 29107
29107 14360 15885
4196 4676 7154
4676 4196 7154
7154 4196 4676
9928 5534 5761
5534 5761 9928
5761 5534 9928
21708 6871 11736
6871 11736 21708
11736 6871 21708
2860 3994 11948
11948 2860 3994
3994 2860 11948
24027 24461 26785
24461 24027 26785
26785 24027 24461
9619 412 16961
412 9619 16961
16961 412 9619
2247 15468 28899
28899 2247 15468
15468 2247 28899
27681 5130 24001
24001 5130 27681
5130 24001 27681
13796 12937 23935
12937 13796 23935
23935 12937 13796
17770 18641 25998
25998 17770 18641
18641 17770 25998
24720 9932 21559
9932 21559 24720
21559 9932 24720
8267 11305 28826
28826 8267 11305
11305 8267 28826
1568 11454 29494
11454 1568 29494
29494 1568 11454
19323 11874 27579
11874 19323 27579
27579 11874 19323
6885 22469 28763
28763 6885 22469
22469 6885 28763
6442 14849 19904
19904 6442 14849
14849 6442 19904
11335 11349 22351
22351 11335 11349
11349 11335 22351
27708 1708 5264
5264 1708 27708
1708 5264 27708
18076 4245 9696
9696 4245 18076
4245 9696 18076
24012 8038 18355
18355 8038 24012
8038 18355 24012
23471 8523 25191
25191 8523 23471
8523 23471 25191
18399 3319 16091
3319 16091 18399
16091 3319 18399
14381 6703 20879
6703 14381 20879
20879 6703 14381
13065 7910 13939
7910 13065 13939
13939 7910 13065
14798 6405 17150
6405 14798 17150
17150 6405 14798
5124 13648 14069
13648 5124 14069
14069 5124 13648
26699 18891 19789
18891 19789 26699
19789 18891 26699
26253 17447 26696
17447 26253 26696
26696 17447 26253
13710 10220 16447
10220 13710 16447
16447 10220 13710
8516 789 8665
789 8516 8665
8665 789 8516
18189 7704 16266
7704 16266 18189
16266 7704 18189
27418 4342 10656
10656 4342 27418
4342 10656 27418
3809 25147 25933
25147 3809 25933
25933 3809 25147
7725 14039 25337
25337 7725 14039
14039 7725 25337
17880 24280 25017
24280 17880 25017
25017 17880 24280
327 4949 8292
8292 327 4949
4949 327 8292
601 15226 25305
15226 601 25305
25305 601 15226
15790 10645 17505
17505 10645 15790
10645 15790 17505
14812 10102 20603
20603 10102 14812
10102 14812 20603
12732 10008 17300
17300 10008 12732
10008 12732 17300
27786 190 14575
14575 190 27786
190 14575 27786
6135 4254 14300
14300 4254 6135
4254 6135 14300
7639 7156 28247
28247 7156 7639
7156 7639 28247
256 19835 27060
19835 256 27060
27060 256 19835
26444 4640 8022
4640 8022 26444
8022 4640 26444
27071 2037 29356
29356 2037 27071
2037 27071 29356
19572 20846 21854
20846 19572 21854
21854 19572 20846
16629 28024 29619
28024 16629 29619
29619 16629 28024
17064 20736 24637
20736 17064 24637
24637 17064 20736
14316 3677 10854
3677 10854 14316
10854 3677 14316
17502 15976 23707
15976 17502 23707
23707 15976 17502
11589 5045 12278
12278 5045 11589
5045 11589 12278
9613 23518 26391
23518 9613 26391
26391 9613 23518
6352 306 16995
16995 306 6352
306 6352 16995
27531 2868 27624
2868 27531 27624
27624 2868 27531
18032 12408 27160
12408 18032 27160
27160 12408 18032
18385 8854 22598
8854 18385 22598
22598 8854 18385
4779 2379 26995
26995 2379 4779
2379 4779 26995
12145 3109 29801
3109 12145 29801
29801 3109 12145
13741 18266 18271
18266 13741 18271
18271 13741 18266
519 27414 27649
27414 519 27649
27649 519 27414
4780 9947 11032
11032 4780 9947
9947 4780 11032
6738 9140 11557
11557 6738 9140
9140 6738 11557
20574 20564 26429
20564 20574 26429
26429 20564 20574
26378 10840 20032
20032 10840 26378
10840 20032 26378
3835 16893 18914
16893 3835 18914
18914 3835 16893
20033 3701 20313
20313 3701 20033
3701 20033 20313
1165 5301 5819
5301 1165 5819
5819 1165 5301
8590 28341 28931
28931 8590 28341
28341 8590 28931
1072 3029 23276
3029 1072 23276
23276 1072 3029
27526 15210 28284
15210 27526 28284
28284 15210 27526
26376 5428 5723
5428 5723 26376
5723 5428 26376
26393 21024 23601
23601 21024 26393
21024 23601 26393
2085 1327 25917
25917 1327 2085
1327 2085 25917
22707 15133 22331
15133 22331 22707
22331 15133 22707
2832 14027 27525
14027 2832 27525
27525 2832 14027
8597 638 26554
26554 638 8597
638 8597 26554
22286 5109 11104
11104 5109 22286
5109 11104 22286
27723 2026 13538
13538 2026 27723
2026 13538 27723
14391 27172 27369
27369 14391 27172
27172 14391 27369
17379 6609 14911
14911 6609 17379
6609 14911 17379
29597 16609 28547
16609 28547 29597
28547 16609 29597
14957 5346 28707
5346 14957 28707
28707 5346 14957
9234 8696 15516
8696 9234 15516
15516 8696 9234
2566 1607 22675
1607 2566 22675
22675 1607 2566
26265 16224 22560
22560 16224 26265
16224 22560 26265
8319 4021 28097
28097 4021 8319
4021 8319 28097
24421 24673 28238
24673 24421 28238
28238 24421 24673
28355 8729 23938
8729 23938 28355
23938 8729 28355
24195 16962 17135
17135 16962 24195
16962 17135 24195
26297 20776 23620
23620 20776 26297
20776 23620 26297
22856 7800 26085
7800 22856 26085
26085 7800 22856
10441 7503 16836
16836 7503 10441
7503 10441 16836
925 22470 28191
28191 925 22470
22470 925 28191
26491 10286 20600
20600 10286 26491
10286 20600 26491
23456 4530 21137
4530 21137 23456
21137 4530 23456
28280 4772 6230
6230 4772 28280
4772 6230 28280
11735 4003 26680
26680 4003 11735
4003 11735 26680
16547 13924 19207
13924 16547 19207
19207 13924 16547
25093 11020 15713
15713 11020 25093
11020 15713 25093
25989 4864 26388
4864 25989 26388
26388 4864 25989
8507 6068 13589
13589 6068 8507
6068 8507 13589
8101 10682 12509
12509 8101 10682
10682 8101 12509
20055 6545 14288
14288 6545 20055
6545 14288 20055
12169 25006 27173
25006 12169 27173
27173 12169 25006
20068 14839 26154
14839 20068 26154
26154 14839 20068
12656 2197 29875
2197 12656 29875
29875 2197 12656
3180 6540 23238
23238 3180 6540
6540 3180 23238
26857 3561 5743
3561 5743 26857
5743 3561 26857
24205 13995 19243
13995 19243 24205
19243 13995 24205
935 11650 20454
11650 935 20454
20454 935 11650
10706 1992 25188
25188 1992 10706
1992 10706 25188
5107 8236 21554
8236 5107 21554
21554 5107 8236
25656 2268 9133
9133 2268 25656
2268 9133 25656
1168 7843 29263
7843 1168 29263
29263 1168 7843
20116 7116 21953
7116 20116 21953
21953 7116 20116
10228 417 2551
2551 417 10228
417 2551 10228
13919 4468 29249
4468 13919 29249
29249 4468 13919
7693 11304 25157
11304 7693 25157
25157 7693 11304
19180 11569 20772
20772 11569 19180
11569 19180 20772
10605 10378 18634
18634 10378 10605
10378 10605 18634
13132 5946 10602
5946 10602 13132
10602 5946 13132
20720 10272 28649
28649 10272 20720
10272 20720 28649
10071 14723 21833
14723 10071 21833
21833 10071 14723
18807 15202 28002
15202 18807 28002
28002 15202 18807
18615 16220 24541
16220 18615 24541
24541 16220 18615
23169 18369 27400
27400 18369 23169
18369 23169 27400
16885 10242 28925
10242 16885 28925
28925 10242 16885
3962 8971 11334
11334 3962 8971
8971 3962 11334
8859 13834 16304
16304 8859 13834
13834 8859 16304
10829 4691 5394
4691 5394 10829
5394 4691 10829
13894 3668 17817
3668 13894 17817
17817 3668 13894
7042 1804 17226
1804 7042 17226
17226 1804 7042
9952 2999 8786
8786 2999 9952
2999 8786 9952
14822 2878 9374
9374 2878 14822
2878 9374 14822
17496 16389 18661
16389 17496 18661
18661 16389 17496
6053 21304 29156
21304 6053 29156
29156 6053 21304
13317 3631 25246
3631 13317 25246
25246 3631 13317
2490 12952 13522
13522 2490 12952
12952 2490 13522
4903 10559 25067
25067 4903 10559
10559 4903 25067
2744 2782 27370
2782 2744 27370
27370 2744 2782
20678 8767 25647
8767 20678 25647
25647 8767 20678
10019 15911 24953
24953 10019 15911
15911 10019 24953
8358 1155 10751
1155 8358 10751
10751 1155 8358
22283 8476 21573
8476 21573 22283
21573 8476 22283
5193 241 17684
241 5193 17684
17684 241 5193
17065 21246 25865
25865 17065 21246
21246 17065 25865
19041 3412 25335
25335 3412 19041
3412 19041 25335
17620 19764 23529
19764 17620 23529
23529 17620 19764
7384 2608 15616
2608 7384 15616
15616 2608 7384
2129 12229 15456
12229 2129 15456
15456 2129 12229
9859 22969 26512
22969 9859 26512
26512 9859 22969
18446 6665 28127
28127 6665 18446
6665 18446 28127
24446 3814 5612
5612 3814 24446
3814 5612 24446
5262 5212 17210
5212 5262 17210
17210 5212 5262
954 12077 24455
12077 954 24455
24455 954 12077
13927 16529 21017
21017 13927 16529
16529 13927 21017
29452 13431 17612
13431 17612 29452
17612 13431 29452
23388 14371 16436
16436 14371 23388
14371 16436 23388
13225 3737 23510
23510 3737 13225
3737 13225 23510
15395 3257 6930
3257 6930 15395
6930 3257 15395
27678 5817 17657
5817 17657 27678
17657 5817 27678
21160 19137 24066
19137 21160 24066
24066 19137 21160
6072 15484 26074
15484 6072 26074
26074 6072 15484
12271 19795 23489
19795 12271 23489
23489 12271 19795
10013 17659 21815
21815 10013 17659
17659 10013 21815
22374 4296 24512
4296 22374 24512
24512 4296 22374
4784 8158 26549
26549 4784 8158
8158 4784 26549
4546 6120 12433
12433 4546 6120
6120 4546 12433
26246 20194 23060
20194 23060 26246
23060 20194 26246
15138 10188 29245
29245 10188 15138
10188 15138 29245
1159 11487 24542
24542 1159 11487
11487 1159 24542
11770 25303 26111
26111 11770 25303
25303 11770 26111
22708 12062 17662
17662 12062 22708
12062 17662 22708
27691 3070 21052
21052 3070 27691
3070 21052 27691
9786 161 17706
17706 161 9786
161 9786 17706
15844 19 9228
19 9228 15844
9228 19 15844
636 9408 17918
17918 636 9408
9408 636 17918
7256 2697 3894
3894 2697 7256
2697 3894 7256
11408 2981 9711
2981 9711 11408
9711 2981 11408
10888 8066 8442
8066 8442 10888
8442 8066 10888
14403 23234 24053
24053 14403 23234
23234 14403 24053
24571 22489 26936
26936 22489 24571
22489 24571 26936
27365 4032 4310
4310 4032 27365
4032 4310 27365
476 1383 21218
1383 476 21218
21218 476 1383
4282 3306 22520
3306 4282 22520
22520 3306 4282
7322 10153 22338
22338 7322 10153
10153 7322 22338
20182 17713 26829
17713 20182 26829
26829 17713 20182
26215 16746 26225
26225 16746 26215
16746 26215 26225
16217 12715 15942
15942 12715 16217
12715 15942 16217
29864 2711 18789
18789 2711 29864
2711 18789 29864
24413 378 5719
5719 378 24413
378 5719 24413
15433 8725 12106
8725 12106 15433
12106 8725 15433
7352 1993 6812
1993 6812 7352
6812 1993 7352
15180 23934 25525
23934 15180 25525
25525 15180 23934
25902 1579 5846
5846 1579 25902
1579 5846 25902
8162 5051 27825
27825 5051 8162
5051 8162 27825
28482 15225 24087
24087 15225 28482
15225 24087 28482
20561 631 26979
631 20561 26979
26979 631 20561
7970 16835 17045
16835 7970 17045
17045 7970 16835
14572 7496 26503
26503 7496 14572
7496 14572 26503
11699 17444 22755
17444 11699 22755
22755 11699 17444
24165 21949 26330
26330 21949 24165
21949 24165 26330
14211 7851 29140
29140 7851 14211
7851 14211 29140
19522 8751 14158
14158 8751 19522
8751 14158 19522
19507 3888 25995
25995 3888 19507
3888 19507 25995
13223 16335 21899
16335 13223 21899
21899 13223 16335
29677 206 20444
206 20444 29677
20444 206 29677
17933 39 17455
17455 39 17933
39 17455 17933
7054 25031 28519
28519 7054 25031
25031 7054 28519
2303 12574 15482
12574 2303 15482
15482 2303 12574
27571 12676 29321
29321 12676 27571
12676 27571 29321
2596 15892 18183
18183 2596 15892
15892 2596 18183
21439 4524 12400
4524 12400 21439
12400 4524 21439
27794 13620 20656
20656 13620 27794
13620 20656 27794
25707 255 10520
255 10520 25707
10520 255 25707
5273 6803 15227
6803 5273 15227
15227 5273 6803
4895 4856 20408
20408 4856 4895
4856 4895 20408
8652 17607 28950
17607 8652 28950
28950 8652 17607
4068 5176 13965
13965 4068 5176
5176 4068 13965
4526 955 26650
26650 955 4526
955 4526 26650
14353 15480 17841
17841 14353 15480
15480 14353 17841
10661 15410 18208
15410 10661 18208
18208 10661 15410
5049 22337 24341
22337 5049 24341
24341 5049 22337
13289 10251 12873
10251 12873 13289
12873 10251 13289
29760 12628 17212
12628 17212 29760
17212 12628 29760
28861 12838 29698
12838 28861 29698
29698 12838 28861
769 1336 6353
1336 769 6353
6353 769 1336
14557 10843 26591
10843 14557 26591
26591 10843 14557
237 119 15601
15601 119 237
119 237 15601
11168 3614 17406
17406 3614 11168
3614 11168 17406
17580 17848 21040
17848 17580 21040
21040 17580 17848
13243 16604 24831
24831 13243 16604
16604 13243 24831
12134 4787 20389
20389 4787 12134
4787 12134 20389
20683 156 26282
156 20683 26282
26282 156 20683
24356 1187 2785
1187 2785 24356
2785 1187 24356
16586 8613 10794
10794 8613 16586
8613 10794 16586
8901 10010 14592
10010 8901 14592
14592 8901 10010
21811 14806 25015
25015 14806 21811
14806 21811 25015
16546 14485 28032
28032 14485 16546
14485 16546 28032
17791 24168 29892
24168 17791 29892
29892 17791 24168
18334 17596 17707
17596 17707 18334
17707 17596 18334
9990 5801 12829
5801 9990 12829
12829 5801 9990
14787 8704 9558
9558 8704 14787
8704 9558 14787
17510 6682 14697
14697 6682 17510
6682 14697 17510
4947 752 3612
752 3612 4947
3612 752 4947
3388 18105 28560
28560 3388 18105
18105 3388 28560
26887 10692 23485
23485 10692 26887
10692 23485 26887
7357 6286 15606
15606 6286 7357
6286 7357 15606
28065 3247 15575
3247 15575 28065
15575 3247 28065
25473 24507 26746
24507 25473 26746
26746 24507 25473
2408 7907 23899
7907 2408 23899
23899 2408 7907
19275 166 10742
10742 166 19275
166 10742 19275
28890 6898 17792
17792 6898 28890
6898 17792 28890
15982 1053 8757
8757 1053 15982
1053 8757 15982
26327 15524 16728
16728 15524 26327
15524 16728 26327
3272 2435 6387
2435 3272 6387
6387 2435 3272
3264 9214 16896
16896 3264 9214
9214 3264 16896
24103 1478 4713
1478 4713 24103
4713 1478 24103
17077 16775 17761
17761 16775 17077
16775 17077 17761
16889 2527 8303
2527 8303 16889
8303 2527 16889
11960 17056 17286
17286 11960 17056
17056 11960 17286
2535 11339 28368
28368 2535 11339
11339 2535 28368
10750 10545 29714
29714 10545 10750
10545 10750 29714
6864 9409 21801
21801 6864 9409
9409 6864 21801
28427 14487 17734
17734 14487 28427
14487 17734 28427
13664 1255 4540
1255 4540 13664
4540 1255 13664
10612 3940 7617
7617 3940 10612
3940 7617 10612
15337 10716 27317
10716 15337 27317
27317 10716 15337
19790 3327 12539
12539 3327 19790
3327 12539 19790
15275 2466 27272
2466 15275 27272
27272 2466 15275
3811 949 23607
23607 949 3811
949 3811 23607
12383 16142 17925
16142 12383 17925
17925 12383 16142
18935 13544 16219
16219 13544 18935
13544 16219 18935
25465 12461 20157
12461 20157 25465
20157 12461 25465
17606 8682 14748
14748 8682 17606
8682 14748 17606
26918 11655 15026
11655 15026 26918
15026 11655 26918
1609 17479 20726
17479 1609 20726
20726 1609 17479
8412 3102 21452
21452 3102 8412
3102 8412 21452
12869 7151 11832
7151 11832 12869
11832 7151 12869
17301 6098 6566
6098 6566 17301
6566 6098 17301
6909 19913 27271
19913 6909 27271
27271 6909 19913
7038 20459 24949
24949 7038 20459
20459 7038 24949
20343 13841 29311
13841 20343 29311
29311 13841 20343
22118 13297 22611
13297 22118 22611
22611 13297 22118
9850 7276 26428
26428 7276 9850
7276 9850 26428
17001 9724 27553
27553 9724 17001
9724 17001 27553
12446 8187 11932
8187 11932 12446
11932 8187 12446
22048 3079 18465
18465 3079 22048
3079 18465 22048
20770 11381 17637
11381 17637 20770
17637 11381 20770
10639 12929 25027
12929 10639 25027
25027 10639 12929
269 14291 22832
22832 269 14291
14291 269 22832
21992 5815 6853
5815 6853 21992
6853 5815 21992
23764 10350 14097
14097 10350 23764
10350 14097 23764
14463 5678 6295
6295 5678 14463
5678 6295 14463
27021 10476 29467
29467 10476 27021
10476 27021 29467
10342 6425 24559
24559 6425 10342
6425 10342 24559
9511 3010 18881
3010 9511 18881
18881 3010 9511
11031 1166 6253
1166 6253 11031
6253 1166 11031
26879 1119 1517
1119 1517 26879
1517 1119 26879
12170 3233 21075
21075 3233 12170
3233 12170 21075
20148 3638 13594
13594 3638 20148
3638 13594 20148
18748 4266 12504
4266 12504 18748
12504 4266 18748
25808 260 18843
18843 260 25808
260 18843 25808
6453 1736 22864
1736 6453 22864
22864 1736 6453
22046 217 26963
217 22046 26963
26963 217 22046
16435 8897 26872
8897 16435 26872
26872 8897 16435
10728 12694 24723
12694 10728 24723
24723 10728 12694
3963 1437 2866
1437 2866 3963
2866 1437 3963
6970 744 2886
2886 744 6970
744 2886 6970
19050 19834 23354
19834 19050 23354
23354 19050 19834
5263 167 20970
20970 167 5263
167 5263 20970
4225 9925 29273
9925 4225 29273
29273 4225 9925
16327 17832 17885
17885 16327 17832
17832 16327 17885
16134 737 13628
737 13628 16134
13628 737 16134
7914 1719 18545
1719 7914 18545
18545 1719 7914
26774 10810 12976
10810 12976 26774
12976 10810 26774
6634 7080 28802
7080 6634 28802
28802 6634 7080
10945 21363 26563
26563 10945 21363
21363 10945 26563
16027 17658 25704
25704 16027 17658
17658 16027 25704
29333 14376 20766
14376 20766 29333
20766 14376 29333
6762 2730 17363
2730 6762 17363
17363 2730 6762
11741 12323 19126
19126 11741 12323
12323 11741 19126
20857 13259 17283
17283 13259 20857
13259 17283 20857
6060 17888 25931
17888 6060 25931
25931 6060 17888
29886 838 28279
28279 838 29886
838 28279 29886
11875 5349 20421
20421 5349 11875
5349 11875 20421
3081 20801 21147
20801 3081 21147
21147 3081 20801
2623 8585 26234
26234 2623 8585
8585 2623 26234
11333 1927 25782
25782 1927 11333
1927 11333 25782
15318 13173 23250
23250 13173 15318
13173 15318 23250
17740 3322 19455
19455 3322 17740
3322 17740 19455
6582 1238 17132
1238 6582 17132
17132 1238 6582
20984 6446 20107
6446 20107 20984
20107 6446 20984
19713 893 8730
893 8730 19713
8730 893 19713
11967 15300 23889
23889 11967 15300
15300 11967 23889
4582 17034 20532
17034 4582 20532
20532 4582 17034
16338 20727 29948
29948 16338 20727
20727 16338 29948
14914 18254 24471
18254 14914 24471
24471 14914 18254
14565 25562 26611
26611 14565 25562
25562 14565 26611
8285 26206 26483
26206 8285 26483
26483 8285 26206
27756 5596 21843
21843 5596 27756
5596 21843 27756
23575 582 5804
5804 582 23575
582 5804 23575
1622 20977 29593
20977 1622 29593
29593 1622 20977
28773 1920 7515
7515 1920 28773
1920 7515 28773
19751 8452 14685
8452 14685 19751
14685 8452 19751
29017 17692 29010
29010 17692 29017
17692 29010 29017
20330 6556 17937
17937 6556 20330
6556 17937 20330
4148 8004 14343
8004 4148 14343
14343 4148 8004
3213 21529 23040
23040 3213 21529
21529 3213 23040
8263 5256 25213
5256 8263 25213
25213 5256 8263
22016 19244 29364
29364 19244 22016
19244 22016 29364
27697 17 3107
3107 17 27697
17 3107 27697
29320 9751 9783
9751 9783 29320
9783 9751 29320
9219 17111 27706
27706 9219 17111
17111 9219 27706
12254 16108 22701
16108 12254 22701
22701 12254 16108
12882 6983 7535
7535 6983 12882
6983 7535 12882
20930 9897 21871
21871 9897 20930
9897 20930 21871
7449 15665 18003
18003 7449 15665
15665 7449 18003
23440 25273 26315
25273 23440 26315
26315 23440 25273
16494 6592 23248
6592 16494 23248
23248 6592 16494
29872 9145 15595
15595 9145 29872
9145 15595 29872
12660 23277 29015
29015 12660 23277
23277 12660 29015
7642 9262 11845
9262 7642 11845
11845 7642 9262
13835 12043 28634
12043 13835 28634
28634 12043 13835
14807 3437 4591
3437 4591 14807
4591 3437 14807
25815 6355 13370
6355 13370 25815
13370 6355 25815
1496 3173 15383
15383 1496 3173
3173 1496 15383
15101 13737 29814
13737 15101 29814
29814 13737 15101
20081 23394 26281
26281 20081 23394
23394 20081 26281
24608 7429 8041
7429 8041 24608
8041 7429 24608
669 9020 25262
25262 669 9020
9020 669 25262
29549 3442 27005
3442 27005 29549
27005 3442 29549
27995 19901 27983
19901 27983 27995
27983 19901 27995
15443 18375 27359
18375 15443 27359
27359 15443 18375
26134 14053 15557
15557 14053 26134
14053 15557 26134
14569 2068 17279
17279 2068 14569
2068 14569 17279
1326 6323 21586
21586 1326 6323
6323 1326 21586
19731 1123 16668
16668 1123 19731
1123 16668 19731
127 11472 25696
11472 127 25696
25696 127 11472
26251 1995 11930
1995 11930 26251
11930 1995 26251
23516 1661 3451
1661 3451 23516
3451 1661 23516
20403 2242 10446
2242 10446 20403
10446 2242 20403
15624 2908 17072
2908 15624 17072
17072 2908 15624
6201 11956 16198
11956 6201 16198
16198 6201 11956
290 20712 23614
23614 290 20712
20712 290 23614
4327 6199 13864
6199 4327 13864
13864 4327 6199
10424 15764 28892
28892 10424 15764
15764 10424 28892
3929 12137 19869
12137 3929 19869
19869 3929 12137
26561 8517 29066
29066 8517 26561
8517 26561 29066
18256 4646 23818
23818 4646 18256
4646 18256 23818
10176 6621 10068
6621 10068 10176
10068 6621 10176
7789 7021 26494
7021 7789 26494
26494 7021 7789
5611 18498 19695
19695 5611 18498
18498 5611 19695
20373 22049 29735
22049 20373 29735
29735 20373 22049
12128 8061 19171
8061 12128 19171
19171 8061 12128
27712 1709 2003
2003 1709 27712
1709 2003 27712
20789 13106 20433
20433 13106 20789
13106 20433 20789
1161 23940 25578
23940 1161 25578
25578 1161 23940
19403 2519 14379
14379 2519 19403
2519 14379 19403
15242 8707 18126
18126 8707 15242
8707 15242 18126
23249 3537 13350
13350 3537 23249
3537 13350 23249
22637 3566 9266
3566 9266 22637
9266 3566 22637
21347 481 29539
29539 481 21347
481 21347 29539
19669 1095 5243
5243 1095 19669
1095 5243 19669
9966 21241 25569
25569 9966 21241
21241 9966 25569
25971 9322 12978
9322 12978 25971
12978 9322 25971
19206 334 18332
18332 334 19206
334 18332 19206
23307 9246 18461
18461 9246 23307
9246 18461 23307
17223 3607 27630
27630 3607 17223
3607 17223 27630
1272 16485 16810
16485 1272 16810
16810 1272 16485
18442 25701 26964
25701 18442 26964
26964 18442 25701
9215 20497 21962
21962 9215 20497
20497 9215 21962
25737 16399 16692
16692 16399 25737
16399 16692 25737
14085 15464 17329
15464 14085 17329
17329 14085 15464
5104 12338 17385
12338 5104 17385
17385 5104 12338
10143 14859 16664
14859 10143 16664
16664 10143 14859
26431 15651 25722
25722 15651 26431
15651 25722 26431
278 26860 28209
26860 278 28209
28209 278 26860
15411 9570 18420
9570 15411 18420
18420 9570 15411
20697 16251 22242
22242 16251 20697
16251 20697 22242
12594 9378 23662
9378 12594 23662
23662 9378 12594
17614 1666 3807
3807 1666 17614
1666 3807 17614
15569 4174 9689
4174 9689 15569
9689 4174 15569
9545 9196 23024
23024 9196 9545
9196 9545 23024
1495 20184 25085
20184 1495 25085
25085 1495 20184
23744 11977 19374
11977 19374 23744
19374 11977 23744
3469 15861 23076
15861 3469 23076
23076 3469 15861
3106 24110 25339
25339 3106 24110
24110 3106 25339
1288 5865 15503
5865 1288 15503
15503 1288 5865
25155 2041 14313
14313 2041 25155
2041 14313 25155
18346 20769 28104
28104 18346 20769
20769 18346 28104
18670 2159 25087
2159 18670 25087
25087 2159 18670
18174 11838 25875
11838 18174 25875
25875 11838 18174
7306 5321 22836
5321 7306 22836
22836 5321 7306
29632 16505 23062
16505 23062 29632
23062 16505 29632
1724 23765 26999
23765 1724 26999
26999 1724 23765
9368 16782 28849
16782 9368 28849
28849 9368 16782
17203 20420 29391
29391 17203 20420
20420 17203 29391
5208 2971 11114
2971 5208 11114
11114 2971 5208
13445 9977 28108
9977 13445 28108
28108 9977 13445
16622 10880 23923
10880 16622 23923
23923 10880 16622
1605 16633 28798
16633 1605 28798
28798 1605 16633
15122 11992 26290
26290 11992 15122
11992 15122 26290
5434 28042 29701
28042 5434 29701
29701 5434 28042
3571 8746 17282
17282 3571 8746
8746 3571 17282
19091 13290 26342
26342 13290 19091
13290 19091 26342
10214 3397 19081
19081 3397 10214
3397 10214 19081
21133 19324 23029
19324 21133 23029
23029 19324 21133
23522 10913 16487
10913 16487 23522
16487 10913 23522
3934 1296 26985
26985 1296 3934
1296 3934 26985
21906 15549 24618
15549 21906 24618
24618 15549 21906
14921 13104 23813
23813 13104 14921
13104 14921 23813
24967 15182 21374
21374 15182 24967
15182 21374 24967
17877 3158 18776
3158 17877 18776
18776 3158 17877
21425 3833 10250
10250 3833 21425
3833 10250 21425
6462 3981 18849
18849 3981 6462
3981 6462 18849
7442 12046 17869
17869 7442 12046
12046 7442 17869
20453 19210 25117
19210 20453 25117
25117 19210 20453
6456 8415 29130
29130 6456 8415
8415 6456 29130
25910 11449 23898
11449 23898 25910
23898 11449 25910
149 2602 8109
8109 149 2602
2602 149 8109
15285 18862 22912
18862 15285 22912
22912 15285 18862
22236 106 19021
106 19021 22236
19021 106 22236
4792 11146 16658
11146 4792 16658
16658 4792 11146
8138 9969 18804
18804 8138 9969
9969 8138 18804
23739 1922 29574
29574 1922 23739
1922 23739 29574
9665 7798 19744
7798 9665 19744
19744 7798 9665
24098 5270 24691
5270 24098 24691
24691 5270 24098
14221 817 22312
22312 817 14221
817 14221 22312
24620 12331 21520
12331 21520 24620
21520 12331 24620
4098 63 23892
63 4098 23892
23892 63 4098
11133 14014 15913
14014 11133 15913
15913 11133 14014
26204 2740 14991
14991 2740 26204
2740 14991 26204
4517 1476 14936
1476 4517 14936
14936 1476 4517
24494 10937 28172
10937 24494 28172
28172 10937 24494
6399 512 26771
512 6399 26771
26771 512 6399
10289 7967 11761
11761 7967 10289
7967 10289 11761
23979 2624 19356
2624 19356 23979
19356 2624 23979
2825 3441 28833
3441 2825 28833
28833 2825 3441
1037 7946 14893
14893 1037 7946
7946 1037 14893
6923 13982 16599
16599 6923 13982
13982 6923 16599
21365 22456 26011
22456 21365 26011
26011 21365 22456
16055 20161 28918
28918 16055 20161
20161 16055 28918
4622 625 18995
625 4622 18995
18995 625 4622
1689 8081 10726
10726 1689 8081
8081 1689 10726
19121 17634 25260
17634 19121 25260
25260 17634 19121
24785 331 13603
331 13603 24785
13603 331 24785
8921 6245 20958
6245 8921 20958
20958 6245 8921
15691 1347 29473
29473 1347 15691
1347 15691 29473
11447 8489 14118
14118 8489 11447
8489 11447 14118
27900 1040 18832
1040 18832 27900
18832 1040 27900
6707 22116 28275
28275 6707 22116
22116 6707 28275
13153 17650 27799
17650 13153 27799
27799 13153 17650
17031 3839 14213
14213 3839 17031
3839 14213 17031
12595 4703 26364
4703 12595 26364
26364 4703 12595
7183 6436 14442
6436 7183 14442
14442 6436 7183
27918 13524 14964
14964 13524 27918
13524 14964 27918
21585 2334 22072
2334 21585 22072
22072 2334 21585
5053 14659 28708
28708 5053 14659
14659 5053 28708
25799 869 15775
15775 869 25799
869 15775 25799
9441 5523 21602
5523 9441 21602
21602 5523 9441
9906 3241 15268
3241 9906 15268
15268 3241 9906
7913 5128 12633
5128 7913 12633
12633 5128 7913
16643 17047 25949
25949 16643 17047
17047 16643 25949
28609 494 6296
6296 494 28609
494 6296 28609
4464 15206 24645
15206 4464 24645
24645 4464 15206
2468 11799 26536
11799 2468 26536
26536 2468 11799
4722 753 23100
753 4722 23100
23100 753 4722
24251 521 25804
25804 521 24251
521 24251 25804
17378 6373 13557
13557 6373 17378
6373 13557 17378
21535 1279 21257
1279 21257 21535
21257 1279 21535
28776 8216 21857
21857 8216 28776
8216 21857 28776
14109 20049 21935
21935 14109 20049
20049 14109 21935
7467 2587 27994
2587 7467 27994
27994 2587 7467
126 1990 6845
6845 126 1990
1990 126 6845
6951 3525 4728
3525 4728 6951
4728 3525 6951
16179 7602 12044
7602 12044 16179
12044 7602 16179
2378 15056 23309
15056 2378 23309
23309 2378 15056
23924 3494 14198
3494 14198 23924
14198 3494 23924
13670 611 3499
3499 611 13670
611 3499 13670
20668 17383 25012
17383 20668 25012
25012 17383 20668
7805 11856 25070
11856 7805 25070
25070 7805 11856
20097 397 3592
397 3592 20097
3592 397 20097
10111 19176 29521
19176 10111 29521
29521 10111 19176
18642 3062 9312
3062 9312 18642
9312 3062 18642
23391 75 12402
75 12402 23391
12402 75 23391
23170 18088 18381
18088 18381 23170
18381 18088 23170
17555 23 13925
13925 23 17555
23 13925 17555
27877 662 9155
662 9155 27877
9155 662 27877
17518 2501 10847
10847 2501 17518
2501 10847 17518
6606 16716 20074
16716 6606 20074
20074 6606 16716
9710 6280 17753
17753 6280 9710
6280 9710 17753
12960 7797 24682
24682 7797 12960
7797 12960 24682
17336 4715 14908
14908 4715 17336
4715 14908 17336
20249 14120 28831
28831 14120 20249
14120 20249 28831
15945 899 12561
12561 899 15945
899 12561 15945
5683 1669 6788
1669 5683 6788
6788 1669 5683
20407 20339 27613
27613 20339 20407
20339 20407 27613
24750 8611 13949
8611 13949 24750
13949 8611 24750
23048 15447 28227
15447 23048 28227
28227 15447 23048
12095 487 22884
22884 487 12095
487 12095 22884
11298 13954 25918
13954 11298 25918
25918 11298 13954
13113 4329 15398
15398 4329 13113
4329 13113 15398
1219 9148 15680
9148 1219 15680
15680 1219 9148
25515 12081 15635
15635 12081 25515
12081 15635 25515
18781 24612 26079
26079 18781 24612
24612 18781 26079
29191 2343 21882
21882 2343 29191
2343 21882 29191
25713 13652 28954
28954 13652 25713
13652 25713 28954
23572 33 24324
24324 33 23572
33 23572 24324
15988 17247 25861
17247 15988 25861
25861 15988 17247
19320 8817 15820
15820 8817 19320
8817 15820 19320
516 16724 23005
16724 516 23005
23005 516 16724
28503 1284 26443
26443 1284 28503
1284 26443 28503
26052 4518 25317
4518 25317 26052
25317 4518 26052
19280 13034 28753
13034 19280 28753
28753 13034 19280
2208 6397 25967
6397 2208 25967
25967 2208 6397
1465 23434 24663
24663 1465 23434
23434 1465 24663
11344 1223 13596
1223 11344 13596
13596 1223 11344
11620 7185 11939
7185 11620 11939
11939 7185 11620
7372 14776 29080
14776 7372 29080
29080 7372 14776
4657 9532 15636
15636 4657 9532
9532 4657 15636
11798 5100 29868
5100 11798 29868
29868 5100 11798
19803 19178 24531
19178 19803 24531
24531 19178 19803
7607 25318 29770
25318 7607 29770
29770 7607 25318
13029 14401 17624
17624 13029 14401
14401 13029 17624
4563 4581 13565
13565 4563 4581
4581 4563 13565
3049 6737 20843
6737 3049 20843
20843 3049 6737
27626 17512 17687
17512 17687 27626
17687 17512 27626
3326 8093 15399
15399 3326 8093
8093 3326 15399
18202 2309 3801
2309 3801 18202
3801 2309 18202
29221 10893 18740
10893 18740 29221
18740 10893 29221
22955 21413 28204
28204 21413 22955
21413 22955 28204
19720 9976 15432
9976 15432 19720
15432 9976 19720
18221 7239 21322
21322 7239 18221
7239 18221 21322
13015 5954 20667
20667 5954 13015
5954 13015 20667
18168 4548 9097
9097 4548 18168
4548 9097 18168
5601 20042 22949
22949 5601 20042
20042 5601 22949
19917 18590 26687
26687 18590 19917
18590 19917 26687
9656 9056 10451
10451 9056 9656
9056 9656 10451
12744 585 19768
585 12744 19768
19768 585 12744
20077 8623 12208
12208 8623 20077
8623 12208 20077
14837 15177 17752
17752 14837 15177
15177 14837 17752
28007 4115 13961
13961 4115 28007
4115 13961 28007
9565 10375 24561
24561 9565 10375
10375 9565 24561
5039 12496 21842
21842 5039 12496
12496 5039 21842
28305 845 13326
845 13326 28305
13326 845 28305
10714 12352 29851
12352 10714 29851
29851 10714 12352
2990 23506 27315
23506 2990 27315
27315 2990 23506
18233 5067 14852
5067 14852 18233
14852 5067 18233
18923 5704 23860
5704 18923 23860
23860 5704 18923
13550 3205 3598
3205 3598 13550
3598 3205 13550
11091 5993 10159
10159 5993 11091
5993 10159 11091
7973 12593 16366
16366 7973 12593
12593 7973 16366
8569 2196 23771
2196 8569 23771
23771 2196 8569
2366 4084 4536
4084 2366 4536
4536 2366 4084
15889 871 22905
22905 871 15889
871 15889 22905
12178 9105 11231
9105 11231 12178
11231 9105 12178
29788 9901 26953
9901 26953 29788
26953 9901 29788
23944 11509 22937
11509 22937 23944
22937 11509 23944
5164 3358 11881
11881 3358 5164
3358 5164 11881
28332 4596 20071
20071 4596 28332
4596 20071 28332
4222 10109 10448
10448 4222 10109
10109 4222 10448
12351 9252 14862
9252 12351 14862
14862 9252 12351
16192 8278 23986
23986 8278 16192
8278 16192 23986
14183 20868 24510
24510 14183 20868
20868 14183 24510
9882 19634 20834
20834 9882 19634
19634 9882 20834
17428 17430 19635
17430 17428 19635
19635 17428 17430
18882 105 8932
8932 105 18882
105 8932 18882
28774 587 28167
587 28167 28774
28167 587 28774
17904 22062 23198
23198 17904 22062
22062 17904 23198
19197 11853 17388
11853 17388 19197
17388 11853 19197
446 13836 24038
24038 446 13836
13836 446 24038
21659 10655 18440
10655 18440 21659
18440 10655 21659
8925 2943 12290
2943 8925 12290
12290 2943 8925
3493 6532 22926
6532 3493 22926
22926 3493 6532
7220 5705 15644
15644 5705 7220
5705 7220 15644
21944 1048 1542
1048 1542 21944
1542 1048 21944
2791 5459 14888
5459 2791 14888
14888 2791 5459
14984 2421 6260
2421 6260 14984
6260 2421 14984
22495 380 2458
380 2458 22495
2458 380 22495
10848 284 12513
284 10848 12513
12513 284 10848
28022 3303 11527
11527 3303 28022
3303 11527 28022
19671 6980 28255
6980 19671 28255
28255 6980 19671
16904 20806 29571
20806 16904 29571
29571 16904 20806
1345 16495 28958
16495 1345 28958
28958 1345 16495
22750 23426 26023
26023 22750 23426
23426 22750 26023
4674 3509 22270
22270 3509 4674
3509 4674 22270
11175 2440 21781
21781 2440 11175
2440 11175 21781
3675 6113 29177
29177 3675 6113
6113 3675 29177
21316 8300 25717
25717 8300 21316
8300 21316 25717
4332 1442 3960
3960 1442 4332
1442 3960 4332
24275 16212 28835
16212 24275 28835
28835 16212 24275
27643 26394 28137
26394 27643 28137
28137 26394 27643
10488 10323 22008
10323 10488 22008
22008 10323 10488
9110 21548 27429
21548 9110 27429
27429 9110 21548
19698 1710 12175
1710 12175 19698
12175 1710 19698
18448 21229 23252
23252 18448 21229
21229 18448 23252
4372 5460 7008
5460 4372 7008
7008 4372 5460
11488 7765 7814
7814 7765 11488
7765 7814 11488
6449 22911 25437
22911 6449 25437
25437 6449 22911
3234 1128 9017
9017 1128 3234
1128 3234 9017
23347 8913 27858
27858 8913 23347
8913 23347 27858
16275 14731 25997
14731 16275 25997
25997 14731 16275
29117 2517 20263
2517 20263 29117
20263 2517 29117
19531 13868 28251
13868 19531 28251
28251 13868 19531
21063 1762 29927
29927 1762 21063
1762 21063 29927
16020 9044 10842
9044 10842 16020
10842 9044 16020
21651 7131 20034
20034 7131 21651
7131 20034 21651
16309 10740 19426
10740 16309 19426
19426 10740 16309
16844 5423 22605
22605 5423 16844
5423 16844 22605
4103 2604 18427
2604 4103 18427
