281 152 200
152 200 281
200 152 281
239 177 236
177 236 239
236 177 239
246 37 136
136 37 246
37 136 246
77 8 98
98 8 77
8 77 98
178 62 84
62 84 178
84 62 178
269 24 91
91 24 269
24 91 269
289 58 227
227 58 289
58 227 289
197 108 114
114 108 197
108 114 197
127 242 293
293 127 242
242 127 293
257 105 209
209 105 257
105 209 257
291 160 190
190 160 291
160 190 291
262 73 155
155 73 262
73 155 262
222 234 253
253 222 234
234 222 253
256 111 232
232 111 256
111 232 256
247 185 248
248 185 247
185 247 248
89 180 218
180 89 218
218 89 180
83 90 213
213 83 90
90 83 213
6 50 53
50 6 53
53 6 50
26 74 182
74 26 182
182 26 74
250 9 202
202 9 250
9 202 250
221 165 266
266 165 221
165 221 266
78 119 300
119 78 300
300 78 119
176 217 272
272 176 217
217 176 272
46 106 162
106 46 162
162 46 106
121 22 82
82 22 121
22 82 121
112 220 255
220 112 255
255 112 220
38 34 181
34 38 181
181 34 38
186 228 275
228 186 275
275 186 228
285 251 276
276 251 285
251 276 285
254 30 290
30 254 290
290 30 254
31 2 274
274 2 31
2 31 274
146 27 201
201 27 146
27 146 201
59 184 192
184 59 192
192 59 184
211 79 163
163 79 211
79 163 211
286 231 295
295 231 286
231 286 295
277 56 273
56 273 277
273 56 277
166 68 154
154 68 166
68 154 166
17 133 278
133 17 278
278 17 133
118 224 261
261 118 224
224 118 261
35 21 36
36 21 35
21 35 36
65 125 151
151 65 125
125 65 151
258 15 52
52 15 258
15 52 258
44 168 225
225 44 168
168 44 225
72 109 283
283 72 109
109 72 283
137 55 205
205 55 137
55 137 205
94 142 271
271 94 142
142 94 271
124 76 158
158 76 124
76 124 158
215 140 230
230 140 215
140 215 230
296 141 172
172 141 296
141 172 296
191 4 16
4 16 191
16 4 191
233 69 143
143 69 233
69 143 233
11 107 110
110 11 107
107 11 110
214 92 188
188 92 214
92 188 214
135 13 87
87 13 135
13 87 135
175 32 219
32 175 219
219 32 175
117 150 171
150 117 171
171 117 150
14 134 198
198 14 134
134 14 198
88 97 223
223 88 97
97 88 223
183 144 195
195 144 183
144 183 195
153 41 129
129 41 153
41 129 153
102 43 189
189 43 102
43 102 189
33 100 294
294 33 100
100 33 294
210 101 120
101 120 210
120 101 210
28 161 280
161 28 280
280 28 161
80 131 298
131 80 298
298 80 131
282 147 203
147 203 282
203 147 282
288 149 245
245 149 288
149 245 288
132 18 196
18 132 196
196 18 132
284 39 45
45 39 284
39 45 284
259 169 263
169 259 263
263 169 259
156 264 270
264 156 270
270 156 264
216 57 99
99 57 216
57 99 216
49 229 235
229 49 235
235 49 229
5 10 63
63 5 10
10 5 63
20 96 157
96 20 157
157 20 96
130 61 123
61 123 130
123 61 130
194 48 75
75 48 194
48 75 194
116 40 240
40 116 240
240 40 116
299 54 297
297 54 299
54 297 299
51 138 243
243 51 138
138 51 243
81 93 139
139 81 93
93 81 139
164 122 179
122 164 179
179 122 164
148 193 265
265 148 193
193 148 265
12 212 252
252 12 212
212 12 252
3 170 249
249 3 170
170 3 249
64 86 128
128 64 86
86 64 128
103 66 260
260 66 103
66 103 260
95 126 267
126 95 267
267 95 126
42 7 47
47 7 42
7 42 47
268 113 238
238 113 268
113 238 268
292 207 287
207 287 292
287 207 292
204 19 174
19 174 204
174 19 204
104 70 173
70 104 173
173 70 104
206 60 279
279 60 206
60 206 279
145 159 241
241 145 159
159 145 241
71 29 85
85 29 71
29 71 85
199 167 237
237 167 199
167 199 237
208 67 115
67 115 208
115 67 208
1 187 226
187 1 226
226 1 187
25 23 244
23 25 244
244 23 25
