179 30 206
30 179 206
206 30 179
102 8 167
167 8 102
8 102 167
5 181 240
240 5 181
181 5 240
216 2 105
2 105 216
105 2 216
287 212 294
294 212 287
212 287 294
265 59 289
59 265 289
289 59 265
115 35 193
35 115 193
193 35 115
48 60 73
60 48 73
73 48 60
120 56 146
56 120 146
146 56 120
40 53 75
53 40 75
75 40 53
130 147 174
174 130 147
147 130 174
119 3 171
171 3 119
3 119 171
217 34 300
300 34 217
34 217 300
221 184 211
211 184 221
184 211 221
57 43 136
136 43 57
43 57 136
31 164 277
277 31 164
164 31 277
139 128 254
254 128 139
128 139 254
274 19 182
182 19 274
19 182 274
210 84 87
87 84 210
84 87 210
113 32 270
32 113 270
270 32 113
42 93 100
93 42 100
100 42 93
229 198 293
293 198 229
198 229 293
141 39 116
116 39 141
39 116 141
196 172 253
253 172 196
172 196 253
268 76 241
241 76 268
76 241 268
28 79 234
79 28 234
234 28 79
81 223 251
223 81 251
251 81 223
67 131 165
165 67 131
131 67 165
52 13 95
95 13 52
13 52 95
194 1 54
1 54 194
54 1 194
109 156 192
156 109 192
192 109 156
104 134 145
134 104 145
145 104 134
162 220 262
262 162 220
220 162 262
283 55 74
55 74 283
74 55 283
80 163 205
205 80 163
163 80 205
138 237 280
280 138 237
237 138 280
69 276 288
288 69 276
276 69 288
49 9 91
9 49 91
91 9 49
82 6 17
6 17 82
17 6 82
135 258 266
266 135 258
258 135 266
22 77 249
77 22 249
249 22 77
195 45 230
45 195 230
230 45 195
96 107 244
244 96 107
107 96 244
124 89 298
89 124 298
298 89 124
267 224 290
224 267 290
290 224 267
219 126 257
126 219 257
257 126 219
26 10 51
51 10 26
10 26 51
25 94 103
94 25 103
103 25 94
108 144 161
144 108 161
161 108 144
148 29 291
29 148 291
291 29 148
185 159 235
235 159 185
159 185 235
209 199 246
246 199 209
199 209 246
286 118 188
188 118 286
118 188 286
71 58 248
58 71 248
248 58 71
297 98 191
191 98 297
98 191 297
247 202 239
202 239 247
239 202 247
133 189 263
263 133 189
189 133 263
228 92 190
190 92 228
92 190 228
41 15 157
157 15 41
15 41 157
155 65 214
214 65 155
65 155 214
111 169 299
169 111 299
299 111 169
66 4 127
4 66 127
127 4 66
21 233 282
282 21 233
233 21 282
252 62 260
260 62 252
62 252 260
200 180 269
269 180 200
180 200 269
68 160 226
160 68 226
226 68 160
140 122 227
227 122 140
122 140 227
142 203 284
203 142 284
284 142 203
158 137 207
207 137 158
137 158 207
129 61 187
187 61 129
61 129 187
243 112 149
149 112 243
112 149 243
166 123 273
123 166 273
273 123 166
231 70 110
70 110 231
110 70 231
292 37 271
37 271 292
271 37 292
201 86 168
168 86 201
86 168 201
23 132 295
295 23 132
132 23 295
16 14 24
14 16 24
24 14 16
238 153 232
153 232 238
232 153 238
285 222 245
245 222 285
222 245 285
151 85 255
255 85 151
85 151 255
259 213 281
281 213 259
213 259 281
275 27 64
64 27 275
27 64 275
186 175 225
225 175 186
175 186 225
38 215 218
218 38 215
215 38 218
264 125 296
125 264 296
296 125 264
83 46 272
272 46 83
46 83 272
18 78 261
261 18 78
78 18 261
178 106 117
106 117 178
117 106 178
197 170 278
170 197 278
278 170 197
72 12 183
183 12 72
12 72 183
88 36 47
36 47 88
47 36 88
101 33 99
99 33 101
33 99 101
256 143 173
173 143 256
143 173 256
242 7 250
250 7 242
7 242 250
50 154 204
204 50 154
154 50 204
176 44 236
44 176 236
236 44 176
279 90 97
90 97 279
97 90 279
20 150 208
150 20 208
208 20 150
114 152 177
152 114 177
177 114 152
121 11 63
63 11 121
11 63 121
