2351 9192 14980
14980 2351 9192
9192 2351 14980
27871 14376 28533
28533 14376 27871
14376 27871 28533
4889 2726 20101
20101 2726 4889
2726 4889 20101
988 1487 26235
1487 988 26235
26235 988 1487
6117 1868 29230
1868 6117 29230
29230 1868 6117
16624 872 28658
872 16624 28658
28658 872 16624
20544 6036 29133
6036 20544 29133
29133 6036 20544
12018 818 10911
818 10911 12018
10911 818 12018
18131 14326 24118
14326 18131 24118
24118 14326 18131
27668 12157 29254
12157 27668 29254
29254 12157 27668
14063 16725 27808
27808 14063 16725
16725 14063 27808
28181 5427 9851
9851 5427 28181
5427 9851 28181
15347 6045 21452
6045 15347 21452
21452 6045 15347
28249 6796 21465
21465 6796 28249
6796 21465 28249
978 11297 29013
29013 978 11297
11297 978 29013
22628 8097 29047
8097 22628 29047
29047 8097 22628
2467 7447 24345
24345 2467 7447
7447 2467 24345
12309 23942 27607
27607 12309 23942
23942 12309 27607
11898 14599 24639
14599 11898 24639
24639 11898 14599
24970 6914 24212
6914 24212 24970
24212 6914 24970
6798 7235 20346
7235 6798 20346
20346 6798 7235
1752 8354 13192
8354 1752 13192
13192 1752 8354
11285 3450 18311
3450 11285 18311
18311 3450 11285
6417 4364 16876
4364 6417 16876
16876 4364 6417
10323 20339 22671
20339 10323 22671
22671 10323 20339
5885 19560 19856
19560 5885 19856
19856 5885 19560
11200 2044 9223
9223 2044 11200
2044 9223 11200
5121 5349 9730
9730 5121 5349
5349 5121 9730
24461 1947 8389
8389 1947 24461
1947 8389 24461
11772 14766 23098
14766 11772 23098
23098 11772 14766
18454 4309 20739
20739 4309 18454
4309 18454 20739
2117 1496 21349
21349 1496 2117
1496 2117 21349
1536 18332 24023
24023 1536 18332
18332 1536 24023
24996 10778 10849
10778 10849 24996
10849 10778 24996
10004 15535 27779
27779 10004 15535
15535 10004 27779
15772 227 24495
227 15772 24495
24495 227 15772
26119 995 17939
17939 995 26119
995 17939 26119
2168 7764 24769
7764 2168 24769
24769 2168 7764
13830 7958 20206
20206 7958 13830
7958 13830 20206
16571 13018 15927
15927 13018 16571
13018 15927 16571
4787 27757 29848
29848 4787 27757
27757 4787 29848
9809 10520 16001
10520 9809 16001
16001 9809 10520
27507 10459 15266
10459 15266 27507
15266 10459 27507
24132 19290 22292
22292 19290 24132
19290 22292 24132
5356 2611 15143
2611 5356 15143
15143 2611 5356
12598 2140 9011
9011 2140 12598
2140 9011 12598
26274 5801 16192
16192 5801 26274
5801 16192 26274
6149 13678 25174
25174 6149 13678
13678 6149 25174
21105 26560 29967
26560 21105 29967
29967 21105 26560
20469 997 19649
997 19649 20469
19649 997 20469
2736 4483 12206
12206 2736 4483
4483 2736 12206
25877 2570 22259
2570 22259 25877
22259 2570 25877
15422 22966 25449
22966 15422 25449
25449 15422 22966
15470 4937 16269
16269 4937 15470
4937 15470 16269
20953 18684 24399
18684 20953 24399
24399 18684 20953
17792 31 24123
24123 31 17792
31 17792 24123
15208 2247 26469
26469 2247 15208
2247 15208 26469
2302 120 26872
120 2302 26872
26872 120 2302
26404 6600 7526
7526 6600 26404
6600 7526 26404
28923 18285 28104
18285 28104 28923
28104 18285 28923
18237 2708 3725
2708 3725 18237
3725 2708 18237
21602 4583 28209
4583 21602 28209
28209 4583 21602
6567 9110 26018
9110 6567 26018
26018 6567 9110
16201 16517 20333
16517 16201 20333
20333 16201 16517
21668 2655 26603
26603 2655 21668
2655 21668 26603
2719 2852 25659
25659 2719 2852
2852 2719 25659
13131 19940 22983
19940 13131 22983
22983 13131 19940
1126 14422 24645
14422 1126 24645
24645 1126 14422
4741 15194 20281
15194 4741 20281
20281 4741 15194
11098 12222 14658
14658 11098 12222
12222 11098 14658
27982 4228 12167
4228 12167 27982
12167 4228 27982
16795 5451 5635
5451 5635 16795
5635 5451 16795
21571 6035 18970
18970 6035 21571
6035 18970 21571
23961 107 517
107 517 23961
517 107 23961
12092 4243 18854
18854 4243 12092
4243 12092 18854
10388 12555 28979
28979 10388 12555
12555 10388 28979
19981 808 14707
14707 808 19981
808 14707 19981
6496 13615 15092
13615 6496 15092
15092 6496 13615
485 16602 22931
22931 485 16602
16602 485 22931
4488 3207 13735
3207 4488 13735
13735 3207 4488
5015 8717 18869
8717 5015 18869
18869 5015 8717
2808 7437 21329
21329 2808 7437
7437 2808 21329
17525 19648 24384
19648 17525 24384
24384 17525 19648
6302 16581 28184
28184 6302 16581
16581 6302 28184
28064 20198 24574
20198 24574 28064
24574 20198 28064
13559 1372 26685
26685 1372 13559
1372 13559 26685
11615 5819 25665
5819 11615 25665
25665 5819 11615
2109 19512 24287
24287 2109 19512
19512 2109 24287
17592 13496 15530
13496 15530 17592
15530 13496 17592
12972 1470 13897
1470 12972 13897
13897 1470 12972
8529 14833 28233
14833 8529 28233
28233 8529 14833
25535 12325 15679
15679 12325 25535
12325 15679 25535
17635 19408 24174
24174 17635 19408
19408 17635 24174
27738 12377 22299
22299 12377 27738
12377 22299 27738
23634 14857 26835
26835 14857 23634
14857 23634 26835
22183 643 26662
643 22183 26662
26662 643 22183
15424 13032 24257
13032 15424 24257
24257 13032 15424
372 12940 19007
12940 372 19007
19007 372 12940
27983 6977 13620
13620 6977 27983
6977 13620 27983
12539 16805 27559
16805 12539 27559
27559 12539 16805
23505 10749 15343
10749 15343 23505
15343 10749 23505
11654 20898 25528
25528 11654 20898
20898 11654 25528
11165 3751 26048
3751 11165 26048
26048 3751 11165
2729 5544 14066
14066 2729 5544
5544 2729 14066
26946 16154 25083
16154 25083 26946
25083 16154 26946
15658 9175 27896
9175 15658 27896
27896 9175 15658
16344 2291 7184
7184 2291 16344
2291 7184 16344
20577 9904 20117
20117 9904 20577
9904 20117 20577
8989 1583 25368
25368 1583 8989
1583 8989 25368
209 17010 20720
17010 209 20720
20720 209 17010
26298 6489 24089
6489 24089 26298
24089 6489 26298
27052 5291 10055
10055 5291 27052
5291 10055 27052
4443 11193 26410
11193 4443 26410
26410 4443 11193
9794 15835 16215
16215 9794 15835
15835 9794 16215
21159 4369 12214
12214 4369 21159
4369 12214 21159
4596 4581 4690
4581 4596 4690
4690 4581 4596
21041 3760 21338
3760 21041 21338
21338 3760 21041
6588 8262 27099
8262 6588 27099
27099 6588 8262
23528 4352 21647
21647 4352 23528
4352 21647 23528
18272 9212 21713
21713 9212 18272
9212 18272 21713
13597 7674 19632
7674 13597 19632
19632 7674 13597
23417 12918 16040
12918 16040 23417
16040 12918 23417
2475 20925 21268
21268 2475 20925
20925 2475 21268
22706 680 1086
1086 680 22706
680 1086 22706
8973 15561 22828
22828 8973 15561
15561 8973 22828
20065 5759 8907
5759 8907 20065
8907 5759 20065
3942 22436 22990
22990 3942 22436
22436 3942 22990
18694 3647 24043
24043 3647 18694
3647 18694 24043
7962 21882 26294
26294 7962 21882
21882 7962 26294
3525 8877 13488
13488 3525 8877
8877 3525 13488
14682 19797 25304
25304 14682 19797
19797 14682 25304
29358 14276 21511
21511 14276 29358
14276 21511 29358
18824 3252 25627
3252 18824 25627
25627 3252 18824
3618 1264 25638
25638 1264 3618
1264 3618 25638
3454 826 7022
826 3454 7022
7022 826 3454
11454 6779 9165
9165 6779 11454
6779 9165 11454
5582 29199 29630
29199 5582 29630
29630 5582 29199
14436 3845 21613
3845 14436 21613
21613 3845 14436
20391 16014 21828
21828 16014 20391
16014 20391 21828
7833 6868 25496
6868 7833 25496
25496 6868 7833
22889 10126 15905
15905 10126 22889
10126 15905 22889
7 12654 13811
12654 7 13811
13811 7 12654
18540 7281 11479
7281 11479 18540
11479 7281 18540
28063 16426 16442
16442 16426 28063
16426 16442 28063
21963 18130 28728
28728 18130 21963
18130 21963 28728
8122 946 5017
946 5017 8122
5017 946 8122
10736 18212 22428
22428 10736 18212
18212 10736 22428
26515 2937 25131
25131 2937 26515
2937 25131 26515
7793 1270 26313
1270 7793 26313
26313 1270 7793
18746 1461 23722
1461 18746 23722
23722 1461 18746
29985 20918 28783
20918 28783 29985
28783 20918 29985
4856 6450 28534
6450 4856 28534
28534 4856 6450
17667 20529 28846
28846 17667 20529
20529 17667 28846
14038 17894 26146
17894 14038 26146
26146 14038 17894
24332 11133 19565
19565 11133 24332
11133 19565 24332
27498 10804 26661
26661 10804 27498
10804 26661 27498
15302 22351 25525
25525 15302 22351
22351 15302 25525
23491 4136 15292
4136 15292 23491
15292 4136 23491
23142 23238 25118
23238 23142 25118
25118 23142 23238
9684 4227 17125
17125 4227 9684
4227 9684 17125
1812 5185 8964
5185 1812 8964
8964 1812 5185
18352 8848 27321
27321 8848 18352
8848 18352 27321
15217 6198 19417
6198 15217 19417
19417 6198 15217
9873 26265 29314
29314 9873 26265
26265 9873 29314
14394 10127 12529
10127 12529 14394
12529 10127 14394
14007 13750 18574
18574 13750 14007
13750 14007 18574
4840 13206 23818
23818 4840 13206
13206 4840 23818
13898 25069 28166
28166 13898 25069
25069 13898 28166
13098 21196 22320
22320 13098 21196
21196 13098 22320
13486 16302 18416
16302 13486 18416
18416 13486 16302
15708 5931 27894
5931 15708 27894
27894 5931 15708
27193 1015 1549
1549 1015 27193
1015 1549 27193
2953 5366 16100
16100 2953 5366
5366 2953 16100
6632 6133 17521
17521 6133 6632
6133 6632 17521
27478 11290 16501
16501 11290 27478
11290 16501 27478
21604 16386 18738
16386 18738 21604
18738 16386 21604
13394 3018 12227
12227 3018 13394
3018 12227 13394
19009 23959 24887
23959 19009 24887
24887 19009 23959
23532 1665 25579
25579 1665 23532
1665 23532 25579
10838 13216 29768
13216 10838 29768
29768 10838 13216
25335 12019 23519
23519 12019 25335
12019 23519 25335
20989 856 25757
856 20989 25757
25757 856 20989
13540 1673 20951
1673 13540 20951
20951 1673 13540
12566 9594 17704
9594 12566 17704
17704 9594 12566
20839 7932 9846
9846 7932 20839
7932 9846 20839
22275 18990 21165
21165 18990 22275
18990 21165 22275
16896 3267 19158
19158 3267 16896
3267 16896 19158
12296 3559 29951
3559 12296 29951
29951 3559 12296
537 20462 22870
22870 537 20462
20462 537 22870
20866 11456 16576
16576 11456 20866
11456 16576 20866
25012 6402 11525
11525 6402 25012
6402 11525 25012
8331 2607 5541
5541 2607 8331
2607 5541 8331
18449 28171 29709
28171 18449 29709
29709 18449 28171
29701 3974 10232
3974 10232 29701
10232 3974 29701
11337 20310 23699
20310 11337 23699
23699 11337 20310
21279 5645 29043
5645 21279 29043
29043 5645 21279
5330 12506 21682
12506 5330 21682
21682 5330 12506
28751 21074 23296
21074 23296 28751
23296 21074 28751
11795 1968 25337
25337 1968 11795
1968 11795 25337
15721 2060 28818
28818 2060 15721
2060 15721 28818
7546 19134 26105
19134 7546 26105
26105 7546 19134
7482 4199 10980
4199 7482 10980
10980 4199 7482
7512 11326 20078
20078 7512 11326
11326 7512 20078
25400 7821 28242
7821 25400 28242
28242 7821 25400
3839 5389 16159
5389 3839 16159
16159 3839 5389
14576 3351 17341
17341 3351 14576
3351 14576 17341
21736 5849 25600
5849 21736 25600
25600 5849 21736
3686 21861 29421
29421 3686 21861
21861 3686 29421
16242 1611 6403
1611 6403 16242
6403 1611 16242
8298 768 25178
768 8298 25178
25178 768 8298
19325 9611 19152
19152 9611 19325
9611 19152 19325
24723 9368 18491
9368 18491 24723
18491 9368 24723
1796 17487 26994
17487 1796 26994
26994 1796 17487
25195 10452 29602
10452 25195 29602
29602 10452 25195
21210 18663 23096
23096 18663 21210
18663 21210 23096
26808 478 24114
478 24114 26808
24114 478 26808
20121 20174 26462
26462 20121 20174
20174 20121 26462
24600 14432 21740
21740 14432 24600
14432 21740 24600
5647 4964 13141
13141 4964 5647
4964 5647 13141
15987 3215 8834
3215 8834 15987
8834 3215 15987
7460 902 25837
25837 902 7460
902 7460 25837
28238 8623 11251
8623 11251 28238
11251 8623 28238
28051 8352 21229
21229 8352 28051
8352 21229 28051
1406 19860 25909
19860 1406 25909
25909 1406 19860
13086 5428 18004
5428 13086 18004
18004 5428 13086
9507 17749 20326
17749 9507 20326
20326 9507 17749
18395 15528 21139
15528 18395 21139
21139 15528 18395
3347 598 13894
13894 598 3347
598 3347 13894
25750 9804 29479
29479 9804 25750
9804 25750 29479
2177 933 6908
933 2177 6908
6908 933 2177
16247 4548 28105
28105 4548 16247
4548 16247 28105
25057 7207 23991
7207 23991 25057
23991 7207 25057
2778 1371 5267
1371 2778 5267
5267 1371 2778
3796 4456 9465
9465 3796 4456
4456 3796 9465
28949 11484 21942
11484 21942 28949
21942 11484 28949
27477 513 4042
513 4042 27477
4042 513 27477
11172 12008 12996
12008 11172 12996
12996 11172 12008
26729 21263 26242
21263 26242 26729
26242 21263 26729
2084 2434 4546
4546 2084 2434
2434 2084 4546
19656 12406 27755
27755 12406 19656
12406 19656 27755
28930 15660 19718
15660 19718 28930
19718 15660 28930
1051 20465 29953
29953 1051 20465
20465 1051 29953
26382 13762 14823
13762 14823 26382
14823 13762 26382
8189 1164 25111
1164 8189 25111
25111 1164 8189
1527 3175 23781
3175 1527 23781
23781 1527 3175
15277 7185 21495
7185 15277 21495
21495 7185 15277
7711 3448 29419
3448 7711 29419
29419 3448 7711
26459 7788 24022
7788 24022 26459
24022 7788 26459
10560 15849 17526
17526 10560 15849
15849 10560 17526
23143 20596 22916
22916 20596 23143
20596 22916 23143
6493 13851 15684
13851 6493 15684
15684 6493 13851
22483 405 7787
405 7787 22483
7787 405 22483
4881 8766 10554
10554 4881 8766
8766 4881 10554
17156 3707 8934
3707 8934 17156
8934 3707 17156
18613 932 11916
932 11916 18613
11916 932 18613
10620 1625 14170
1625 10620 14170
14170 1625 10620
19869 23587 29138
29138 19869 23587
23587 19869 29138
6208 3219 16331
3219 6208 16331
16331 3219 6208
3457 19257 23274
19257 3457 23274
23274 3457 19257
20442 9350 15117
15117 9350 20442
9350 15117 20442
169 12970 15961
12970 169 15961
15961 169 12970
7092 4943 20428
20428 4943 7092
4943 7092 20428
10941 3452 14116
14116 3452 10941
3452 10941 14116
14638 591 28106
28106 591 14638
591 14638 28106
1103 20817 23720
20817 1103 23720
23720 1103 20817
27960 22042 27465
27465 22042 27960
22042 27465 27960
29792 9737 22723
9737 22723 29792
22723 9737 29792
6531 19362 19945
19945 6531 19362
19362 6531 19945
3461 10274 26080
26080 3461 10274
10274 3461 26080
26824 4633 14031
14031 4633 26824
4633 14031 26824
7476 10702 20334
10702 7476 20334
20334 7476 10702
1031 11990 14414
14414 1031 11990
11990 1031 14414
25866 2399 23577
2399 23577 25866
23577 2399 25866
27838 4130 7169
7169 4130 27838
4130 7169 27838
18091 21989 22235
21989 18091 22235
22235 18091 21989
18745 7378 11626
7378 11626 18745
11626 7378 18745
14140 8800 27863
27863 8800 14140
8800 14140 27863
892 5041 17905
5041 892 17905
17905 892 5041
25487 4842 6452
6452 4842 25487
4842 6452 25487
20448 11403 17824
17824 11403 20448
11403 17824 20448
6115 12183 12184
12184 6115 12183
12183 6115 12184
25443 11851 20681
11851 20681 25443
20681 11851 25443
4018 9319 28144
28144 4018 9319
9319 4018 28144
2357 7273 28680
7273 2357 28680
28680 2357 7273
16418 7243 16495
16495 7243 16418
7243 16418 16495
7138 3342 3742
3342 3742 7138
3742 3342 7138
14208 4043 28132
4043 14208 28132
28132 4043 14208
16424 4768 7534
4768 7534 16424
7534 4768 16424
23640 1903 2529
1903 2529 23640
2529 1903 23640
28632 24831 24853
24853 24831 28632
24831 24853 28632
26519 15843 24349
15843 24349 26519
24349 15843 26519
25207 3568 14640
14640 3568 25207
3568 14640 25207
21872 17804 25545
17804 21872 25545
25545 17804 21872
9972 8837 25956
8837 9972 25956
25956 8837 9972
7205 8312 26583
8312 7205 26583
26583 7205 8312
9469 5396 16908
16908 5396 9469
5396 9469 16908
22093 20035 27874
20035 22093 27874
27874 20035 22093
15637 8286 15133
15133 8286 15637
8286 15133 15637
10576 21002 23681
21002 10576 23681
23681 10576 21002
27287 10714 12582
12582 10714 27287
10714 12582 27287
21582 15015 18403
18403 15015 21582
15015 18403 21582
20753 8390 14048
14048 8390 20753
8390 14048 20753
12354 12723 18135
18135 12354 12723
12723 12354 18135
9609 2374 2664
2374 2664 9609
2664 2374 9609
18445 12103 16999
12103 16999 18445
16999 12103 18445
3326 13721 16819
13721 3326 16819
16819 3326 13721
28667 847 26145
26145 847 28667
847 26145 28667
15773 18109 24974
24974 15773 18109
18109 15773 24974
24985 18074 24664
18074 24664 24985
24664 18074 24985
18365 2298 28546
2298 18365 28546
28546 2298 18365
11177 7939 18005
7939 11177 18005
18005 7939 11177
19241 9854 29294
29294 9854 19241
9854 19241 29294
22909 2078 10481
2078 10481 22909
10481 2078 22909
11794 18575 23843
18575 11794 23843
23843 11794 18575
3375 22795 23919
23919 3375 22795
22795 3375 23919
16130 19406 24487
24487 16130 19406
19406 16130 24487
3562 10743 19594
10743 3562 19594
19594 3562 10743
11131 5547 13746
5547 11131 13746
13746 5547 11131
11638 13682 27716
13682 11638 27716
27716 11638 13682
24705 6209 16179
6209 16179 24705
16179 6209 24705
3967 24620 28019
28019 3967 24620
24620 3967 28019
9694 13183 23880
23880 9694 13183
13183 9694 23880
1760 1542 16378
16378 1542 1760
1542 1760 16378
24484 27454 27827
27454 24484 27827
27827 24484 27454
2142 10293 21043
10293 2142 21043
21043 2142 10293
6719 17043 19389
17043 6719 19389
19389 6719 17043
16432 3288 23424
3288 16432 23424
23424 3288 16432
11816 25345 25986
25986 11816 25345
25345 11816 25986
1992 15228 17139
15228 1992 17139
17139 1992 15228
21935 3868 12710
3868 12710 21935
12710 3868 21935
14552 389 27495
389 14552 27495
27495 389 14552
18583 7823 18456
7823 18456 18583
18456 7823 18583
384 15971 28675
28675 384 15971
15971 384 28675
12928 13906 14053
13906 12928 14053
14053 12928 13906
15093 11842 15352
11842 15093 15352
15352 11842 15093
15711 13083 14337
14337 13083 15711
13083 14337 15711
6102 4968 10739
4968 6102 10739
10739 4968 6102
7495 9947 21926
9947 7495 21926
21926 7495 9947
2774 1915 19415
19415 1915 2774
1915 2774 19415
13458 18807 23637
23637 13458 18807
18807 13458 23637
11647 13637 16404
16404 11647 13637
13637 11647 16404
11207 27338 27376
27376 11207 27338
27338 11207 27376
21932 2577 8698
2577 8698 21932
8698 2577 21932
19351 2693 14264
2693 14264 19351
14264 2693 19351
2881 7797 11848
7797 2881 11848
11848 2881 7797
7389 10910 19120
19120 7389 10910
10910 7389 19120
25800 18602 23614
23614 18602 25800
18602 23614 25800
15314 11390 13168
11390 13168 15314
13168 11390 15314
10240 12744 15252
15252 10240 12744
12744 10240 15252
8398 6883 23007
23007 6883 8398
6883 8398 23007
7266 387 10635
387 7266 10635
10635 387 7266
17522 3493 23231
3493 17522 23231
23231 3493 17522
16205 11355 12286
11355 12286 16205
12286 11355 16205
2235 11929 22793
11929 2235 22793
22793 2235 11929
2296 4002 27372
27372 2296 4002
4002 2296 27372
15589 20781 23684
20781 15589 23684
23684 15589 20781
1356 17351 23468
17351 1356 23468
23468 1356 17351
13921 22827 26385
26385 13921 22827
22827 13921 26385
4726 20398 25998
20398 4726 25998
25998 4726 20398
12979 6301 10946
10946 6301 12979
6301 10946 12979
22473 17919 23004
17919 22473 23004
23004 17919 22473
22433 862 18381
862 18381 22433
18381 862 22433
956 1194 3410
1194 956 3410
3410 956 1194
7966 1257 28361
1257 7966 28361
28361 1257 7966
6235 8702 20216
20216 6235 8702
8702 6235 20216
9456 7199 22756
7199 9456 22756
22756 7199 9456
29446 14721 26286
26286 14721 29446
14721 26286 29446
17676 22574 28079
28079 17676 22574
22574 17676 28079
15103 6356 11708
6356 11708 15103
11708 6356 15103
29621 12788 24885
12788 24885 29621
24885 12788 29621
5526 7343 22844
7343 5526 22844
22844 5526 7343
10674 729 11076
11076 729 10674
729 10674 11076
10225 2796 27461
2796 10225 27461
27461 2796 10225
27367 10914 18029
10914 18029 27367
18029 10914 27367
21573 8535 13225
8535 13225 21573
13225 8535 21573
5212 9459 29534
9459 5212 29534
29534 5212 9459
21803 544 19705
544 19705 21803
19705 544 21803
29607 18628 28694
28694 18628 29607
18628 28694 29607
9180 27213 28553
27213 9180 28553
28553 9180 27213
10484 1786 21580
1786 10484 21580
21580 1786 10484
22199 16149 23364
16149 22199 23364
23364 16149 22199
6855 39 15331
15331 39 6855
39 6855 15331
3422 883 22699
883 3422 22699
22699 883 3422
25811 3540 29530
29530 3540 25811
3540 25811 29530
27035 3589 12934
3589 12934 27035
12934 3589 27035
26821 3371 8533
3371 8533 26821
8533 3371 26821
6143 18233 22132
22132 6143 18233
18233 6143 22132
16543 16293 22225
22225 16293 16543
16293 16543 22225
6747 5289 8694
5289 6747 8694
8694 5289 6747
2376 24766 25000
25000 2376 24766
24766 2376 25000
24016 9026 12247
12247 9026 24016
9026 12247 24016
3925 8813 24202
8813 3925 24202
24202 3925 8813
17999 337 10597
337 10597 17999
10597 337 17999
7196 18085 22085
22085 7196 18085
18085 7196 22085
13996 27725 28393
28393 13996 27725
27725 13996 28393
7430 1327 6625
1327 6625 7430
6625 1327 7430
19121 4138 16094
16094 4138 19121
4138 16094 19121
1109 3990 13010
3990 1109 13010
13010 1109 3990
5728 8840 18154
18154 5728 8840
8840 5728 18154
11808 2510 5839
2510 5839 11808
5839 2510 11808
6462 11247 14888
11247 6462 14888
14888 6462 11247
3256 23897 29914
29914 3256 23897
23897 3256 29914
3421 8392 25475
8392 3421 25475
25475 3421 8392
28861 80 13296
80 13296 28861
13296 80 28861
11569 4204 20589
20589 4204 11569
4204 11569 20589
24288 13286 22096
13286 22096 24288
22096 13286 24288
17120 22556 23732
22556 17120 23732
23732 17120 22556
18252 8874 17787
8874 17787 18252
17787 8874 18252
7815 215 25117
25117 215 7815
215 7815 25117
7775 6832 17032
17032 6832 7775
6832 7775 17032
17350 3165 21170
3165 17350 21170
21170 3165 17350
27048 1512 18183
18183 1512 27048
1512 18183 27048
11678 5527 19133
19133 5527 11678
5527 11678 19133
21967 14128 19047
14128 19047 21967
19047 14128 21967
9205 1002 26159
1002 9205 26159
26159 1002 9205
19327 11108 28746
11108 19327 28746
28746 11108 19327
3661 12668 22066
22066 3661 12668
12668 3661 22066
8239 23960 29999
29999 8239 23960
23960 8239 29999
13365 10864 16685
10864 13365 16685
16685 10864 13365
11875 17140 26842
17140 11875 26842
26842 11875 17140
10363 6741 11093
11093 6741 10363
6741 10363 11093
12149 12837 19821
19821 12149 12837
12837 12149 19821
15964 12203 15705
15705 12203 15964
12203 15705 15964
17724 10629 13360
10629 13360 17724
13360 10629 17724
28075 18476 27416
27416 18476 28075
18476 27416 28075
1181 10372 21179
21179 1181 10372
10372 1181 21179
28518 12219 26090
26090 12219 28518
12219 26090 28518
22525 16986 22908
16986 22525 22908
22908 16986 22525
28865 19059 27348
19059 27348 28865
27348 19059 28865
7043 16527 29836
16527 7043 29836
29836 7043 16527
24036 1022 28224
28224 1022 24036
1022 24036 28224
2876 9769 21950
9769 2876 21950
21950 2876 9769
2492 6325 15839
15839 2492 6325
6325 2492 15839
22090 4835 21255
4835 21255 22090
21255 4835 22090
15188 8188 15010
15010 8188 15188
8188 15010 15188
13736 9586 21350
9586 13736 21350
21350 9586 13736
12792 13841 21753
21753 12792 13841
13841 12792 21753
20562 2439 15336
15336 2439 20562
2439 15336 20562
7988 8814 24702
8814 7988 24702
24702 7988 8814
7097 7289 17402
17402 7097 7289
7289 7097 17402
22254 5873 13850
13850 5873 22254
5873 13850 22254
29788 6138 15881
15881 6138 29788
6138 15881 29788
1360 8770 26076
8770 1360 26076
26076 1360 8770
14109 25128 28915
25128 14109 28915
28915 14109 25128
14040 17653 27127
27127 14040 17653
17653 14040 27127
24040 6151 21481
21481 6151 24040
6151 21481 24040
7465 10447 12412
12412 7465 10447
10447 7465 12412
12175 25696 27790
27790 12175 25696
25696 12175 27790
11492 3216 18158
3216 11492 18158
18158 3216 11492
16702 18396 20522
18396 16702 20522
20522 16702 18396
27388 1395 10813
1395 10813 27388
10813 1395 27388
14301 2896 28411
2896 14301 28411
28411 2896 14301
5643 4557 23116
23116 4557 5643
4557 5643 23116
29452 3253 29871
3253 29452 29871
29871 3253 29452
15606 16769 27883
27883 15606 16769
16769 15606 27883
2111 24791 28288
24791 2111 28288
28288 2111 24791
4296 1042 13161
1042 4296 13161
13161 1042 4296
18611 6215 23795
23795 6215 18611
6215 18611 23795
20039 4259 23513
23513 4259 20039
4259 20039 23513
6904 2461 12451
12451 2461 6904
2461 6904 12451
6205 1726 29357
29357 1726 6205
1726 6205 29357
984 23667 28004
28004 984 23667
23667 984 28004
29420 9299 29922
9299 29420 29922
29922 9299 29420
20523 841 5788
5788 841 20523
841 5788 20523
17746 3096 21359
3096 17746 21359
21359 3096 17746
12117 4371 17184
4371 12117 17184
17184 4371 12117
4287 3913 26473
3913 4287 26473
26473 3913 4287
27568 470 25348
25348 470 27568
470 25348 27568
17219 12565 20651
12565 17219 20651
20651 12565 17219
17651 7995 20193
7995 17651 20193
20193 7995 17651
15715 15588 26848
26848 15588 15715
15588 15715 26848
27675 5533 28709
28709 5533 27675
5533 27675 28709
27435 27183 28904
28904 27183 27435
27183 27435 28904
13125 18347 22548
18347 13125 22548
22548 13125 18347
6793 7753 21812
21812 6793 7753
7753 6793 21812
16568 9745 19939
19939 9745 16568
9745 16568 19939
4009 24305 25534
25534 4009 24305
24305 4009 25534
8821 21785 26561
26561 8821 21785
21785 8821 26561
28374 19732 22591
19732 22591 28374
22591 19732 28374
3384 10578 21443
21443 3384 10578
10578 3384 21443
3193 14903 26691
26691 3193 14903
14903 3193 26691
3878 11862 18440
11862 3878 18440
18440 3878 11862
12278 13117 22016
22016 12278 13117
13117 12278 22016
1763 15042 27823
27823 1763 15042
15042 1763 27823
11815 13420 20192
20192 11815 13420
13420 11815 20192
27077 10132 14210
14210 10132 27077
10132 14210 27077
8636 6578 16603
6578 8636 16603
16603 6578 8636
21590 3038 20083
3038 20083 21590
20083 3038 21590
12581 13107 25771
25771 12581 13107
13107 12581 25771
3467 4441 26738
26738 3467 4441
4441 3467 26738
11298 2413 7974
7974 2413 11298
2413 7974 11298
27442 6072 6564
6564 6072 27442
6072 6564 27442
10123 3437 15411
3437 10123 15411
15411 3437 10123
29330 7072 11598
11598 7072 29330
7072 11598 29330
9879 6455 25971
6455 9879 25971
25971 6455 9879
15993 2 18761
2 15993 18761
18761 2 15993
6485 6219 18316
6219 6485 18316
18316 6219 6485
23293 9120 24691
9120 23293 24691
24691 9120 23293
28876 4166 5622
4166 5622 28876
5622 4166 28876
17453 6423 14561
14561 6423 17453
6423 14561 17453
11624 24073 27383
24073 11624 27383
27383 11624 24073
23209 4472 25979
4472 23209 25979
25979 4472 23209
5411 10837 21923
21923 5411 10837
10837 5411 21923
9670 1419 7130
1419 7130 9670
7130 1419 9670
27833 500 26275
500 26275 27833
26275 500 27833
11695 18580 25125
25125 11695 18580
18580 11695 25125
11608 5060 29202
5060 11608 29202
29202 5060 11608
12526 7265 19475
19475 7265 12526
7265 12526 19475
22385 12456 28895
28895 12456 22385
12456 22385 28895
5592 1958 12426
1958 5592 12426
12426 1958 5592
432 16849 22743
22743 432 16849
16849 432 22743
4575 17817 17983
17817 4575 17983
17983 4575 17817
16640 7871 29763
7871 16640 29763
29763 7871 16640
19003 8981 11483
8981 11483 19003
11483 8981 19003
18399 10338 12437
10338 12437 18399
12437 10338 18399
6685 13462 16788
16788 6685 13462
13462 6685 16788
14122 145 7249
7249 145 14122
145 7249 14122
24880 16614 28358
28358 16614 24880
16614 24880 28358
26397 7294 22618
22618 7294 26397
7294 22618 26397
8334 21579 24911
21579 8334 24911
24911 8334 21579
11533 8979 22906
22906 8979 11533
8979 11533 22906
28714 2745 8826
8826 2745 28714
2745 8826 28714
20698 8102 11169
11169 8102 20698
8102 11169 20698
28825 18629 23337
23337 18629 28825
18629 23337 28825
10754 17902 24671
24671 10754 17902
17902 10754 24671
16822 9831 15297
9831 15297 16822
15297 9831 16822
21437 1415 6435
1415 6435 21437
6435 1415 21437
19274 12457 21060
12457 19274 21060
21060 12457 19274
24647 17980 25927
25927 17980 24647
17980 24647 25927
20183 24764 25424
25424 20183 24764
24764 20183 25424
7722 13319 14036
13319 7722 14036
14036 7722 13319
18710 13757 17304
13757 17304 18710
17304 13757 18710
10 21661 26526
21661 10 26526
26526 10 21661
10040 11073 19580
11073 10040 19580
19580 10040 11073
5713 7128 28408
28408 5713 7128
7128 5713 28408
12554 11145 18647
11145 12554 18647
18647 11145 12554
28927 6179 11918
11918 6179 28927
6179 11918 28927
13572 3338 15013
15013 3338 13572
3338 13572 15013
25062 2396 6288
6288 2396 25062
2396 6288 25062
20950 9728 22585
9728 20950 22585
22585 9728 20950
25601 710 9183
9183 710 25601
710 9183 25601
1469 7427 15587
15587 1469 7427
7427 1469 15587
17863 1326 10965
10965 1326 17863
1326 10965 17863
9648 12375 14786
14786 9648 12375
12375 9648 14786
18973 1324 19464
1324 18973 19464
19464 1324 18973
23205 5716 20568
5716 20568 23205
20568 5716 23205
12867 798 1811
1811 798 12867
798 1811 12867
26859 2582 3307
2582 3307 26859
3307 2582 26859
13857 6909 26903
6909 13857 26903
26903 6909 13857
26329 4643 22773
4643 22773 26329
22773 4643 26329
6168 16874 24279
24279 6168 16874
16874 6168 24279
7532 12234 19031
12234 7532 19031
19031 7532 12234
12795 11825 26816
26816 11825 12795
11825 12795 26816
8341 230 4347
4347 230 8341
230 4347 8341
17866 8900 21734
8900 17866 21734
21734 8900 17866
16214 21375 22650
21375 16214 22650
22650 16214 21375
29257 524 19865
524 19865 29257
19865 524 29257
11796 13016 19070
19070 11796 13016
13016 11796 19070
9135 5560 11255
5560 9135 11255
11255 5560 9135
15222 15675 25340
25340 15222 15675
15675 15222 25340
449 961 14927
14927 449 961
961 449 14927
5311 4561 6125
4561 5311 6125
6125 4561 5311
8511 18210 26332
18210 8511 26332
26332 8511 18210
3814 23499 27365
27365 3814 23499
23499 3814 27365
14556 208 14494
14494 208 14556
208 14494 14556
19946 6918 14269
14269 6918 19946
6918 14269 19946
26022 13531 15676
13531 15676 26022
15676 13531 26022
28363 7726 22914
7726 22914 28363
22914 7726 28363
11393 9167 29235
9167 11393 29235
29235 9167 11393
27945 8691 20940
20940 8691 27945
8691 20940 27945
26438 3108 25718
3108 25718 26438
25718 3108 26438
25781 21608 27248
21608 25781 27248
27248 21608 25781
29436 3158 5850
3158 5850 29436
5850 3158 29436
6839 5611 23227
23227 5611 6839
5611 6839 23227
7179 2136 6018
6018 2136 7179
2136 6018 7179
3740 377 22114
377 3740 22114
22114 377 3740
1044 18250 19355
19355 1044 18250
18250 1044 19355
19419 16101 28425
28425 16101 19419
16101 19419 28425
11248 20795 27546
27546 11248 20795
20795 11248 27546
8621 5594 24598
24598 5594 8621
5594 8621 24598
5098 3650 28880
3650 5098 28880
28880 3650 5098
29979 231 17030
17030 231 29979
231 17030 29979
25704 17 8095
8095 17 25704
17 8095 25704
23563 367 5213
5213 367 23563
367 5213 23563
2593 4394 13026
4394 2593 13026
13026 2593 4394
10479 1447 23649
1447 10479 23649
23649 1447 10479
14639 6083 8668
8668 6083 14639
6083 8668 14639
27680 2232 25126
2232 25126 27680
25126 2232 27680
15254 24153 28211
28211 15254 24153
24153 15254 28211
1363 25532 29720
25532 1363 29720
29720 1363 25532
19175 7757 28863
28863 7757 19175
7757 19175 28863
27516 1516 22787
22787 1516 27516
1516 22787 27516
17801 2234 25611
2234 17801 25611
25611 2234 17801
2885 17135 26966
17135 2885 26966
26966 2885 17135
18998 6528 27628
6528 18998 27628
27628 6528 18998
11775 19591 19770
19770 11775 19591
19591 11775 19770
1623 3565 11645
3565 1623 11645
11645 1623 3565
16566 12479 23053
12479 16566 23053
23053 12479 16566
18483 14369 17501
14369 17501 18483
17501 14369 18483
11961 4277 10441
10441 4277 11961
4277 10441 11961
9753 14847 17169
17169 9753 14847
14847 9753 17169
10366 7492 16950
7492 10366 16950
16950 7492 10366
18113 2127 21707
2127 18113 21707
21707 2127 18113
238 17152 29120
29120 238 17152
17152 238 29120
23310 9228 12314
9228 12314 23310
12314 9228 23310
3752 14268 19837
14268 3752 19837
19837 3752 14268
1251 2356 12161
12161 1251 2356
2356 1251 12161
7854 12454 22099
22099 7854 12454
12454 7854 22099
6584 2207 25442
2207 6584 25442
25442 2207 6584
22737 8683 16224
8683 16224 22737
16224 8683 22737
17633 1131 24078
1131 17633 24078
24078 1131 17633
2870 18267 24401
24401 2870 18267
18267 2870 24401
26782 9663 14467
9663 14467 26782
14467 9663 26782
6646 24027 24761
24761 6646 24027
24027 6646 24761
8710 608 28366
28366 608 8710
608 8710 28366
7678 2572 8701
8701 2572 7678
2572 7678 8701
8596 14404 16825
16825 8596 14404
14404 8596 16825
9639 19806 27574
27574 9639 19806
19806 9639 27574
19863 11936 27762
11936 19863 27762
27762 11936 19863
9317 19106 27882
19106 9317 27882
27882 9317 19106
29271 5666 27590
27590 5666 29271
5666 27590 29271
2421 20621 29522
29522 2421 20621
20621 2421 29522
4761 218 28053
28053 218 4761
218 4761 28053
383 10448 29597
29597 383 10448
10448 383 29597
7245 1794 28864
1794 7245 28864
28864 1794 7245
26927 22612 22970
22970 22612 26927
22612 22970 26927
4940 19004 27094
19004 4940 27094
27094 4940 19004
20146 6254 8759
8759 6254 20146
6254 8759 20146
23006 6058 17990
17990 6058 23006
6058 17990 23006
8415 1364 12455
1364 8415 12455
12455 1364 8415
47 5918 28535
28535 47 5918
5918 47 28535
15296 19404 19808
19404 15296 19808
19808 15296 19404
6051 15256 22466
22466 6051 15256
15256 6051 22466
13353 1330 1844
1330 1844 13353
1844 1330 13353
19459 2576 24415
24415 2576 19459
2576 19459 24415
7576 13404 16074
16074 7576 13404
13404 7576 16074
7423 6323 16197
6323 7423 16197
16197 6323 7423
12215 2389 18412
2389 12215 18412
18412 2389 12215
6774 189 20725
189 6774 20725
20725 189 6774
27138 3272 17324
3272 17324 27138
17324 3272 27138
1661 4098 20467
20467 1661 4098
4098 1661 20467
24299 78 27487
27487 78 24299
78 24299 27487
27418 16354 16856
16856 16354 27418
16354 16856 27418
12080 7082 12701
7082 12080 12701
12701 7082 12080
26923 23755 28664
28664 23755 26923
23755 26923 28664
7372 24759 24854
24854 7372 24759
24759 7372 24854
25654 14884 19780
14884 19780 25654
19780 14884 25654
12119 1188 13252
1188 12119 13252
13252 1188 12119
12746 19409 24587
19409 12746 24587
24587 12746 19409
24383 24152 29227
29227 24152 24383
24152 24383 29227
28879 9605 21631
9605 21631 28879
21631 9605 28879
14213 7523 15631
7523 14213 15631
15631 7523 14213
29705 19834 29404
19834 29404 29705
29404 19834 29705
29975 5775 8569
5775 8569 29975
8569 5775 29975
29504 10327 20385
10327 20385 29504
20385 10327 29504
32 15174 23329
15174 32 23329
23329 32 15174
16834 22469 29587
22469 16834 29587
29587 16834 22469
17066 14415 22429
22429 14415 17066
14415 17066 22429
23473 4377 4961
4377 4961 23473
4961 4377 23473
20973 15055 16578
15055 16578 20973
16578 15055 20973
28448 3476 4078
3476 4078 28448
4078 3476 28448
13479 990 21930
990 13479 21930
21930 990 13479
9633 27044 27902
27044 9633 27902
27902 9633 27044
8063 4568 23970
23970 4568 8063
4568 8063 23970
24026 7048 17476
17476 7048 24026
7048 17476 24026
15703 16547 29638
29638 15703 16547
16547 15703 29638
2486 1547 10695
1547 2486 10695
10695 1547 2486
25786 2214 14141
2214 14141 25786
14141 2214 25786
25248 8633 24888
8633 24888 25248
24888 8633 25248
27880 13414 22917
13414 22917 27880
22917 13414 27880
985 6011 21910
21910 985 6011
6011 985 21910
20962 5136 18969
5136 18969 20962
18969 5136 20962
8738 1468 3995
1468 3995 8738
3995 1468 8738
26489 17020 20633
17020 20633 26489
20633 17020 26489
6350 8478 16355
8478 6350 16355
16355 6350 8478
25130 9121 12150
12150 9121 25130
9121 12150 25130
2292 8812 15834
15834 2292 8812
8812 2292 15834
23768 11716 22150
11716 22150 23768
22150 11716 23768
9415 6087 28356
6087 9415 28356
28356 6087 9415
12880 6527 24956
6527 12880 24956
24956 6527 12880
13975 11004 15959
11004 13975 15959
15959 11004 13975
19245 18651 26186
18651 19245 26186
26186 18651 19245
26878 24218 27819
24218 26878 27819
27819 24218 26878
29833 9890 20354
20354 9890 29833
9890 20354 29833
20284 11029 11791
11029 11791 20284
11791 11029 20284
12872 8307 18864
8307 12872 18864
18864 8307 12872
22613 9997 16844
9997 16844 22613
16844 9997 22613
9013 22284 29774
22284 9013 29774
29774 9013 22284
12689 23333 29777
29777 12689 23333
23333 12689 29777
25032 1006 5217
5217 1006 25032
1006 5217 25032
200 18334 18595
18334 200 18595
18595 200 18334
18755 5950 18265
5950 18265 18755
18265 5950 18755
20341 11768 22638
11768 20341 22638
22638 11768 20341
27727 6817 19505
6817 19505 27727
19505 6817 27727
12671 11237 19695
19695 11237 12671
11237 12671 19695
5338 12202 26926
26926 5338 12202
12202 5338 26926
376 18733 25769
18733 376 25769
25769 376 18733
28157 5892 7635
5892 7635 28157
7635 5892 28157
26446 7549 22879
7549 22879 26446
22879 7549 26446
18263 9153 11264
9153 11264 18263
11264 9153 18263
19051 7813 7874
7874 7813 19051
7813 7874 19051
21928 14708 24351
24351 14708 21928
14708 21928 24351
26595 11325 25522
25522 11325 26595
11325 25522 26595
8332 13740 19771
13740 8332 19771
19771 8332 13740
26402 1790 17251
1790 17251 26402
17251 1790 26402
10532 2735 5639
2735 5639 10532
5639 2735 10532
3470 6978 12748
12748 3470 6978
6978 3470 12748
25630 4050 29021
29021 4050 25630
4050 25630 29021
20861 10168 29253
10168 20861 29253
29253 10168 20861
11967 11336 27726
11336 11967 27726
27726 11336 11967
9666 9763 28470
9763 9666 28470
28470 9666 9763
22587 568 18518
18518 568 22587
568 18518 22587
3066 26912 28032
28032 3066 26912
26912 3066 28032
10269 5895 24217
5895 10269 24217
24217 5895 10269
12474 3136 26165
26165 3136 12474
3136 12474 26165
13139 19793 26209
19793 13139 26209
26209 13139 19793
6555 2691 22431
2691 6555 22431
22431 2691 6555
18981 10383 16498
10383 16498 18981
16498 10383 18981
27558 17109 28719
28719 17109 27558
17109 27558 28719
3358 14636 27796
27796 3358 14636
14636 3358 27796
24954 6173 16868
6173 16868 24954
16868 6173 24954
563 7893 24449
7893 563 24449
24449 563 7893
9596 6256 20293
6256 9596 20293
20293 6256 9596
28173 23316 29749
29749 23316 28173
23316 28173 29749
511 4570 13477
4570 511 13477
13477 511 4570
15441 18320 19893
18320 15441 19893
19893 15441 18320
4684 9159 11327
9159 4684 11327
11327 4684 9159
19903 1248 17695
1248 17695 19903
17695 1248 19903
25640 5414 11085
11085 5414 25640
5414 11085 25640
22055 7398 27642
7398 22055 27642
27642 7398 22055
15364 19103 25639
25639 15364 19103
19103 15364 25639
28693 5483 15261
5483 15261 28693
15261 5483 28693
16694 22641 27937
27937 16694 22641
22641 16694 27937
269 4454 20329
20329 269 4454
4454 269 20329
6549 4606 12321
12321 4606 6549
4606 6549 12321
641 12125 29819
29819 641 12125
12125 641 29819
16136 210 22149
22149 210 16136
210 16136 22149
8451 1303 1734
1734 1303 8451
1303 1734 8451
7961 28631 28754
28754 7961 28631
28631 7961 28754
1253 17179 28772
17179 1253 28772
28772 1253 17179
29645 25744 27105
27105 25744 29645
25744 27105 29645
2139 19885 28367
28367 2139 19885
19885 2139 28367
23220 908 26197
908 23220 26197
26197 908 23220
19586 25585 27898
25585 19586 27898
27898 19586 25585
27420 2551 26775
26775 2551 27420
2551 26775 27420
5278 6086 10971
10971 5278 6086
6086 5278 10971
28039 10248 15211
10248 15211 28039
15211 10248 28039
6111 5246 12323
5246 6111 12323
12323 5246 6111
20298 3983 18326
3983 18326 20298
18326 3983 20298
20881 7307 24653
7307 20881 24653
24653 7307 20881
28966 4812 13322
13322 4812 28966
4812 13322 28966
8653 5276 14818
5276 8653 14818
14818 5276 8653
20235 16420 23288
23288 16420 20235
16420 20235 23288
7106 26430 29159
29159 7106 26430
26430 7106 29159
8906 1030 24361
1030 8906 24361
24361 1030 8906
2230 21643 26467
21643 2230 26467
26467 2230 21643
29838 13839 27119
27119 13839 29838
13839 27119 29838
25804 2855 5500
5500 2855 25804
2855 5500 25804
27323 9209 25427
25427 9209 27323
9209 25427 27323
18859 13880 28748
28748 13880 18859
13880 18859 28748
18747 7744 9423
9423 7744 18747
7744 9423 18747
16128 5768 10443
10443 5768 16128
5768 10443 16128
29079 25119 25467
25119 25467 29079
25467 25119 29079
11259 3387 22506
22506 3387 11259
3387 11259 22506
1741 9432 23153
9432 1741 23153
23153 1741 9432
13080 11981 26699
11981 13080 26699
26699 11981 13080
6808 6386 16183
16183 6386 6808
6386 6808 16183
12180 15823 25924
25924 12180 15823
15823 12180 25924
1392 224 8750
224 1392 8750
8750 224 1392
1574 23542 26623
23542 1574 26623
26623 1574 23542
18532 25452 27256
25452 18532 27256
27256 18532 25452
5579 10021 22314
22314 5579 10021
10021 5579 22314
26954 12106 23583
12106 23583 26954
23583 12106 26954
22697 3919 4465
3919 4465 22697
4465 3919 22697
29964 821 27532
27532 821 29964
821 27532 29964
21793 13503 15471
15471 13503 21793
13503 15471 21793
3616 8485 15317
8485 3616 15317
15317 3616 8485
29456 11110 18446
18446 11110 29456
11110 18446 29456
3715 14049 29221
14049 3715 29221
29221 3715 14049
7738 15576 20305
15576 7738 20305
20305 7738 15576
25367 1384 12121
1384 12121 25367
12121 1384 25367
28110 14256 16308
14256 16308 28110
16308 14256 28110
1571 3155 18893
3155 1571 18893
18893 1571 3155
21386 11532 11734
11532 11734 21386
11734 11532 21386
25319 13647 25867
13647 25319 25867
25867 13647 25319
22515 8417 20913
20913 8417 22515
8417 20913 22515
24599 15486 16388
16388 15486 24599
15486 16388 24599
18173 28570 29825
28570 18173 29825
29825 18173 28570
12617 2833 27834
2833 12617 27834
27834 2833 12617
8166 584 14740
584 8166 14740
14740 584 8166
10787 12465 19323
