4417 967 12189
12189 967 4417
967 4417 12189
26452 2654 16010
16010 2654 26452
2654 16010 26452
18013 12926 23544
23544 12926 18013
12926 18013 23544
10257 15106 29548
15106 10257 29548
29548 10257 15106
15213 9573 9983
9983 9573 15213
9573 9983 15213
9818 24300 24748
24300 9818 24748
24748 9818 24300
7426 16768 17836
16768 7426 17836
17836 7426 16768
17560 16132 20771
20771 16132 17560
16132 17560 20771
25986 250 27573
250 25986 27573
27573 250 25986
28355 10648 25086
10648 25086 28355
25086 10648 28355
19069 5286 27860
5286 19069 27860
27860 5286 19069
2738 1683 5738
5738 1683 2738
1683 2738 5738
11962 3209 10889
10889 3209 11962
3209 10889 11962
7684 1126 5343
5343 1126 7684
1126 5343 7684
25868 7774 9993
9993 7774 25868
7774 9993 25868
16224 17234 22061
17234 16224 22061
22061 16224 17234
19470 18621 27666
18621 19470 27666
27666 18621 19470
19356 685 21651
21651 685 19356
685 19356 21651
13342 18265 26836
26836 13342 18265
18265 13342 26836
6097 7269 11289
7269 6097 11289
11289 6097 7269
26405 18643 24482
24482 18643 26405
18643 24482 26405
23140 23400 27119
23400 23140 27119
27119 23140 23400
16591 15972 26736
15972 16591 26736
26736 15972 16591
16663 19084 28210
28210 16663 19084
19084 16663 28210
11363 2856 15529
2856 11363 15529
15529 2856 11363
6878 12059 29783
29783 6878 12059
12059 6878 29783
24535 818 22620
818 22620 24535
22620 818 24535
29022 3323 21439
3323 21439 29022
21439 3323 29022
20714 20298 25677
25677 20298 20714
20298 20714 25677
20028 24944 28772
24944 20028 28772
28772 20028 24944
12614 6199 13122
13122 6199 12614
6199 12614 13122
24995 3262 15519
15519 3262 24995
3262 15519 24995
12420 27453 28981
28981 12420 27453
27453 12420 28981
13024 10428 14346
10428 13024 14346
14346 10428 13024
5425 6656 26104
6656 5425 26104
26104 5425 6656
6763 1791 5461
1791 5461 6763
5461 1791 6763
16114 27130 27511
27511 16114 27130
27130 16114 27511
256 12281 17696
12281 256 17696
17696 256 12281
8001 119 14748
119 8001 14748
14748 119 8001
24468 16369 27188
16369 24468 27188
27188 16369 24468
15755 12292 20301
12292 15755 20301
20301 12292 15755
27108 5312 6056
6056 5312 27108
5312 6056 27108
10176 13851 17330
13851 10176 17330
17330 10176 13851
21397 12254 14728
12254 14728 21397
14728 12254 21397
8242 3949 23052
3949 8242 23052
23052 3949 8242
19027 13109 26580
13109 19027 26580
26580 13109 19027
22060 8969 21345
21345 8969 22060
8969 21345 22060
7494 3964 15238
3964 7494 15238
15238 3964 7494
21707 17610 24976
17610 21707 24976
24976 17610 21707
13917 21157 27021
21157 13917 27021
27021 13917 21157
11767 1193 10005
1193 10005 11767
10005 1193 11767
24565 13297 21693
21693 13297 24565
13297 21693 24565
15940 15535 27590
27590 15535 15940
15535 15940 27590
6666 7596 7700
7596 6666 7700
7700 6666 7596
6170 6882 16856
6882 6170 16856
16856 6170 6882
481 3606 4688
3606 481 4688
4688 481 3606
22285 18607 24204
24204 18607 22285
18607 22285 24204
12780 17295 18479
18479 12780 17295
17295 12780 18479
28321 26155 29271
26155 28321 29271
29271 26155 28321
12580 17719 25366
17719 12580 25366
25366 12580 17719
16570 25273 25530
25530 16570 25273
25273 16570 25530
14137 2539 2733
2539 2733 14137
2733 2539 14137
13966 492 21738
492 13966 21738
21738 492 13966
19495 16478 22391
22391 16478 19495
16478 19495 22391
21898 6978 18548
18548 6978 21898
6978 18548 21898
17855 4234 16335
4234 16335 17855
16335 4234 17855
5388 1274 7473
7473 1274 5388
1274 5388 7473
5148 12145 23777
23777 5148 12145
12145 5148 23777
12051 10042 18441
18441 10042 12051
10042 12051 18441
14257 14638 26174
14638 14257 26174
26174 14257 14638
25583 19882 29228
29228 19882 25583
19882 25583 29228
25163 19135 27864
19135 25163 27864
27864 19135 25163
26099 7638 29445
7638 26099 29445
29445 7638 26099
8365 4266 8424
4266 8365 8424
8424 4266 8365
13693 1615 14463
14463 1615 13693
1615 13693 14463
10766 4386 11708
11708 4386 10766
4386 10766 11708
10960 12138 23590
12138 10960 23590
23590 10960 12138
27785 897 7829
897 7829 27785
7829 897 27785
7190 4400 21225
21225 4400 7190
4400 7190 21225
3189 14681 26545
14681 3189 26545
26545 3189 14681
4377 7298 8829
7298 4377 8829
8829 4377 7298
17595 27327 29796
27327 17595 29796
29796 17595 27327
13848 16610 22690
22690 13848 16610
16610 13848 22690
8943 7971 27587
27587 7971 8943
7971 8943 27587
17622 11465 21391
21391 11465 17622
11465 17622 21391
29251 25439 28790
25439 28790 29251
28790 25439 29251
11677 684 19486
684 11677 19486
19486 684 11677
21185 21324 22496
21324 21185 22496
22496 21185 21324
8500 6561 24757
24757 6561 8500
6561 8500 24757
6608 16378 16666
16378 6608 16666
16666 6608 16378
29539 5655 24302
24302 5655 29539
5655 24302 29539
7199 19879 20211
20211 7199 19879
19879 7199 20211
18748 10687 15815
10687 15815 18748
15815 10687 18748
271 12152 20929
20929 271 12152
12152 271 20929
21029 16211 28798
16211 21029 28798
28798 16211 21029
15778 24117 25666
25666 15778 24117
24117 15778 25666
12573 7295 14601
14601 7295 12573
7295 12573 14601
8354 7993 13597
13597 7993 8354
7993 8354 13597
21970 3653 15936
15936 3653 21970
3653 15936 21970
1441 5057 23452
23452 1441 5057
5057 1441 23452
26785 16135 21083
21083 16135 26785
16135 21083 26785
16175 13632 29252
13632 16175 29252
29252 13632 16175
15701 1717 6129
1717 6129 15701
6129 1717 15701
12988 1529 2531
1529 2531 12988
2531 1529 12988
20173 308 2159
308 2159 20173
2159 308 20173
16179 10245 16525
16525 10245 16179
10245 16179 16525
16938 9989 29787
29787 9989 16938
9989 16938 29787
15047 13993 28955
13993 15047 28955
28955 13993 15047
21106 13684 18779
18779 13684 21106
13684 18779 21106
23660 8450 9056
9056 8450 23660
8450 9056 23660
429 14595 18556
14595 429 18556
18556 429 14595
23338 12909 14649
12909 14649 23338
14649 12909 23338
5781 1348 29842
1348 5781 29842
29842 1348 5781
18589 23079 29284
29284 18589 23079
23079 18589 29284
16904 8712 18481
18481 8712 16904
8712 16904 18481
9480 22655 26573
26573 9480 22655
22655 9480 26573
20965 10464 25144
25144 10464 20965
10464 20965 25144
17781 10477 28159
10477 17781 28159
28159 10477 17781
113 16108 21722
16108 113 21722
21722 113 16108
6940 17678 24401
17678 6940 24401
24401 6940 17678
26657 9093 24161
24161 9093 26657
9093 24161 26657
5727 1435 19163
19163 1435 5727
1435 5727 19163
3855 6218 17850
6218 3855 17850
17850 3855 6218
26819 22790 23755
22790 23755 26819
23755 22790 26819
20791 8166 8643
8166 8643 20791
8643 8166 20791
14315 8445 13770
13770 8445 14315
8445 13770 14315
15731 14743 14897
14897 14743 15731
14743 14897 15731
2157 2257 23255
2257 2157 23255
23255 2157 2257
174 3447 19484
19484 174 3447
3447 174 19484
25588 4163 21351
4163 21351 25588
21351 4163 25588
26357 1414 6173
1414 6173 26357
6173 1414 26357
13621 12905 20125
12905 13621 20125
20125 12905 13621
14288 1815 12077
12077 1815 14288
1815 12077 14288
17639 16950 24740
24740 16950 17639
16950 17639 24740
19363 1158 1681
1158 1681 19363
1681 1158 19363
9298 1087 5638
1087 5638 9298
5638 1087 9298
2822 20165 26677
26677 2822 20165
20165 2822 26677
12854 11017 19867
19867 11017 12854
11017 12854 19867
18415 13696 21883
13696 18415 21883
21883 13696 18415
23136 13275 28538
13275 23136 28538
28538 13275 23136
17264 5135 26116
5135 17264 26116
26116 5135 17264
5636 1805 3095
3095 1805 5636
1805 3095 5636
17746 13944 25540
13944 17746 25540
25540 13944 17746
18322 1997 20886
20886 1997 18322
1997 18322 20886
18467 6346 29978
6346 18467 29978
29978 6346 18467
19935 2883 16074
16074 2883 19935
2883 16074 19935
14877 6419 14837
6419 14837 14877
14837 6419 14877
3187 3755 9548
3755 3187 9548
9548 3187 3755
20190 5799 17378
5799 17378 20190
17378 5799 20190
19515 18011 22318
18011 19515 22318
22318 18011 19515
7766 8854 10510
10510 7766 8854
8854 7766 10510
14810 13371 16296
13371 14810 16296
16296 13371 14810
10604 12214 29366
12214 10604 29366
29366 10604 12214
28125 6136 28567
6136 28125 28567
28567 6136 28125
20939 3938 18214
18214 3938 20939
3938 18214 20939
12996 1173 18448
18448 1173 12996
1173 12996 18448
15375 8333 27036
27036 8333 15375
8333 15375 27036
15564 19122 28435
28435 15564 19122
19122 15564 28435
2616 11547 20234
20234 2616 11547
11547 2616 20234
19986 3202 29363
3202 19986 29363
29363 3202 19986
17744 19478 29809
19478 17744 29809
29809 17744 19478
18501 236 22858
236 18501 22858
22858 236 18501
27612 19408 29084
29084 19408 27612
19408 27612 29084
4465 2506 22224
22224 2506 4465
2506 4465 22224
21438 21610 22943
22943 21438 21610
21610 21438 22943
14360 13403 27059
27059 13403 14360
13403 14360 27059
25674 10296 19191
10296 19191 25674
19191 10296 25674
29646 4892 8151
4892 8151 29646
8151 4892 29646
25966 6697 28792
6697 25966 28792
28792 6697 25966
2685 5272 7195
7195 2685 5272
5272 2685 7195
7074 6505 15009
15009 6505 7074
6505 7074 15009
15205 430 27098
27098 430 15205
430 15205 27098
26851 1030 22336
1030 22336 26851
22336 1030 26851
4724 204 10653
10653 204 4724
204 4724 10653
10780 4053 22194
22194 4053 10780
4053 10780 22194
17265 584 25997
584 17265 25997
25997 584 17265
26093 13113 20510
13113 20510 26093
20510 13113 26093
20282 452 2698
452 2698 20282
2698 452 20282
14757 6403 8034
6403 8034 14757
8034 6403 14757
24153 2154 21876
2154 21876 24153
21876 2154 24153
9538 14919 26097
26097 9538 14919
14919 9538 26097
12927 9831 23032
9831 12927 23032
23032 9831 12927
21416 521 14200
521 14200 21416
14200 521 21416
2907 14184 23479
23479 2907 14184
14184 2907 23479
12825 10563 24407
10563 12825 24407
24407 10563 12825
28523 14333 29974
29974 14333 28523
14333 28523 29974
24589 8942 15835
15835 8942 24589
8942 15835 24589
19467 3193 13781
13781 3193 19467
3193 13781 19467
26075 16003 19068
19068 16003 26075
16003 19068 26075
17460 5965 29954
5965 17460 29954
29954 5965 17460
21084 696 4640
696 4640 21084
4640 696 21084
6118 15687 29709
29709 6118 15687
15687 6118 29709
1554 1101 29368
29368 1101 1554
1101 1554 29368
28271 1235 14451
14451 1235 28271
1235 14451 28271
4362 4865 27412
4865 4362 27412
27412 4362 4865
4681 7048 22266
22266 4681 7048
7048 4681 22266
23170 2502 15113
15113 2502 23170
2502 15113 23170
9064 13999 16112
16112 9064 13999
13999 9064 16112
599 10485 27443
27443 599 10485
10485 599 27443
27022 21729 24640
24640 21729 27022
21729 24640 27022
16808 5082 17685
5082 16808 17685
17685 5082 16808
28660 14064 19240
14064 19240 28660
19240 14064 28660
12461 18966 22590
18966 12461 22590
22590 12461 18966
24953 1200 4811
4811 1200 24953
1200 4811 24953
1521 6945 11625
6945 1521 11625
11625 1521 6945
7718 9907 10395
9907 7718 10395
10395 7718 9907
24034 2638 27936
2638 24034 27936
27936 2638 24034
12660 1700 21952
21952 1700 12660
1700 12660 21952
3785 734 17435
734 3785 17435
17435 734 3785
17285 14978 24083
14978 17285 24083
24083 14978 17285
1241 6805 7803
7803 1241 6805
6805 1241 7803
17790 3214 26575
26575 3214 17790
3214 17790 26575
2422 14927 17406
17406 2422 14927
14927 2422 17406
13543 16070 18876
16070 13543 18876
18876 13543 16070
8828 4632 18868
4632 8828 18868
18868 4632 8828
18466 5083 19538
5083 18466 19538
19538 5083 18466
1368 9194 28980
9194 1368 28980
28980 1368 9194
10072 10791 19983
19983 10072 10791
10791 10072 19983
15269 13071 29064
13071 15269 29064
29064 13071 15269
14644 11596 24779
24779 11596 14644
11596 14644 24779
4228 16304 27155
16304 4228 27155
27155 4228 16304
9205 13210 19139
19139 9205 13210
13210 9205 19139
21647 23690 25904
23690 21647 25904
25904 21647 23690
17453 4480 16565
4480 16565 17453
16565 4480 17453
6309 23183 28943
23183 6309 28943
28943 6309 23183
19350 4655 5284
4655 5284 19350
5284 4655 19350
26998 14209 28475
28475 14209 26998
14209 26998 28475
4486 3577 5449
3577 4486 5449
5449 3577 4486
15300 8150 14298
8150 14298 15300
14298 8150 15300
6935 2440 14144
14144 2440 6935
2440 6935 14144
25616 12784 12870
12784 12870 25616
12870 12784 25616
9521 1925 24395
24395 1925 9521
1925 9521 24395
24391 8397 11700
8397 11700 24391
11700 8397 24391
24745 9435 13123
9435 13123 24745
13123 9435 24745
12360 8006 21646
21646 8006 12360
8006 12360 21646
12259 8245 16196
8245 12259 16196
16196 8245 12259
27892 1936 16645
1936 16645 27892
16645 1936 27892
8856 4776 6295
6295 4776 8856
4776 6295 8856
315 2464 4516
4516 315 2464
2464 315 4516
10255 19054 22578
22578 10255 19054
19054 10255 22578
1360 13645 25484
25484 1360 13645
13645 1360 25484
24841 7746 29267
7746 24841 29267
29267 7746 24841
1078 17394 19869
19869 1078 17394
17394 1078 19869
19973 5810 29050
29050 5810 19973
5810 19973 29050
28722 1963 8107
8107 1963 28722
1963 8107 28722
8180 14279 24566
14279 8180 24566
24566 8180 14279
9017 10130 16226
16226 9017 10130
10130 9017 16226
12858 21291 29845
29845 12858 21291
21291 12858 29845
861 6333 10254
10254 861 6333
6333 861 10254
26901 41 29470
29470 41 26901
41 26901 29470
1300 11869 12418
12418 1300 11869
11869 1300 12418
6062 21996 22412
22412 6062 21996
21996 6062 22412
4988 5982 29953
29953 4988 5982
5982 4988 29953
19322 2415 26352
2415 19322 26352
26352 2415 19322
29851 9308 23231
23231 9308 29851
9308 23231 29851
20246 13633 19159
13633 19159 20246
19159 13633 20246
8268 3494 24092
24092 3494 8268
3494 8268 24092
6625 25669 29728
25669 6625 29728
29728 6625 25669
5061 2664 26762
26762 2664 5061
2664 5061 26762
7034 4072 27870
4072 7034 27870
27870 4072 7034
18055 20949 29054
20949 18055 29054
29054 18055 20949
16592 14672 28411
28411 14672 16592
14672 16592 28411
1625 13464 28151
28151 1625 13464
13464 1625 28151
357 6034 11352
6034 357 11352
11352 357 6034
17675 9000 22243
22243 9000 17675
9000 17675 22243
10913 2620 9076
9076 2620 10913
2620 9076 10913
3318 3011 4111
4111 3011 3318
3011 3318 4111
9366 15514 17683
15514 9366 17683
17683 9366 15514
10788 24509 27751
24509 10788 27751
27751 10788 24509
12247 4991 15759
15759 4991 12247
4991 12247 15759
3591 890 12269
12269 890 3591
890 3591 12269
12310 15987 19292
15987 12310 19292
19292 12310 15987
9594 1263 2645
2645 1263 9594
1263 2645 9594
8781 5607 24952
24952 5607 8781
5607 8781 24952
7968 519 22898
22898 519 7968
519 7968 22898
6966 7542 11397
7542 6966 11397
11397 6966 7542
13903 3522 15956
15956 3522 13903
3522 13903 15956
17948 988 3051
3051 988 17948
988 3051 17948
6026 19061 22756
19061 6026 22756
22756 6026 19061
2719 3237 13136
3237 2719 13136
13136 2719 3237
19855 7270 26083
7270 19855 26083
26083 7270 19855
14591 22408 29933
22408 14591 29933
29933 14591 22408
12410 14704 24991
14704 12410 24991
24991 12410 14704
18158 6362 15277
6362 15277 18158
15277 6362 18158
29154 180 12568
180 12568 29154
12568 180 29154
11281 17044 27697
27697 11281 17044
17044 11281 27697
8889 5850 15135
5850 8889 15135
15135 5850 8889
26696 9935 13519
13519 9935 26696
9935 13519 26696
6557 17768 23658
23658 6557 17768
17768 6557 23658
28579 10043 26431
26431 10043 28579
10043 26431 28579
10199 27945 29815
29815 10199 27945
27945 10199 29815
4073 14950 20488
14950 4073 20488
20488 4073 14950
16560 5287 13343
5287 13343 16560
13343 5287 16560
26625 18213 21493
21493 18213 26625
18213 21493 26625
29917 592 13072
13072 592 29917
592 13072 29917
25188 25176 27959
25176 25188 27959
27959 25176 25188
25397 16414 22551
16414 22551 25397
22551 16414 25397
6547 16963 18896
18896 6547 16963
16963 6547 18896
13279 450 25459
25459 450 13279
450 13279 25459
26086 7428 16184
16184 7428 26086
7428 16184 26086
12353 6176 27433
6176 12353 27433
27433 6176 12353
15517 13815 29346
29346 13815 15517
13815 15517 29346
16459 70 20776
20776 70 16459
70 16459 20776
12384 7869 8605
8605 7869 12384
7869 8605 12384
20828 434 13625
13625 434 20828
434 13625 20828
14181 1363 26568
26568 1363 14181
1363 14181 26568
20862 13814 28793
13814 20862 28793
28793 13814 20862
20397 9466 12824
9466 12824 20397
12824 9466 20397
25472 4320 10268
10268 4320 25472
4320 10268 25472
19565 16983 29327
29327 16983 19565
16983 19565 29327
21754 1685 1711
1711 1685 21754
1685 1711 21754
4451 11860 20736
11860 4451 20736
20736 4451 11860
21400 20787 25975
25975 20787 21400
20787 21400 25975
15551 9353 10921
10921 9353 15551
9353 10921 15551
26971 13869 15261
13869 15261 26971
15261 13869 26971
25236 22152 23118
23118 22152 25236
22152 23118 25236
11792 22949 28044
22949 11792 28044
28044 11792 22949
17880 6917 7271
6917 7271 17880
7271 6917 17880
16676 16150 20071
16150 16676 20071
20071 16150 16676
7939 906 22304
906 7939 22304
22304 906 7939
23127 25114 27193
27193 23127 25114
25114 23127 27193
23797 11132 24175
11132 23797 24175
24175 11132 23797
21834 9839 27195
27195 9839 21834
9839 21834 27195
14219 11204 25647
25647 11204 14219
11204 14219 25647
17225 4605 22473
4605 17225 22473
22473 4605 17225
19737 2917 25860
25860 2917 19737
2917 19737 25860
23169 953 22198
22198 953 23169
953 22198 23169
28690 21367 28204
28204 21367 28690
21367 28204 28690
14867 3417 16550
16550 3417 14867
3417 14867 16550
26175 22505 26922
26922 22505 26175
22505 26175 26922
8687 105 26811
26811 105 8687
105 8687 26811
20255 8102 14213
8102 14213 20255
14213 8102 20255
29839 2970 6543
2970 6543 29839
6543 2970 29839
9845 905 23779
905 9845 23779
23779 905 9845
26341 23395 28847
28847 23395 26341
23395 26341 28847
1565 21462 25384
21462 1565 25384
25384 1565 21462
10147 3410 22012
22012 3410 10147
3410 10147 22012
307 5631 7686
7686 307 5631
5631 307 7686
21628 4944 23552
23552 4944 21628
4944 21628 23552
2840 22220 23659
23659 2840 22220
22220 2840 23659
4308 849 2701
2701 849 4308
849 2701 4308
19304 10997 29276
29276 10997 19304
10997 19304 29276
19524 3089 10808
3089 10808 19524
10808 3089 19524
16760 13351 24085
24085 13351 16760
13351 16760 24085
368 21811 28699
21811 368 28699
28699 368 21811
18084 7947 24958
24958 7947 18084
7947 18084 24958
9872 18181 20577
20577 9872 18181
18181 9872 20577
12929 21487 26160
21487 12929 26160
26160 12929 21487
15162 8384 29855
8384 15162 29855
29855 8384 15162
828 1138 16716
16716 828 1138
1138 828 16716
2848 8836 23812
8836 2848 23812
23812 2848 8836
16512 1458 25476
1458 16512 25476
25476 1458 16512
20394 17398 17987
17987 17398 20394
17398 17987 20394
22136 19692 29461
29461 19692 22136
19692 22136 29461
28701 16731 21356
16731 21356 28701
21356 16731 28701
20836 5660 8610
8610 5660 20836
5660 8610 20836
10890 10940 26979
26979 10890 10940
10940 10890 26979
14125 7604 11340
7604 11340 14125
11340 7604 14125
17423 1627 14910
14910 1627 17423
1627 14910 17423
12950 19241 23268
23268 12950 19241
19241 12950 23268
9082 5409 13658
5409 9082 13658
13658 5409 9082
25603 1786 6371
1786 6371 25603
6371 1786 25603
8908 28753 29448
29448 8908 28753
28753 8908 29448
12007 12020 19837
19837 12007 12020
12020 12007 19837
55 2978 6025
6025 55 2978
2978 55 6025
27733 7628 19783
7628 19783 27733
19783 7628 27733
29249 9710 19237
9710 19237 29249
19237 9710 29249
14941 28733 29287
29287 14941 28733
28733 14941 29287
20901 598 1807
598 1807 20901
1807 598 20901
19405 5724 20535
5724 19405 20535
20535 5724 19405
12385 24088 26782
24088 12385 26782
26782 12385 24088
14853 2786 3726
2786 3726 14853
3726 2786 14853
5666 10466 27276
10466 5666 27276
27276 5666 10466
10598 14830 28433
28433 10598 14830
14830 10598 28433
15719 958 19530
19530 958 15719
958 15719 19530
951 11747 27989
27989 951 11747
11747 951 27989
20734 2474 6032
6032 2474 20734
2474 6032 20734
28800 1534 6275
6275 1534 28800
1534 6275 28800
18140 3996 19886
19886 3996 18140
3996 18140 19886
20891 5349 28283
28283 5349 20891
5349 20891 28283
27767 3331 29029
3331 27767 29029
29029 3331 27767
18375 2863 6251
2863 6251 18375
6251 2863 18375
29750 731 15975
15975 731 29750
731 15975 29750
4725 16328 23184
23184 4725 16328
16328 4725 23184
8047 19070 21352
21352 8047 19070
19070 8047 21352
26529 310 5007
310 5007 26529
5007 310 26529
24218 17835 29695
17835 24218 29695
29695 17835 24218
17558 3783 16097
16097 3783 17558
3783 16097 17558
11728 18030 28155
18030 11728 28155
28155 11728 18030
10834 264 5037
264 5037 10834
5037 264 10834
1073 19224 23565
23565 1073 19224
19224 1073 23565
11858 3997 9419
9419 3997 11858
3997 9419 11858
21249 6754 23527
23527 6754 21249
6754 21249 23527
10928 10092 21998
21998 10092 10928
10092 10928 21998
6860 3208 8271
8271 3208 6860
3208 6860 8271
7626 6402 23334
23334 6402 7626
6402 7626 23334
21452 9985 23715
9985 21452 23715
23715 9985 21452
25852 12602 20675
20675 12602 25852
12602 20675 25852
16841 12922 27440
12922 16841 27440
27440 12922 16841
4992 5339 12815
12815 4992 5339
5339 4992 12815
22389 5584 21101
5584 21101 22389
21101 5584 22389
20825 2272 20402
2272 20402 20825
20402 2272 20825
17326 20197 29512
29512 17326 20197
20197 17326 29512
8045 12311 16896
12311 8045 16896
16896 8045 12311
18451 10070 19076
19076 10070 18451
10070 18451 19076
26082 3550 22003
3550 22003 26082
22003 3550 26082
14349 13695 21697
13695 14349 21697
21697 13695 14349
23095 5529 15291
15291 5529 23095
5529 15291 23095
16488 12699 14833
12699 14833 16488
14833 12699 16488
16407 17713 25653
25653 16407 17713
17713 16407 25653
15876 4117 27386
27386 4117 15876
4117 15876 27386
26557 14878 25347
14878 25347 26557
25347 14878 26557
22630 15345 23288
23288 15345 22630
15345 22630 23288
15308 1313 7418
1313 7418 15308
7418 1313 15308
18217 9613 10778
10778 9613 18217
9613 10778 18217
3322 9513 13468
13468 3322 9513
9513 3322 13468
13817 14419 25412
25412 13817 14419
14419 13817 25412
58 499 8293
499 58 8293
8293 58 499
23670 10505 29423
29423 10505 23670
10505 23670 29423
8486 12093 22341
12093 8486 22341
22341 8486 12093
14764 3042 3941
3941 3042 14764
3042 3941 14764
23863 18678 28926
28926 18678 23863
18678 23863 28926
14503 3805 3988
3805 3988 14503
3988 3805 14503
29395 2567 12465
12465 2567 29395
2567 12465 29395
28868 3299 7687
7687 3299 28868
3299 7687 28868
20764 382 10383
10383 382 20764
382 10383 20764
2727 19996 28996
19996 2727 28996
28996 2727 19996
18631 1803 9846
1803 9846 18631
9846 1803 18631
14466 19642 28190
28190 14466 19642
19642 14466 28190
28949 7259 24057
24057 7259 28949
7259 24057 28949
2659 17217 20200
17217 2659 20200
20200 2659 17217
7588 15327 19502
15327 7588 19502
19502 7588 15327
24573 9006 10745
10745 9006 24573
9006 10745 24573
3603 4065 22115
22115 3603 4065
4065 3603 22115
25913 3533 3590
3590 3533 25913
3533 3590 25913
22287 6690 13699
6690 13699 22287
13699 6690 22287
5836 576 23114
576 5836 23114
23114 576 5836
8872 2660 2857
2857 2660 8872
2660 2857 8872
5859 4345 22885
22885 4345 5859
4345 5859 22885
13644 10938 14347
14347 10938 13644
10938 13644 14347
19749 3009 11334
3009 11334 19749
11334 3009 19749
1136 1228 15285
1228 1136 15285
15285 1136 1228
16087 15313 18027
15313 16087 18027
18027 15313 16087
2243 13894 24040
13894 2243 24040
24040 2243 13894
591 4686 6494
6494 591 4686
4686 591 6494
13767 9684 14959
14959 9684 13767
9684 13767 14959
3882 7645 23831
7645 3882 23831
23831 3882 7645
22675 7540 15967
15967 7540 22675
7540 15967 22675
13818 14546 15615
15615 13818 14546
14546 13818 15615
29913 12565 19606
12565 19606 29913
19606 12565 29913
1021 11545 21902
21902 1021 11545
11545 1021 21902
4658 1504 11905
11905 1504 4658
1504 4658 11905
1398 22461 29202
22461 1398 29202
29202 1398 22461
972 2841 15752
2841 972 15752
15752 972 2841
8113 5330 23703
5330 8113 23703
23703 5330 8113
9134 3979 28648
3979 9134 28648
28648 3979 9134
21331 18395 27428
27428 18395 21331
18395 21331 27428
19670 17662 23298
23298 17662 19670
17662 19670 23298
9862 3789 14932
3789 9862 14932
14932 3789 9862
17221 15110 20099
20099 15110 17221
15110 17221 20099
11418 7722 14344
7722 11418 14344
14344 7722 11418
29057 4122 20846
4122 20846 29057
20846 4122 29057
10188 6031 23366
6031 10188 23366
23366 6031 10188
23876 1162 10402
1162 10402 23876
10402 1162 23876
625 17034 19866
17034 625 19866
19866 625 17034
13411 2402 16804
2402 13411 16804
16804 2402 13411
24715 2003 26078
26078 2003 24715
2003 24715 26078
29230 4743 29462
4743 29230 29462
29462 4743 29230
29069 727 28716
727 28716 29069
28716 727 29069
19354 3076 24549
3076 19354 24549
24549 3076 19354
7732 1001 11977
1001 7732 11977
11977 1001 7732
6147 20303 20344
20303 6147 20344
20344 6147 20303
27610 6810 11640
6810 11640 27610
11640 6810 27610
21167 10630 21197
21197 10630 21167
10630 21167 21197
3987 6499 8835
8835 3987 6499
6499 3987 8835
380 9774 15795
9774 380 15795
15795 380 9774
19926 25906 27332
27332 19926 25906
25906 19926 27332
26873 15408 18832
18832 15408 26873
15408 18832 26873
26585 11671 14656
14656 11671 26585
11671 14656 26585
19877 16151 22926
22926 16151 19877
16151 19877 22926
28672 7490 7878
7490 7878 28672
7878 7490 28672
25035 209 27489
27489 209 25035
209 25035 27489
11042 14904 18206
14904 11042 18206
18206 11042 14904
17707 20716 26374
20716 17707 26374
26374 17707 20716
4533 6442 12720
6442 4533 12720
12720 4533 6442
28663 25089 29829
29829 25089 28663
25089 28663 29829
4525 18716 27835
27835 4525 18716
18716 4525 27835
28216 22507 24683
24683 22507 28216
22507 24683 28216
7346 15971 23163
15971 7346 23163
23163 7346 15971
13008 16577 27466
16577 13008 27466
27466 13008 16577
26571 24355 28920
24355 26571 28920
28920 24355 26571
18614 536 29466
536 18614 29466
29466 536 18614
16492 3129 6941
6941 3129 16492
3129 6941 16492
20339 190 8395
8395 190 20339
190 8395 20339
21434 21971 29732
21971 21434 29732
29732 21434 21971
27341 3931 27581
3931 27341 27581
27581 3931 27341
17664 22972 25589
22972 17664 25589
25589 17664 22972
5912 4032 15270
4032 5912 15270
15270 4032 5912
4338 8153 24939
24939 4338 8153
8153 4338 24939
16825 14600 25513
14600 16825 25513
25513 14600 16825
10555 2160 24636
24636 2160 10555
2160 10555 24636
9634 2700 21660
21660 2700 9634
2700 9634 21660
21835 27796 28001
27796 21835 28001
28001 21835 27796
9388 20914 28787
28787 9388 20914
20914 9388 28787
9951 13498 15780
13498 9951 15780
15780 9951 13498
29132 1433 17903
17903 1433 29132
1433 17903 29132
1951 2570 4238
2570 1951 4238
4238 1951 2570
10859 22946 26904
26904 10859 22946
22946 10859 26904
23927 5322 6102
5322 6102 23927
6102 5322 23927
1488 7156 25718
25718 1488 7156
7156 1488 25718
5018 388 5165
388 5018 5165
5165 388 5018
25711 4817 14531
14531 4817 25711
4817 14531 25711
25241 3836 25138
3836 25138 25241
25138 3836 25241
8433 15542 22163
22163 8433 15542
15542 8433 22163
10488 13040 22717
22717 10488 13040
13040 10488 22717
23159 4342 24608
24608 4342 23159
4342 23159 24608
16431 11876 12894
12894 11876 16431
11876 12894 16431
28116 22381 26701
22381 26701 28116
26701 22381 28116
9132 10551 23515
10551 9132 23515
23515 9132 10551
5244 11741 23373
11741 5244 23373
23373 5244 11741
14256 9656 25948
9656 14256 25948
25948 9656 14256
8945 23892 28635
28635 8945 23892
23892 8945 28635
12299 18666 20760
18666 12299 20760
20760 12299 18666
28626 17959 28510
28510 17959 28626
17959 28510 28626
20304 5163 11266
5163 11266 20304
11266 5163 20304
529 7791 8721
7791 529 8721
8721 529 7791
7603 1143 13339
13339 1143 7603
1143 7603 13339
5302 3831 7780
7780 3831 5302
3831 5302 7780
27289 15307 20596
20596 15307 27289
15307 20596 27289
16974 8259 20847
8259 16974 20847
20847 8259 16974
1911 11734 12581
11734 1911 12581
12581 1911 11734
487 4420 19578
19578 487 4420
4420 487 19578
13164 10312 22875
10312 13164 22875
22875 10312 13164
14653 7705 19531
19531 7705 14653
7705 14653 19531
5722 136 15732
15732 136 5722
136 5722 15732
9969 22941 27321
27321 9969 22941
22941 9969 27321
27280 1314 20641
1314 20641 27280
20641 1314 27280
12663 19854 27797
27797 12663 19854
19854 12663 27797
17671 13281 24183
13281 17671 24183
24183 13281 17671
12326 13446 28794
13446 12326 28794
28794 12326 13446
1153 504 6507
504 1153 6507
6507 504 1153
17422 12216 25731
12216 17422 25731
25731 12216 17422
11209 4116 14646
14646 4116 11209
4116 11209 14646
25447 3339 15974
15974 3339 25447
3339 15974 25447
18163 22697 26792
22697 18163 26792
26792 18163 22697
29997 16874 17962
16874 17962 29997
17962 16874 29997
17686 6765 16373
6765 16373 17686
16373 6765 17686
24199 14056 20978
14056 20978 24199
20978 14056 24199
12198 2211 8485
2211 8485 12198
8485 2211 12198
13748 8730 21586
8730 13748 21586
21586 8730 13748
26676 9832 17216
17216 9832 26676
9832 17216 26676
18651 1152 3405
1152 3405 18651
3405 1152 18651
14584 4930 18201
4930 14584 18201
18201 4930 14584
7147 2004 10792
10792 2004 7147
2004 7147 10792
27014 28514 28872
28514 27014 28872
28872 27014 28514
24310 14564 15019
14564 15019 24310
15019 14564 24310
16519 14541 20542
20542 14541 16519
14541 16519 20542
24228 6196 27212
6196 24228 27212
27212 6196 24228
21484 3200 19801
19801 3200 21484
3200 19801 21484
16479 5565 9429
5565 9429 16479
9429 5565 16479
11509 22950 26867
22950 11509 26867
26867 11509 22950
11417 2122 14472
2122 11417 14472
14472 2122 11417
28009 13542 27203
13542 27203 28009
27203 13542 28009
4011 4044 14972
4044 4011 14972
14972 4011 4044
9038 3460 23860
23860 3460 9038
3460 9038 23860
28644 13705 29900
29900 13705 28644
13705 28644 29900
23225 7395 10576
10576 7395 23225
7395 10576 23225
6461 17488 24240
17488 6461 24240
24240 6461 17488
21511 23653 25539
23653 21511 25539
25539 21511 23653
21032 335 9597
9597 335 21032
335 9597 21032
12738 15092 28120
28120 12738 15092
15092 12738 28120
21695 11801 15969
15969 11801 21695
11801 15969 21695
607 11495 27965
27965 607 11495
11495 607 27965
7760 648 1358
648 1358 7760
1358 648 7760
11555 24861 26522
24861 11555 26522
26522 11555 24861
29453 330 28409
330 28409 29453
28409 330 29453
25422 25922 27863
25922 25422 27863
27863 25422 25922
27312 2425 21220
21220 2425 27312
2425 21220 27312
20168 2672 4667
4667 2672 20168
2672 4667 20168
14847 10214 21048
21048 10214 14847
10214 14847 21048
17846 5542 26814
26814 5542 17846
5542 17846 26814
4467 3636 18504
3636 4467 18504
18504 3636 4467
7813 16981 28855
28855 7813 16981
16981 7813 28855
4441 7784 13058
13058 4441 7784
7784 4441 13058
13328 14766 26986
26986 13328 14766
14766 13328 26986
25612 17519 19536
17519 19536 25612
19536 17519 25612
17515 769 16349
769 16349 17515
16349 769 17515
28273 14444 26494
14444 26494 28273
26494 14444 28273
21189 22075 25122
22075 21189 25122
25122 21189 22075
3659 22762 28696
28696 3659 22762
22762 3659 28696
25246 5555 23160
23160 5555 25246
5555 23160 25246
25590 14357 19710
19710 14357 25590
14357 19710 25590
5490 13986 29642
13986 5490 29642
29642 5490 13986
15386 6294 17281
6294 15386 17281
17281 6294 15386
27027 2755 25895
25895 2755 27027
2755 25895 27027
9288 23881 27699
27699 9288 23881
23881 9288 27699
12196 1975 2386
1975 2386 12196
2386 1975 12196
26842 13026 19873
19873 13026 26842
13026 19873 26842
17944 3020 4925
4925 3020 17944
3020 4925 17944
11231 8979 20296
8979 11231 20296
20296 8979 11231
22998 9617 16504
9617 16504 22998
16504 9617 22998
14484 7663 12569
12569 7663 14484
7663 12569 14484
26423 13249 26923
13249 26423 26923
26923 13249 26423
17660 11528 17918
17918 11528 17660
11528 17660 17918
16750 2199 21772
21772 2199 16750
2199 16750 21772
15056 3623 18195
3623 15056 18195
18195 3623 15056
19313 10803 23013
10803 19313 23013
23013 10803 19313
17544 14736 25815
14736 17544 25815
25815 14736 17544
21776 7057 15302
15302 7057 21776
7057 15302 21776
17830 6142 29260
6142 17830 29260
29260 6142 17830
10646 11268 27175
11268 10646 27175
27175 10646 11268
10202 6468 19793
6468 10202 19793
19793 6468 10202
8579 7000 13170
7000 8579 13170
13170 7000 8579
20839 1517 10368
10368 1517 20839
1517 10368 20839
6871 18564 28718
28718 6871 18564
18564 6871 28718
4916 22258 22529
22258 4916 22529
22529 4916 22258
6064 28459 29521
29521 6064 28459
28459 6064 29521
5914 1598 9876
9876 1598 5914
1598 5914 9876
27074 2450 19533
19533 2450 27074
2450 19533 27074
5714 3883 29691
29691 3883 5714
3883 5714 29691
4222 9443 9956
9956 4222 9443
9443 4222 9956
12987 3727 18291
3727 12987 18291
18291 3727 12987
5017 14314 21640
21640 5017 14314
14314 5017 21640
24210 26592 28735
28735 24210 26592
26592 24210 28735
24322 8088 19468
8088 19468 24322
19468 8088 24322
3224 10350 11193
11193 3224 10350
10350 3224 11193
1232 15369 23433
15369 1232 23433
23433 1232 15369
7613 10700 19428
19428 7613 10700
10700 7613 19428
29401 16691 21109
21109 16691 29401
16691 21109 29401
3648 10427 21179
21179 3648 10427
10427 3648 21179
1542 6686 13998
13998 1542 6686
6686 1542 13998
23145 14933 20149
14933 20149 23145
20149 14933 23145
25454 11322 29176
11322 25454 29176
29176 11322 25454
5728 8374 27993
8374 5728 27993
27993 5728 8374
27833 114 9987
114 9987 27833
9987 114 27833
7305 13630 22596
22596 7305 13630
13630 7305 22596
10920 2404 11587
2404 10920 11587
11587 2404 10920
25160 16633 26642
26642 16633 25160
16633 25160 26642
20628 5353 21847
21847 5353 20628
5353 20628 21847
10273 5457 14715
14715 5457 10273
5457 10273 14715
11619 2359 20334
2359 11619 20334
20334 2359 11619
6976 25356 29869
29869 6976 25356
25356 6976 29869
7884 4246 20678
20678 4246 7884
4246 7884 20678
26558 4542 5418
5418 4542 26558
4542 5418 26558
2470 17812 26960
26960 2470 17812
17812 2470 26960
4579 5500 13303
13303 4579 5500
5500 4579 13303
26977 17569 20548
17569 20548 26977
20548 17569 26977
28825 17847 26822
17847 26822 28825
26822 17847 28825
4215 709 5315
5315 709 4215
709 4215 5315
22614 2296 7642
7642 2296 22614
2296 7642 22614
25281 27929 29414
27929 25281 29414
29414 25281 27929
1654 10727 11910
11910 1654 10727
10727 1654 11910
1055 4836 9256
9256 1055 4836
4836 1055 9256
14640 21393 23107
23107 14640 21393
21393 14640 23107
3107 16849 22324
22324 3107 16849
16849 3107 22324
12412 5263 29661
29661 5263 12412
5263 12412 29661
13812 1901 21654
1901 13812 21654
21654 1901 13812
2603 466 22288
22288 466 2603
466 2603 22288
12030 1831 18796
18796 1831 12030
1831 12030 18796
12691 8740 13304
13304 8740 12691
8740 12691 13304
2046 921 14362
14362 921 2046
921 2046 14362
10531 11810 12791
12791 10531 11810
11810 10531 12791
16461 19328 29689
29689 16461 19328
19328 16461 29689
716 10679 24984
10679 716 24984
24984 716 10679
25117 17986 29879
17986 25117 29879
29879 17986 25117
13492 4479 28897
28897 4479 13492
4479 13492 28897
6894 21099 29872
29872 6894 21099
21099 6894 29872
14232 25776 26328
26328 14232 25776
25776 14232 26328
588 3793 28873
3793 588 28873
28873 588 3793
15395 10091 15621
10091 15395 15621
15621 10091 15395
29136 20684 24673
20684 24673 29136
24673 20684 29136
9284 15507 17634
17634 9284 15507
15507 9284 17634
8724 11212 17213
11212 8724 17213
17213 8724 11212
10200 7661 23718
7661 10200 23718
23718 7661 10200
26183 23224 26887
26887 23224 26183
23224 26183 26887
4028 7984 26565
26565 4028 7984
7984 4028 26565
12603 1539 29999
1539 12603 29999
29999 1539 12603
11738 16503 17973
16503 11738 17973
17973 11738 16503
13158 12804 24601
12804 13158 24601
24601 12804 13158
25028 12233 21672
12233 21672 25028
21672 12233 25028
10586 1004 19150
19150 1004 10586
1004 10586 19150
21151 3469 7561
7561 3469 21151
3469 7561 21151
14175 13317 15620
15620 13317 14175
13317 14175 15620
19181 4754 23360
23360 4754 19181
4754 19181 23360
26037 1248 6730
1248 6730 26037
6730 1248 26037
5545 9091 17463
9091 5545 17463
17463 5545 9091
2851 9677 18680
18680 2851 9677
9677 2851 18680
10392 2308 10217
2308 10217 10392
10217 2308 10392
1508 4648 13455
4648 1508 13455
13455 1508 4648
25393 5652 14816
5652 14816 25393
14816 5652 25393
14458 803 21203
803 14458 21203
21203 803 14458
28343 7094 29739
7094 28343 29739
29739 7094 28343
5253 10779 20562
20562 5253 10779
10779 5253 20562
11716 8973 18771
18771 8973 11716
8973 11716 18771
20069 9403 9505
9505 9403 20069
9403 9505 20069
21718 11991 27694
27694 11991 21718
11991 21718 27694
12029 12590 20792
12590 12029 20792
20792 12029 12590
23331 15939 18412
18412 15939 23331
15939 18412 23331
19041 16782 21382
21382 16782 19041
16782 19041 21382
2053 1377 7847
7847 1377 2053
1377 2053 7847
13327 10396 28643
28643 10396 13327
10396 13327 28643
18329 7972 25684
25684 7972 18329
7972 18329 25684
22629 1323 10837
10837 1323 22629
1323 10837 22629
4219 616 13201
616 4219 13201
13201 616 4219
225 2655 5081
5081 225 2655
2655 225 5081
11608 10588 12338
12338 10588 11608
10588 11608 12338
6477 24855 29531
24855 6477 29531
29531 6477 24855
29554 447 20607
447 20607 29554
20607 447 29554
9901 17196 20293
17196 9901 20293
20293 9901 17196
27325 165 25085
25085 165 27325
165 25085 27325
15540 7276 21533
21533 7276 15540
7276 15540 21533
4068 13590 22915
13590 4068 22915
22915 4068 13590
18130 18361 27037
27037 18130 18361
18361 18130 27037
619 4366 6825
6825 619 4366
4366 619 6825
2218 23351 25157
25157 2218 23351
23351 2218 25157
24661 10139 12088
12088 10139 24661
10139 12088 24661
9322 36 6323
6323 36 9322
36 6323 9322
27907 13988 28957
13988 27907 28957
28957 13988 27907
15883 3349 9173
3349 9173 15883
9173 3349 15883
10735 21490 25270
25270 10735 21490
21490 10735 25270
24634 17484 25609
25609 17484 24634
17484 24634 25609
29609 14525 20865
14525 20865 29609
20865 14525 29609
26929 10333 17694
17694 10333 26929
10333 17694 26929
20658 16173 23974
16173 20658 23974
23974 16173 20658
24291 4795 16556
4795 16556 24291
16556 4795 24291
7326 4437 15006
4437 7326 15006
15006 4437 7326
16375 24086 26365
26365 16375 24086
24086 16375 26365
14047 4311 14510
4311 14047 14510
14510 4311 14047
8344 16088 25777
25777 8344 16088
16088 8344 25777
11777 21633 24400
24400 11777 21633
21633 11777 24400
2756 21358 28770
28770 2756 21358
21358 2756 28770
23259 13628 27982
27982 13628 23259
13628 23259 27982
6932 8565 26375
26375 6932 8565
8565 6932 26375
23310 6321 19702
6321 19702 23310
19702 6321 23310
14840 12585 23178
12585 14840 23178
23178 12585 14840
26753 9438 9883
9438 9883 26753
9883 9438 26753
8496 4793 26298
4793 8496 26298
26298 4793 8496
9292 6790 19955
19955 6790 9292
6790 9292 19955
26380 12850 23000
23000 12850 26380
12850 23000 26380
29304 23489 28739
28739 23489 29304
23489 28739 29304
23030 13521 20328
13521 20328 23030
20328 13521 23030
9156 3531 18574
18574 3531 9156
3531 9156 18574
26499 14971 28604
28604 14971 26499
14971 26499 28604
7892 7783 26203
26203 7783 7892
7783 7892 26203
19965 13772 18783
13772 18783 19965
18783 13772 19965
23682 11865 23016
23016 11865 23682
11865 23016 23682
29078 20375 28448
20375 28448 29078
28448 20375 29078
19880 4807 29828
4807 19880 29828
29828 4807 19880
6316 16155 25652
16155 6316 25652
25652 6316 16155
5183 4001 6443
6443 4001 5183
4001 5183 6443
24797 1908 5614
1908 5614 24797
5614 1908 24797
19270 11755 29076
29076 11755 19270
11755 19270 29076
14544 17095 22890
17095 14544 22890
22890 14544 17095
12515 18717 26007
18717 12515 26007
26007 12515 18717
28684 27564 28356
27564 28356 28684
28356 27564 28684
18392 10083 22533
10083 18392 22533
22533 10083 18392
11125 7065 21287
21287 7065 11125
7065 11125 21287
25253 15765 26101
26101 15765 25253
15765 25253 26101
8862 15521 18991
18991 8862 15521
15521 8862 18991
28649 6735 14724
14724 6735 28649
6735 14724 28649
26076 12517 27670
12517 26076 27670
27670 12517 26076
16053 5202 14240
5202 14240 16053
14240 5202 16053
10768 24925 25110
25110 10768 24925
24925 10768 25110
2316 400 21326
400 2316 21326
21326 400 2316
13345 2726 13470
13470 2726 13345
2726 13345 13470
1713 11595 20936
11595 1713 20936
20936 1713 11595
25768 7988 10437
7988 10437 25768
10437 7988 25768
700 17593 28571
17593 700 28571
28571 700 17593
5223 694 25572
694 5223 25572
25572 694 5223
22882 185 10020
10020 185 22882
185 10020 22882
12109 98 15565
98 12109 15565
15565 98 12109
22172 11373 22272
11373 22172 22272
22272 11373 22172
4084 1189 14439
1189 4084 14439
14439 1189 4084
21874 14677 27852
27852 14677 21874
14677 21874 27852
28831 8122 20800
8122 20800 28831
20800 8122 28831
21037 8848 12095
8848 12095 21037
12095 8848 21037
13015 19417 28914
19417 13015 28914
28914 13015 19417
9497 8176 28900
28900 8176 9497
8176 9497 28900
594 8415 19537
19537 594 8415
8415 594 19537
1888 21473 28017
21473 1888 28017
28017 1888 21473
28430 4794 14487
14487 4794 28430
4794 14487 28430
28021 11947 24160
24160 11947 28021
11947 24160 28021
28583 8518 18221
8518 18221 28583
18221 8518 28583
4482 12474 22730
22730 4482 12474
12474 4482 22730
10220 3448 17121
3448 10220 17121
17121 3448 10220
12336 4630 25701
25701 4630 12336
4630 12336 25701
28797 17507 27663
27663 17507 28797
17507 27663 28797
1198 14115 22652
22652 1198 14115
14115 1198 22652
7881 2476 15720
2476 7881 15720
15720 2476 7881
