8884 1 21076
1 8884 21076
21076 1 8884
6010 17429 18465
18465 6010 17429
17429 6010 18465
1160 9226 28898
9226 1160 28898
28898 1160 9226
16017 20532 20661
20532 16017 20661
20661 16017 20532
6515 5884 14021
14021 5884 6515
5884 6515 14021
575 10582 22243
10582 575 22243
22243 575 10582
25377 21629 24635
21629 24635 25377
24635 21629 25377
13664 25430 28500
25430 13664 28500
28500 13664 25430
7150 5319 6259
5319 6259 7150
6259 5319 7150
27645 398 22188
398 22188 27645
22188 398 27645
845 2689 10152
10152 845 2689
2689 845 10152
6638 6449 11664
11664 6449 6638
6449 6638 11664
10736 20227 25219
20227 10736 25219
25219 10736 20227
18758 10067 13171
13171 10067 18758
10067 13171 18758
7886 8959 24728
8959 7886 24728
24728 7886 8959
11863 25179 26955
26955 11863 25179
25179 11863 26955
17743 2839 25906
25906 2839 17743
2839 17743 25906
16884 10596 20817
10596 16884 20817
20817 10596 16884
2535 17659 21914
21914 2535 17659
17659 2535 21914
4626 11861 28132
28132 4626 11861
11861 4626 28132
7494 20983 29523
20983 7494 29523
29523 7494 20983
18483 13084 19058
13084 18483 19058
19058 13084 18483
19458 13277 26868
13277 19458 26868
26868 13277 19458
6729 22244 24229
24229 6729 22244
22244 6729 24229
7437 22340 22736
22736 7437 22340
22340 7437 22736
19110 7809 22196
22196 7809 19110
7809 19110 22196
6035 20440 27543
20440 6035 27543
27543 6035 20440
9739 820 15124
15124 820 9739
820 9739 15124
28496 21332 26822
26822 21332 28496
21332 26822 28496
25863 9967 23637
23637 9967 25863
9967 23637 25863
7481 18367 26515
26515 7481 18367
18367 7481 26515
28118 9690 23288
9690 23288 28118
23288 9690 28118
7353 19211 25181
19211 7353 25181
25181 7353 19211
16729 12908 22219
22219 12908 16729
12908 16729 22219
4168 7738 11918
7738 4168 11918
11918 4168 7738
20973 2449 7859
7859 2449 20973
2449 7859 20973
22419 5381 12448
5381 12448 22419
12448 5381 22419
28574 12043 13777
13777 12043 28574
12043 13777 28574
16988 21178 29821
29821 16988 21178
21178 16988 29821
14467 5142 6560
6560 5142 14467
5142 6560 14467
25238 11374 17034
11374 17034 25238
17034 11374 25238
14274 2480 11730
2480 11730 14274
11730 2480 14274
10530 27670 28783
27670 10530 28783
28783 10530 27670
25461 2125 2772
2125 2772 25461
2772 2125 25461
9325 868 1924
868 1924 9325
1924 868 9325
26902 5391 15980
15980 5391 26902
5391 15980 26902
22969 5615 28900
5615 22969 28900
28900 5615 22969
29605 4109 8980
4109 8980 29605
8980 4109 29605
27576 6051 17552
17552 6051 27576
6051 17552 27576
8558 4759 5402
5402 4759 8558
4759 5402 8558
19339 2986 13406
13406 2986 19339
2986 13406 19339
15967 14461 16892
16892 14461 15967
14461 15967 16892
25754 4155 18793
18793 4155 25754
4155 18793 25754
25270 246 16839
16839 246 25270
246 16839 25270
4829 4550 28402
28402 4550 4829
4550 4829 28402
4088 22550 25794
22550 4088 25794
25794 4088 22550
13935 765 2192
765 2192 13935
2192 765 13935
16306 4130 4137
4130 4137 16306
4137 4130 16306
25518 14531 26082
14531 25518 26082
26082 14531 25518
18957 557 23645
23645 557 18957
557 18957 23645
21593 10531 16929
10531 16929 21593
16929 10531 21593
28251 8832 10682
8832 10682 28251
10682 8832 28251
2193 6675 7191
7191 2193 6675
6675 2193 7191
211 25701 29055
25701 211 29055
29055 211 25701
3869 1506 29399
29399 1506 3869
1506 3869 29399
26737 7847 15239
15239 7847 26737
7847 15239 26737
29770 2009 22167
22167 2009 29770
2009 22167 29770
8010 8455 12112
8455 8010 12112
12112 8010 8455
10788 6116 28391
6116 10788 28391
28391 6116 10788
27159 9346 22190
22190 9346 27159
9346 22190 27159
23926 10703 13060
10703 13060 23926
13060 10703 23926
1635 11812 14060
14060 1635 11812
11812 1635 14060
3838 3467 23344
3467 3838 23344
23344 3467 3838
29759 8254 17826
8254 17826 29759
17826 8254 29759
20510 3544 26686
26686 3544 20510
3544 20510 26686
21483 6438 16053
16053 6438 21483
6438 16053 21483
8438 7136 24300
24300 7136 8438
7136 8438 24300
28121 10371 26274
10371 26274 28121
26274 10371 28121
14236 19059 27119
19059 14236 27119
27119 14236 19059
3943 22692 29033
22692 3943 29033
29033 3943 22692
28749 13140 26550
13140 26550 28749
26550 13140 28749
26972 13463 29250
29250 13463 26972
13463 26972 29250
4754 4639 16905
16905 4639 4754
4639 4754 16905
5334 9109 23467
9109 5334 23467
23467 5334 9109
24720 4396 29281
29281 4396 24720
4396 24720 29281
14684 4443 26919
4443 14684 26919
26919 4443 14684
21127 551 28442
551 21127 28442
28442 551 21127
8881 14975 15172
14975 8881 15172
15172 8881 14975
5807 1638 18973
18973 1638 5807
1638 5807 18973
18918 19307 22714
22714 18918 19307
19307 18918 22714
6824 2959 7993
7993 2959 6824
2959 6824 7993
13250 2630 11249
2630 11249 13250
11249 2630 13250
18485 1064 10284
10284 1064 18485
1064 10284 18485
24157 13875 28501
28501 13875 24157
13875 24157 28501
8369 22647 27190
27190 8369 22647
22647 8369 27190
21457 4258 28520
28520 4258 21457
4258 21457 28520
22958 5415 25494
5415 22958 25494
25494 5415 22958
20266 12523 25482
25482 12523 20266
12523 20266 25482
23646 10747 20176
20176 10747 23646
10747 20176 23646
14618 9211 17318
9211 14618 17318
17318 9211 14618
5481 14294 29866
29866 5481 14294
14294 5481 29866
24137 24131 29561
24131 24137 29561
29561 24131 24137
6197 6202 17077
17077 6197 6202
6202 6197 17077
26662 14916 26711
14916 26662 26711
26711 14916 26662
23193 199 12505
12505 199 23193
199 12505 23193
7871 11669 17509
17509 7871 11669
11669 7871 17509
21325 8857 25803
25803 8857 21325
8857 21325 25803
11175 16977 22289
22289 11175 16977
16977 11175 22289
11386 20272 24469
20272 11386 24469
24469 11386 20272
8119 3141 5819
3141 5819 8119
5819 3141 8119
20670 15688 19145
15688 19145 20670
19145 15688 20670
3592 8260 27442
27442 3592 8260
8260 3592 27442
27612 5058 16542
5058 16542 27612
16542 5058 27612
7866 19417 23594
19417 7866 23594
23594 7866 19417
19600 12804 20689
12804 19600 20689
20689 12804 19600
1228 10275 29238
29238 1228 10275
10275 1228 29238
24041 4163 27002
4163 24041 27002
27002 4163 24041
16785 5625 22459
22459 5625 16785
5625 16785 22459
26087 6023 6032
6023 6032 26087
6032 6023 26087
26926 3336 17254
17254 3336 26926
3336 17254 26926
19098 8185 21947
21947 8185 19098
8185 19098 21947
2046 7574 29009
7574 2046 29009
29009 2046 7574
23959 9231 29091
29091 9231 23959
9231 23959 29091
47 6703 27856
6703 47 27856
27856 47 6703
12420 15953 28633
28633 12420 15953
15953 12420 28633
15643 13362 14078
13362 14078 15643
14078 13362 15643
28919 2439 7269
2439 7269 28919
7269 2439 28919
12746 76 24930
76 12746 24930
24930 76 12746
13456 284 1346
284 1346 13456
1346 284 13456
2451 8075 18573
8075 2451 18573
18573 2451 8075
4008 6654 12159
12159 4008 6654
6654 4008 12159
29491 2479 5548
5548 2479 29491
2479 5548 29491
23862 8133 17252
8133 17252 23862
17252 8133 23862
9936 3762 19863
3762 9936 19863
19863 3762 9936
10674 7523 25963
7523 10674 25963
25963 7523 10674
29233 10879 28209
28209 10879 29233
10879 28209 29233
22642 6471 16421
16421 6471 22642
6471 16421 22642
8134 22528 27995
27995 8134 22528
22528 8134 27995
19497 223 18256
223 18256 19497
18256 223 19497
7637 1293 25919
1293 7637 25919
25919 1293 7637
9855 5160 5877
5877 5160 9855
5160 5877 9855
3541 13385 17597
17597 3541 13385
13385 3541 17597
1951 24329 26297
24329 1951 26297
26297 1951 24329
1338 2461 11370
11370 1338 2461
2461 1338 11370
10013 15079 28967
28967 10013 15079
15079 10013 28967
1757 16769 26493
16769 1757 26493
26493 1757 16769
26615 8510 26684
8510 26615 26684
26684 8510 26615
3072 14604 29664
29664 3072 14604
14604 3072 29664
13162 10746 20650
20650 10746 13162
10746 13162 20650
12637 17566 22531
17566 12637 22531
22531 12637 17566
24685 9630 10492
10492 9630 24685
9630 10492 24685
24810 21286 27570
21286 24810 27570
27570 21286 24810
1094 2371 25429
25429 1094 2371
2371 1094 25429
14141 5192 9844
5192 9844 14141
9844 5192 14141
10849 12389 25806
25806 10849 12389
12389 10849 25806
22801 3179 23146
3179 22801 23146
23146 3179 22801
27733 3486 18194
18194 3486 27733
3486 18194 27733
29422 891 1372
1372 891 29422
891 1372 29422
25861 2164 17866
17866 2164 25861
2164 17866 25861
4083 12123 14895
14895 4083 12123
12123 4083 14895
20261 15698 21909
21909 15698 20261
15698 20261 21909
11124 12283 27090
27090 11124 12283
12283 11124 27090
21720 14418 19184
19184 14418 21720
14418 19184 21720
28535 15523 21347
21347 15523 28535
15523 21347 28535
7987 16486 21198
16486 7987 21198
21198 7987 16486
19957 14936 26402
14936 19957 26402
26402 14936 19957
7616 1067 16165
16165 1067 7616
1067 7616 16165
11223 1232 12064
12064 1232 11223
1232 11223 12064
1473 6243 15095
15095 1473 6243
6243 1473 15095
19595 16753 24339
16753 19595 24339
24339 16753 19595
2035 7610 17831
7610 2035 17831
17831 2035 7610
17715 22060 24390
22060 17715 24390
24390 17715 22060
29758 2396 3556
3556 2396 29758
2396 3556 29758
5698 830 2724
2724 830 5698
830 2724 5698
25326 21123 24962
21123 24962 25326
24962 21123 25326
29436 19880 28221
28221 19880 29436
19880 28221 29436
26161 22875 28000
28000 22875 26161
22875 26161 28000
11556 8717 11588
11588 8717 11556
8717 11556 11588
18638 21287 26057
26057 18638 21287
21287 18638 26057
19129 7895 9503
7895 9503 19129
9503 7895 19129
28673 4156 13930
13930 4156 28673
4156 13930 28673
11729 4989 27051
4989 11729 27051
27051 4989 11729
12553 2077 3608
3608 2077 12553
2077 3608 12553
29043 20395 23527
23527 20395 29043
20395 23527 29043
28115 12624 27379
27379 12624 28115
12624 27379 28115
6970 12939 22103
22103 6970 12939
12939 6970 22103
2943 8385 21856
21856 2943 8385
8385 2943 21856
23364 11073 18096
18096 11073 23364
11073 18096 23364
2746 119 11463
11463 119 2746
119 2746 11463
19775 475 552
475 552 19775
552 475 19775
17385 7261 27006
27006 7261 17385
7261 17385 27006
20460 287 11818
287 11818 20460
11818 287 20460
25668 4410 4705
4705 4410 25668
4410 4705 25668
21423 479 12706
479 12706 21423
12706 479 21423
27573 6293 10700
10700 6293 27573
6293 10700 27573
9019 25613 28555
25613 9019 28555
28555 9019 25613
12582 26348 27933
26348 12582 27933
27933 12582 26348
14068 19116 20823
20823 14068 19116
19116 14068 20823
9539 4074 6646
4074 6646 9539
6646 4074 9539
24466 81 1523
1523 81 24466
81 1523 24466
62 2608 18240
18240 62 2608
2608 62 18240
28444 3553 27745
3553 27745 28444
27745 3553 28444
26754 3827 22182
22182 3827 26754
3827 22182 26754
1795 8028 17380
8028 1795 17380
17380 1795 8028
13575 5368 27439
27439 5368 13575
5368 13575 27439
8763 657 23121
23121 657 8763
657 8763 23121
16046 2437 4921
2437 4921 16046
4921 2437 16046
11038 22181 26665
26665 11038 22181
22181 11038 26665
22604 9121 28970
28970 9121 22604
9121 22604 28970
13729 1400 19405
19405 1400 13729
1400 13729 19405
22814 1915 12982
12982 1915 22814
1915 12982 22814
14706 4607 26202
4607 14706 26202
26202 4607 14706
7702 11815 26062
11815 7702 26062
26062 7702 11815
11480 17835 26798
26798 11480 17835
17835 11480 26798
13529 1125 20941
20941 1125 13529
1125 13529 20941
25693 18716 24539
24539 18716 25693
18716 24539 25693
24741 3131 22160
22160 3131 24741
3131 22160 24741
27552 13969 16939
16939 13969 27552
13969 16939 27552
13064 7496 14867
7496 13064 14867
14867 7496 13064
26537 25227 29072
29072 25227 26537
25227 26537 29072
15253 1151 23988
1151 15253 23988
23988 1151 15253
27354 10792 29985
10792 27354 29985
29985 10792 27354
8948 11080 24551
11080 8948 24551
24551 8948 11080
6252 16196 27153
27153 6252 16196
16196 6252 27153
9299 1093 5511
1093 5511 9299
5511 1093 9299
15057 9516 22764
9516 15057 22764
22764 9516 15057
13582 16608 17690
16608 13582 17690
17690 13582 16608
5684 10981 21155
10981 5684 21155
21155 5684 10981
10684 2116 17857
17857 2116 10684
2116 10684 17857
12315 15056 17734
17734 12315 15056
15056 12315 17734
10431 3066 6328
6328 3066 10431
3066 6328 10431
17037 13222 19890
13222 17037 19890
19890 13222 17037
7399 21635 22082
22082 7399 21635
21635 7399 22082
580 8653 17343
8653 580 17343
17343 580 8653
12269 3591 13667
13667 3591 12269
3591 12269 13667
18169 6940 26178
26178 6940 18169
6940 18169 26178
29941 5830 9487
9487 5830 29941
5830 9487 29941
8858 1610 19676
1610 8858 19676
19676 1610 8858
24249 22779 27089
27089 22779 24249
22779 24249 27089
11049 2741 27244
2741 11049 27244
27244 2741 11049
3819 5752 5886
5886 3819 5752
5752 3819 5886
9441 1724 4865
1724 4865 9441
4865 1724 9441
29834 367 6173
367 6173 29834
6173 367 29834
7596 8208 20454
8208 7596 20454
20454 7596 8208
2190 1205 28642
1205 2190 28642
28642 1205 2190
11934 13137 15702
15702 11934 13137
13137 11934 15702
25239 15719 24116
24116 15719 25239
15719 24116 25239
9742 10595 28457
28457 9742 10595
10595 9742 28457
1898 19137 22251
22251 1898 19137
19137 1898 22251
10509 6277 18928
18928 6277 10509
6277 10509 18928
178 2779 20519
2779 178 20519
20519 178 2779
19157 4213 17919
17919 4213 19157
4213 17919 19157
1577 19407 24661
19407 1577 24661
24661 1577 19407
12948 4341 23019
23019 4341 12948
4341 12948 23019
9326 1443 1980
1980 1443 9326
1443 1980 9326
18776 6503 24381
6503 18776 24381
24381 6503 18776
8392 2188 3287
2188 3287 8392
3287 2188 8392
26634 12839 20778
20778 12839 26634
12839 20778 26634
22113 10020 16346
16346 10020 22113
10020 16346 22113
27546 10883 22164
10883 22164 27546
22164 10883 27546
15338 1074 11065
1074 11065 15338
11065 1074 15338
29871 15890 21142
21142 15890 29871
15890 21142 29871
12382 4149 23924
4149 12382 23924
23924 4149 12382
4242 5097 17182
5097 4242 17182
17182 4242 5097
12917 1016 4290
4290 1016 12917
1016 4290 12917
21150 9174 18250
9174 18250 21150
18250 9174 21150
3356 14825 27747
27747 3356 14825
14825 3356 27747
10265 18255 24862
18255 10265 24862
24862 10265 18255
18084 4663 27705
27705 4663 18084
4663 18084 27705
26473 7666 11403
7666 11403 26473
11403 7666 26473
14591 8136 24209
24209 8136 14591
8136 14591 24209
17003 3018 5429
5429 3018 17003
3018 5429 17003
13205 10486 29856
10486 13205 29856
29856 10486 13205
29910 317 14402
14402 317 29910
317 14402 29910
9070 6177 24959
24959 6177 9070
6177 9070 24959
25124 17861 29165
29165 17861 25124
17861 25124 29165
28366 3203 6650
6650 3203 28366
3203 6650 28366
15673 9891 13304
9891 13304 15673
13304 9891 15673
19010 5424 23323
5424 19010 23323
23323 5424 19010
19219 797 8758
797 8758 19219
8758 797 19219
7834 8236 18124
18124 7834 8236
8236 7834 18124
2296 2780 28139
28139 2296 2780
2780 2296 28139
20143 6826 10706
10706 6826 20143
6826 10706 20143
2579 18123 26487
18123 2579 26487
26487 2579 18123
12390 1616 24306
1616 12390 24306
24306 1616 12390
6066 8120 8567
8567 6066 8120
8120 6066 8567
2583 3931 10738
3931 2583 10738
10738 2583 3931
5804 1180 8338
8338 1180 5804
1180 5804 8338
26335 4001 11026
11026 4001 26335
4001 11026 26335
28614 9387 9886
9886 9387 28614
9387 9886 28614
1129 17062 22195
17062 1129 22195
22195 1129 17062
27608 13439 13599
13439 13599 27608
13599 13439 27608
24299 16332 22038
16332 22038 24299
22038 16332 24299
18508 3976 10939
10939 3976 18508
3976 10939 18508
9709 5245 12906
12906 5245 9709
5245 9709 12906
10467 14395 15797
15797 10467 14395
14395 10467 15797
26264 8863 24521
8863 24521 26264
24521 8863 26264
11862 19897 27456
19897 11862 27456
27456 11862 19897
20516 9458 23626
9458 20516 23626
23626 9458 20516
20883 2081 23310
2081 20883 23310
23310 2081 20883
19431 2809 20097
20097 2809 19431
2809 19431 20097
24419 15875 16756
15875 16756 24419
16756 15875 24419
25996 2700 28718
2700 25996 28718
28718 2700 25996
14263 8243 20008
8243 14263 20008
20008 8243 14263
17112 11357 21854
11357 17112 21854
21854 11357 17112
28999 20998 21822
20998 21822 28999
21822 20998 28999
7843 2 4930
4930 2 7843
2 4930 7843
28301 16551 20047
20047 16551 28301
16551 20047 28301
6506 4999 27600
27600 4999 6506
4999 6506 27600
12394 8873 16575
8873 12394 16575
16575 8873 12394
10456 8754 26502
26502 8754 10456
8754 10456 26502
8669 2149 3928
2149 3928 8669
3928 2149 8669
9559 8992 13082
13082 8992 9559
8992 9559 13082
1392 672 7055
7055 672 1392
672 1392 7055
20761 13206 19070
19070 13206 20761
13206 19070 20761
27791 11084 19294
19294 11084 27791
11084 19294 27791
2048 19953 28829
19953 2048 28829
28829 2048 19953
2644 1687 29935
29935 1687 2644
1687 2644 29935
9776 1517 22864
22864 1517 9776
1517 9776 22864
7522 24231 25399
24231 7522 25399
25399 7522 24231
6808 15126 29054
15126 6808 29054
29054 6808 15126
8996 19281 27183
27183 8996 19281
19281 8996 27183
5084 20004 23513
23513 5084 20004
20004 5084 23513
13622 17679 28267
17679 13622 28267
28267 13622 17679
27898 21637 28149
21637 27898 28149
28149 21637 27898
7056 12740 29706
29706 7056 12740
12740 7056 29706
8341 10103 17029
10103 8341 17029
17029 8341 10103
24336 4318 26859
26859 4318 24336
4318 24336 26859
13074 1850 24688
24688 1850 13074
1850 13074 24688
14844 3275 27399
3275 14844 27399
27399 3275 14844
3540 4283 20476
20476 3540 4283
4283 3540 20476
24243 2628 2721
2721 2628 24243
2628 2721 24243
6292 2833 25962
25962 2833 6292
2833 6292 25962
4276 981 23075
23075 981 4276
981 4276 23075
15411 5049 16057
16057 5049 15411
5049 15411 16057
4938 22416 23968
23968 4938 22416
22416 4938 23968
23477 14766 24841
24841 14766 23477
14766 23477 24841
8725 2819 10203
10203 2819 8725
2819 8725 10203
21191 16250 27400
16250 21191 27400
27400 16250 21191
11882 702 22496
702 11882 22496
22496 702 11882
18855 8162 20318
20318 8162 18855
8162 18855 20318
9618 2982 9799
9799 2982 9618
2982 9618 9799
18005 9908 17174
9908 17174 18005
17174 9908 18005
334 15005 22559
15005 334 22559
22559 334 15005
10640 5130 24200
24200 5130 10640
5130 10640 24200
2303 4065 11603
11603 2303 4065
4065 2303 11603
3660 7662 21028
21028 3660 7662
7662 3660 21028
25935 8346 9686
9686 8346 25935
8346 9686 25935
20798 7378 21227
7378 20798 21227
21227 7378 20798
29354 9667 19751
9667 19751 29354
19751 9667 29354
12075 7581 16013
16013 7581 12075
7581 12075 16013
10757 19228 22804
19228 10757 22804
22804 10757 19228
21980 4462 26753
4462 21980 26753
26753 4462 21980
24853 11628 20474
20474 11628 24853
11628 20474 24853
1497 23088 23742
23742 1497 23088
23088 1497 23742
29052 8804 25500
8804 25500 29052
25500 8804 29052
21207 24330 26915
26915 21207 24330
24330 21207 26915
24766 13036 18634
13036 18634 24766
18634 13036 24766
11391 875 8366
8366 875 11391
875 8366 11391
27111 4492 15512
4492 15512 27111
15512 4492 27111
17649 16000 28490
28490 16000 17649
16000 17649 28490
17585 1650 3933
3933 1650 17585
1650 3933 17585
21727 6985 21862
6985 21727 21862
21862 6985 21727
19572 9268 29474
9268 19572 29474
29474 9268 19572
21394 10525 26025
26025 10525 21394
10525 21394 26025
6754 16832 22849
16832 6754 22849
22849 6754 16832
1152 25742 28243
25742 1152 28243
28243 1152 25742
13520 20793 24887
20793 13520 24887
24887 13520 20793
27912 2013 3640
3640 2013 27912
2013 3640 27912
5038 18041 22299
18041 5038 22299
22299 5038 18041
2983 1622 24513
1622 2983 24513
24513 1622 2983
15910 2530 10772
2530 10772 15910
10772 2530 15910
27909 14967 15164
15164 14967 27909
14967 15164 27909
25424 4028 19912
19912 4028 25424
4028 19912 25424
7215 10478 20619
10478 7215 20619
20619 7215 10478
15519 4984 15977
4984 15519 15977
15977 4984 15519
25672 2478 19824
19824 2478 25672
2478 19824 25672
13781 23609 25675
25675 13781 23609
23609 13781 25675
25947 26579 29385
26579 25947 29385
29385 25947 26579
19453 7531 19992
7531 19453 19992
19992 7531 19453
2186 8588 20415
8588 2186 20415
20415 2186 8588
23853 10880 16078
16078 10880 23853
10880 16078 23853
13762 19440 25670
25670 13762 19440
19440 13762 25670
25541 18584 23651
18584 23651 25541
23651 18584 25541
15140 27809 29126
29126 15140 27809
27809 15140 29126
8819 6757 9249
9249 6757 8819
6757 8819 9249
1002 22546 24857
22546 1002 24857
24857 1002 22546
21524 3935 9039
9039 3935 21524
3935 9039 21524
4935 23528 23906
23528 4935 23906
23906 4935 23528
4292 1088 9700
1088 4292 9700
9700 1088 4292
6585 22935 23639
22935 6585 23639
23639 6585 22935
2781 595 1173
1173 595 2781
595 1173 2781
8305 11488 21084
11488 8305 21084
21084 8305 11488
14349 29333 29388
29388 14349 29333
29333 14349 29388
15870 6533 28167
28167 6533 15870
6533 15870 28167
27503 6896 9875
6896 9875 27503
9875 6896 27503
21700 21615 22333
21615 21700 22333
22333 21615 21700
6313 1575 16831
1575 6313 16831
16831 1575 6313
1336 20090 28836
20090 1336 28836
28836 1336 20090
9554 328 15843
328 9554 15843
15843 328 9554
15941 20393 29330
20393 15941 29330
29330 15941 20393
14066 6796 17024
17024 6796 14066
6796 14066 17024
21279 609 29379
29379 609 21279
609 21279 29379
20585 6845 15748
15748 6845 20585
6845 15748 20585
10744 8432 12959
8432 10744 12959
12959 8432 10744
17359 24998 28807
28807 17359 24998
24998 17359 28807
11710 857 18968
857 11710 18968
18968 857 11710
28886 6084 29456
29456 6084 28886
6084 28886 29456
1534 3280 13054
13054 1534 3280
3280 1534 13054
28530 5931 15727
5931 15727 28530
15727 5931 28530
6959 15104 25476
25476 6959 15104
15104 6959 25476
28048 11230 18230
18230 11230 28048
11230 18230 28048
5335 24518 25307
24518 5335 25307
25307 5335 24518
21424 1908 8949
1908 8949 21424
8949 1908 21424
24388 18072 27711
27711 18072 24388
18072 24388 27711
26269 11620 23865
11620 23865 26269
23865 11620 26269
12678 17300 18733
17300 12678 18733
18733 12678 17300
21441 13846 20001
20001 13846 21441
13846 20001 21441
16137 18645 20706
18645 16137 20706
20706 16137 18645
27194 16450 29325
29325 16450 27194
16450 27194 29325
15606 6990 7831
7831 6990 15606
6990 7831 15606
21154 7700 24884
24884 7700 21154
7700 21154 24884
7921 376 23324
23324 376 7921
376 7921 23324
29550 20678 20763
20763 20678 29550
20678 20763 29550
26206 23008 23248
23248 23008 26206
23008 23248 26206
21985 745 25114
25114 745 21985
745 21985 25114
4212 12455 29794
29794 4212 12455
12455 4212 29794
10073 13011 18602
18602 10073 13011
13011 10073 18602
24784 3426 6189
6189 3426 24784
3426 6189 24784
11452 5296 21713
21713 5296 11452
5296 11452 21713
14486 7497 18664
18664 7497 14486
7497 14486 18664
93 939 7877
939 93 7877
7877 93 939
23758 13660 14612
13660 14612 23758
14612 13660 23758
15322 844 17832
17832 844 15322
844 15322 17832
10280 11400 20203
20203 10280 11400
11400 10280 20203
20923 2726 4115
4115 2726 20923
2726 4115 20923
20987 15156 27811
15156 20987 27811
27811 15156 20987
22511 4359 25162
25162 4359 22511
4359 22511 25162
8156 13156 19624
13156 8156 19624
19624 8156 13156
23687 2011 4485
2011 4485 23687
4485 2011 23687
18079 4563 25221
4563 18079 25221
25221 4563 18079
16782 3905 12854
3905 12854 16782
12854 3905 16782
1532 13834 18649
18649 1532 13834
13834 1532 18649
14382 8753 9401
9401 8753 14382
8753 9401 14382
25640 12889 29667
12889 25640 29667
29667 12889 25640
25220 9186 23057
9186 23057 25220
23057 9186 25220
39 9067 16319
9067 39 16319
16319 39 9067
7023 8289 19707
19707 7023 8289
8289 7023 19707
29382 18527 20993
18527 20993 29382
20993 18527 29382
12671 10698 20122
10698 12671 20122
20122 10698 12671
9586 15015 17274
17274 9586 15015
15015 9586 17274
17934 4652 6540
6540 4652 17934
4652 6540 17934
28463 3 29553
3 28463 29553
29553 3 28463
6853 23560 24006
24006 6853 23560
23560 6853 24006
5491 9864 28611
28611 5491 9864
9864 5491 28611
24842 5685 14270
5685 14270 24842
14270 5685 24842
21085 20422 27591
27591 20422 21085
20422 21085 27591
5284 20961 24180
24180 5284 20961
20961 5284 24180
29004 27293 28722
28722 27293 29004
27293 28722 29004
819 13854 24805
13854 819 24805
24805 819 13854
20799 16549 22437
22437 16549 20799
16549 20799 22437
1973 7713 18540
18540 1973 7713
7713 1973 18540
11618 5457 20459
20459 5457 11618
5457 11618 20459
3510 6662 15052
6662 3510 15052
15052 3510 6662
18567 20168 20229
20168 18567 20229
20229 18567 20168
4482 8697 12257
12257 4482 8697
8697 4482 12257
20721 19983 27544
19983 20721 27544
27544 19983 20721
22835 12890 22153
22153 12890 22835
12890 22153 22835
5312 5914 9304
5914 5312 9304
9304 5312 5914
18238 14494 23026
14494 18238 23026
23026 14494 18238
23877 3692 22721
3692 22721 23877
22721 3692 23877
13835 21695 23328
23328 13835 21695
21695 13835 23328
4909 14206 29969
29969 4909 14206
14206 4909 29969
10650 7121 19019
19019 7121 10650
7121 10650 19019
28918 9892 17968
9892 17968 28918
17968 9892 28918
11050 6530 21014
6530 11050 21014
21014 6530 11050
4067 6778 25892
25892 4067 6778
6778 4067 25892
27389 17399 25657
25657 17399 27389
17399 25657 27389
11060 22724 29981
29981 11060 22724
22724 11060 29981
11977 6308 18914
6308 11977 18914
18914 6308 11977
12907 4649 25441
4649 12907 25441
25441 4649 12907
13966 2273 26404
2273 13966 26404
26404 2273 13966
21741 3948 11502
3948 11502 21741
11502 3948 21741
1539 21957 26734
21957 1539 26734
26734 1539 21957
22434 9489 24903
24903 9489 22434
9489 22434 24903
11254 4653 25105
4653 11254 25105
25105 4653 11254
20882 16193 21461
16193 20882 21461
21461 16193 20882
16311 23881 27256
27256 16311 23881
23881 16311 27256
29449 502 3376
502 3376 29449
3376 502 29449
6580 7284 29453
29453 6580 7284
7284 6580 29453
3087 831 3096
3096 831 3087
831 3087 3096
19399 23128 29298
29298 19399 23128
23128 19399 29298
18075 14722 20188
14722 18075 20188
20188 14722 18075
11177 28308 29863
29863 11177 28308
28308 11177 29863
14074 6193 11100
11100 6193 14074
6193 11100 14074
16451 5581 18691
18691 5581 16451
5581 16451 18691
23997 5746 12644
5746 12644 23997
12644 5746 23997
29346 5980 22393
22393 5980 29346
5980 22393 29346
28226 5896 15320
5896 15320 28226
15320 5896 28226
6881 498 29927
29927 498 6881
498 6881 29927
4433 13350 20181
20181 4433 13350
13350 4433 20181
11217 3924 26472
3924 11217 26472
26472 3924 11217
15297 11298 28727
28727 11298 15297
11298 15297 28727
18020 8625 20112
20112 8625 18020
8625 18020 20112
21759 9534 26010
26010 9534 21759
9534 21759 26010
24822 16229 24431
16229 24431 24822
24431 16229 24822
19466 18755 24526
24526 18755 19466
18755 19466 24526
4810 18877 25813
18877 4810 25813
25813 4810 18877
27634 7998 14960
7998 14960 27634
14960 7998 27634
4092 18015 23380
23380 4092 18015
18015 4092 23380
1437 1824 15834
1824 1437 15834
15834 1437 1824
19060 157 1855
1855 157 19060
157 1855 19060
18531 1567 18397
18397 1567 18531
1567 18397 18531
82 5727 5816
5727 82 5816
5816 82 5727
14220 27534 29892
29892 14220 27534
27534 14220 29892
22045 6181 18695
6181 18695 22045
18695 6181 22045
19009 7741 18589
7741 18589 19009
18589 7741 19009
19688 9833 29989
9833 19688 29989
29989 9833 19688
13819 7291 10101
7291 10101 13819
10101 7291 13819
10458 4340 12379
4340 10458 12379
12379 4340 10458
20958 27472 29452
29452 20958 27472
27472 20958 29452
21080 3567 18832
18832 3567 21080
3567 18832 21080
26251 14997 18554
18554 14997 26251
14997 18554 26251
26889 2925 6783
2925 6783 26889
6783 2925 26889
29777 24556 28354
28354 24556 29777
24556 28354 29777
12426 8842 15590
8842 12426 15590
15590 8842 12426
16930 8907 25012
25012 8907 16930
8907 16930 25012
15123 27433 28349
27433 15123 28349
28349 15123 27433
7149 3319 8592
8592 3319 7149
3319 7149 8592
12432 21057 26327
26327 12432 21057
21057 12432 26327
23046 11161 18921
11161 18921 23046
18921 11161 23046
27151 11636 19647
11636 19647 27151
19647 11636 27151
16423 18765 20610
18765 16423 20610
20610 16423 18765
15399 9007 12013
12013 9007 15399
9007 12013 15399
22844 14526 16214
16214 14526 22844
14526 16214 22844
14190 6005 12493
6005 12493 14190
12493 6005 14190
19571 6954 18260
18260 6954 19571
6954 18260 19571
5814 11066 24139
24139 5814 11066
11066 5814 24139
10828 3308 4222
4222 3308 10828
3308 4222 10828
19544 19092 26319
26319 19092 19544
19092 19544 26319
11190 7689 19355
19355 7689 11190
7689 11190 19355
13244 10617 24072
24072 10617 13244
10617 13244 24072
16844 13458 24277
13458 16844 24277
24277 13458 16844
9808 10769 12580
12580 9808 10769
10769 9808 12580
4774 16858 18181
18181 4774 16858
16858 4774 18181
22700 13255 16471
16471 13255 22700
13255 16471 22700
4788 18372 18624
18372 4788 18624
18624 4788 18372
25872 14345 26730
14345 25872 26730
26730 14345 25872
25344 4964 11345
4964 11345 25344
11345 4964 25344
16467 16470 26569
26569 16467 16470
16470 16467 26569
18044 8845 9449
8845 9449 18044
9449 8845 18044
4204 6132 6378
6132 4204 6378
6378 4204 6132
18455 16976 17671
17671 16976 18455
16976 17671 18455
3227 74 14351
74 3227 14351
14351 74 3227
12396 17574 26212
26212 12396 17574
17574 12396 26212
21548 8924 20662
8924 20662 21548
20662 8924 21548
2229 11558 16169
11558 2229 16169
16169 2229 11558
7052 9380 9661
9661 7052 9380
9380 7052 9661
9034 20028 29020
29020 9034 20028
20028 9034 29020
29540 3300 7407
3300 7407 29540
7407 3300 29540
18675 6160 23404
23404 6160 18675
6160 18675 23404
10524 25653 28244
25653 10524 28244
28244 10524 25653
9561 8321 23927
23927 8321 9561
8321 9561 23927
17302 21867 27660
27660 17302 21867
21867 17302 27660
28272 13681 27235
13681 27235 28272
27235 13681 28272
23053 4238 11598
11598 4238 23053
4238 11598 23053
2389 5401 13594
13594 2389 5401
5401 2389 13594
21763 10031 21389
21389 10031 21763
10031 21389 21763
27836 2676 29304
2676 27836 29304
29304 2676 27836
20607 16454 29648
29648 16454 20607
16454 20607 29648
13523 16014 22973
16014 13523 22973
22973 13523 16014
28697 1874 16908
16908 1874 28697
1874 16908 28697
23268 24080 28008
24080 23268 28008
28008 23268 24080
22837 9778 14069
9778 14069 22837
14069 9778 22837
9324 19944 25535
25535 9324 19944
19944 9324 25535
11001 460 16413
16413 460 11001
460 11001 16413
21094 23071 23502
23502 21094 23071
23071 21094 23502
564 122 7457
7457 122 564
122 564 7457
684 21487 25286
25286 684 21487
21487 684 25286
3658 2543 14235
14235 2543 3658
2543 3658 14235
7995 14592 17523
17523 7995 14592
14592 7995 17523
9859 1831 2378
2378 1831 9859
1831 2378 9859
23208 3651 16531
3651 16531 23208
16531 3651 23208
1643 16280 26922
26922 1643 16280
16280 1643 26922
14914 17599 17825
17599 14914 17825
17825 14914 17599
17559 872 12454
872 12454 17559
12454 872 17559
21717 15108 28751
15108 21717 28751
28751 15108 21717
18526 18787 24852
24852 18526 18787
18787 18526 24852
27193 7485 12555
7485 12555 27193
12555 7485 27193
11519 8620 14099
8620 11519 14099
14099 8620 11519
19496 11361 29168
11361 19496 29168
29168 11361 19496
9990 6108 16051
16051 6108 9990
6108 9990 16051
11395 11557 26809
11557 11395 26809
26809 11395 11557
13876 3033 22089
22089 3033 13876
3033 13876 22089
19522 7830 14322
7830 14322 19522
14322 7830 19522
10643 2912 18759
18759 2912 10643
2912 10643 18759
16502 2806 3918
3918 2806 16502
2806 3918 16502
6753 10513 23571
23571 6753 10513
10513 6753 23571
26351 16308 24899
16308 24899 26351
24899 16308 26351
20875 793 15353
15353 793 20875
793 15353 20875
23384 13024 19300
13024 19300 23384
19300 13024 23384
5881 9684 23145
9684 5881 23145
23145 5881 9684
15681 18387 21430
18387 15681 21430
21430 15681 18387
4199 10680 13760
10680 4199 13760
13760 4199 10680
11098 9819 19426
19426 9819 11098
9819 11098 19426
13717 13634 19051
13634 13717 19051
19051 13634 13717
537 9717 25829
9717 537 25829
25829 537 9717
6481 20768 26524
20768 6481 26524
26524 6481 20768
14048 15018 21844
15018 14048 21844
21844 14048 15018
23587 16945 25684
25684 16945 23587
16945 23587 25684
9065 911 5336
911 5336 9065
5336 911 9065
27997 8235 21384
21384 8235 27997
8235 21384 27997
961 13113 15488
13113 961 15488
15488 961 13113
2201 17992 20162
17992 2201 20162
20162 2201 17992
16928 5394 13600
13600 5394 16928
5394 13600 16928
14240 11257 24282
11257 14240 24282
24282 11257 14240
29067 3455 27041
3455 27041 29067
27041 3455 29067
10029 2875 26681
26681 2875 10029
2875 10029 26681
4232 5777 25234
5777 4232 25234
25234 4232 5777
11016 5332 9809
9809 5332 11016
5332 9809 11016
13134 15318 24338
15318 13134 24338
24338 13134 15318
6542 4971 6045
6045 4971 6542
4971 6045 6542
27590 4452 5217
5217 4452 27590
4452 5217 27590
24009 4413 29899
29899 4413 24009
4413 24009 29899
4841 11017 28685
11017 4841 28685
28685 4841 11017
18430 10453 12766
10453 12766 18430
12766 10453 18430
11616 9507 15283
9507 11616 15283
15283 9507 11616
9494 24188 29158
24188 9494 29158
29158 9494 24188
15207 25376 26337
26337 15207 25376
25376 15207 26337
7000 15059 25531
25531 7000 15059
15059 7000 25531
16862 4747 12143
12143 4747 16862
4747 12143 16862
6326 2863 19599
19599 2863 6326
2863 6326 19599
11663 934 21069
21069 934 11663
934 11663 21069
19583 19616 28341
19616 19583 28341
28341 19583 19616
24697 6504 19054
6504 19054 24697
19054 6504 24697
13920 9607 24818
24818 9607 13920
9607 13920 24818
15613 22115 24441
22115 15613 24441
24441 15613 22115
8026 800 11216
11216 800 8026
800 8026 11216
8545 21841 28497
28497 8545 21841
21841 8545 28497
23103 392 22298
392 22298 23103
22298 392 23103
2052 7699 24761
7699 2052 24761
24761 2052 7699
7572 24191 25938
25938 7572 24191
24191 7572 25938
13730 6741 8534
8534 6741 13730
6741 8534 13730
14656 13057 25705
25705 13057 14656
13057 14656 25705
28556 477 17075
477 17075 28556
17075 477 28556
26376 606 14796
14796 606 26376
606 14796 26376
17078 12161 16744
12161 16744 17078
16744 12161 17078
14948 5724 10039
10039 5724 14948
5724 10039 14948
21500 9591 21497
9591 21497 21500
21497 9591 21500
10797 12704 24947
12704 10797 24947
24947 10797 12704
24011 3945 12107
12107 3945 24011
3945 12107 24011
6151 255 17022
255 6151 17022
17022 255 6151
29350 23745 27083
27083 23745 29350
23745 27083 29350
23604 17738 22945
17738 22945 23604
22945 17738 23604
15569 10974 20902
10974 15569 20902
20902 10974 15569
8603 5721 23839
5721 8603 23839
23839 5721 8603
24973 3801 26672
26672 3801 24973
3801 24973 26672
26679 8551 21102
8551 21102 26679
21102 8551 26679
28666 23018 29967
23018 28666 29967
29967 23018 28666
17106 5298 21355
21355 5298 17106
5298 17106 21355
24503 22900 24676
24676 22900 24503
22900 24503 24676
29956 3695 9688
9688 3695 29956
3695 9688 29956
5585 2206 14738
2206 5585 14738
14738 2206 5585
12400 11120 16802
16802 11120 12400
11120 12400 16802
15914 2319 14457
14457 2319 15914
2319 14457 15914
28385 5043 7219
5043 7219 28385
7219 5043 28385
20064 13358 19076
13358 19076 20064
19076 13358 20064
28307 1716 8342
1716 8342 28307
8342 1716 28307
19543 4313 20224
20224 4313 19543
4313 19543 20224
20893 16362 25728
16362 20893 25728
25728 16362 20893
24154 1954 9848
9848 1954 24154
1954 9848 24154
7603 3912 28101
28101 3912 7603
3912 7603 28101
24895 7511 20113
20113 7511 24895
7511 20113 24895
28050 7115 8585
7115 8585 28050
8585 7115 28050
19155 5031 17770
17770 5031 19155
5031 17770 19155
26015 12904 24298
24298 12904 26015
12904 24298 26015
6980 979 4668
4668 979 6980
979 4668 6980
6373 7379 18682
18682 6373 7379
7379 6373 18682
28431 5262 23182
5262 23182 28431
23182 5262 28431
29182 17610 18036
18036 17610 29182
17610 18036 29182
4165 25118 29084
25118 4165 29084
29084 4165 25118
10438 15069 22205
15069 10438 22205
22205 10438 15069
691 20042 26170
20042 691 26170
26170 691 20042
28797 8127 19606
19606 8127 28797
8127 19606 28797
20613 16630 16993
16630 16993 20613
16993 16630 20613
28006 17136 27714
17136 27714 28006
27714 17136 28006
8912 10286 15500
10286 8912 15500
15500 8912 10286
3374 3160 17712
3160 3374 17712
17712 3160 3374
25933 11051 27162
11051 25933 27162
27162 11051 25933
23807 9572 15740
15740 9572 23807
9572 15740 23807
15347 14293 20225
14293 15347 20225
20225 14293 15347
12728 9061 28452
28452 9061 12728
9061 12728 28452
13401 24092 27890
27890 13401 24092
24092 13401 27890
22110 877 9085
877 9085 22110
9085 877 22110
3322 12950 14239
14239 3322 12950
12950 3322 14239
1374 3533 20211
3533 1374 20211
20211 1374 3533
21547 5117 10059
5117 10059 21547
10059 5117 21547
27127 4957 15765
4957 15765 27127
15765 4957 27127
16390 14114 24578
14114 16390 24578
24578 14114 16390
12691 2905 12372
12372 2905 12691
2905 12372 12691
18428 2523 29498
29498 2523 18428
2523 18428 29498
7984 9999 11936
9999 7984 11936
11936 7984 9999
11838 293 21726
21726 293 11838
293 11838 21726
26755 9477 10613
10613 9477 26755
9477 10613 26755
23139 11819 13408
11819 13408 23139
13408 11819 23139
20575 1103 5035
1103 5035 20575
5035 1103 20575
13524 11855 17565
17565 11855 13524
11855 13524 17565
26043 12246 16335
16335 12246 26043
12246 16335 26043
13452 4093 4257
4093 4257 13452
4257 4093 13452
5412 17409 22693
22693 5412 17409
17409 5412 22693
12885 5791 8599
5791 8599 12885
8599 5791 12885
1751 10310 28645
10310 1751 28645
28645 1751 10310
29929 14576 26555
14576 26555 29929
26555 14576 29929
26286 6463 27486
6463 26286 27486
27486 6463 26286
12926 4306 11870
4306 11870 12926
11870 4306 12926
16825 10079 21234
10079 16825 21234
21234 10079 16825
11592 12012 17375
17375 11592 12012
12012 11592 17375
28409 9059 20101
9059 20101 28409
20101 9059 28409
22323 10961 17253
17253 10961 22323
10961 17253 22323
10795 15480 19565
19565 10795 15480
15480 10795 19565
27715 15747 20559
15747 20559 27715
20559 15747 27715
27196 4720 5802
4720 5802 27196
5802 4720 27196
21652 6739 12129
12129 6739 21652
6739 12129 21652
8466 6964 25361
25361 6964 8466
6964 8466 25361
21694 5940 21022
5940 21022 21694
21022 5940 21694
26381 788 2346
2346 788 26381
788 2346 26381
22330 6019 17447
17447 6019 22330
6019 17447 22330
13857 16678 17818
17818 13857 16678
16678 13857 17818
13641 18280 29037
29037 13641 18280
18280 13641 29037
6710 11928 18651
18651 6710 11928
11928 6710 18651
3338 26163 27230
26163 3338 27230
27230 3338 26163
29505 11417 16381
11417 16381 29505
16381 11417 29505
1912 11054 11292
11054 1912 11292
11292 1912 11054
4694 2855 18980
18980 2855 4694
2855 4694 18980
6820 2903 29961
29961 2903 6820
2903 6820 29961
21858 13498 27104
13498 21858 27104
27104 13498 21858
7939 20061 22889
20061 7939 22889
22889 7939 20061
22451 5786 28168
28168 5786 22451
5786 22451 28168
14443 8209 25071
25071 8209 14443
8209 14443 25071
3813 10377 23567
10377 3813 23567
23567 3813 10377
15269 3975 24051
24051 3975 15269
3975 15269 24051
7273 474 26558
26558 474 7273
474 7273 26558
11869 10330 25037
10330 11869 25037
25037 10330 11869
12297 7300 16416
7300 12297 16416
16416 7300 12297
26723 9155 19724
19724 9155 26723
9155 19724 26723
29288 3437 17528
3437 17528 29288
17528 3437 29288
4817 7036 19785
7036 4817 19785
19785 4817 7036
6544 17795 29305
17795 6544 29305
29305 6544 17795
19168 6475 20622
6475 19168 20622
20622 6475 19168
21211 14624 29642
14624 21211 29642
29642 14624 21211
290 173 11282
173 290 11282
11282 173 290
16636 7599 10612
7599 10612 16636
10612 7599 16636
21665 18955 19838
19838 18955 21665
18955 19838 21665
2824 2742 12295
12295 2742 2824
2742 2824 12295
21473 22317 24563
22317 21473 24563
24563 21473 22317
1413 610 2423
610 1413 2423
2423 610 1413
1948 12576 24355
24355 1948 12576
12576 1948 24355
5543 21651 26516
26516 5543 21651
21651 5543 26516
17423 5709 13332
13332 5709 17423
5709 13332 17423
24859 7913 28616
7913 24859 28616
28616 7913 24859
23366 8502 20103
8502 20103 23366
20103 8502 23366
5251 1499 25182
1499 5251 25182
25182 1499 5251
24443 10641 27132
27132 10641 24443
10641 24443 27132
7988 13561 13739
13739 7988 13561
13561 7988 13739
14910 17378 28045
17378 14910 28045
28045 14910 17378
21920 357 19625
19625 357 21920
357 19625 21920
14966 18094 29414
18094 14966 29414
29414 14966 18094
15216 15682 23461
23461 15216 15682
15682 15216 23461
15483 19566 25611
19566 15483 25611
25611 15483 19566
11250 8261 13484
13484 8261 11250
8261 11250 13484
22937 1507 25390
25390 1507 22937
1507 22937 25390
5207 6711 21753
6711 5207 21753
21753 5207 6711
7448 889 21292
889 7448 21292
21292 889 7448
14506 30 29260
30 14506 29260
29260 30 14506
6424 5174 14613
14613 5174 6424
5174 6424 14613
14302 8493 10030
10030 8493 14302
8493 10030 14302
16746 19903 28620
19903 16746 28620
28620 16746 19903
5784 1263 24220
24220 1263 5784
1263 5784 24220
12399 687 24349
24349 687 12399
687 12399 24349
20350 15093 29095
15093 20350 29095
29095 15093 20350
7546 23583 28028
23583 7546 28028
28028 7546 23583
4731 5033 16265
16265 4731 5033
5033 4731 16265
7107 10546 29771
10546 7107 29771
29771 7107 10546
26577 466 22062
466 22062 26577
22062 466 26577
20319 21230 25845
25845 20319 21230
21230 20319 25845
13253 755 21564
21564 755 13253
755 13253 21564
5092 16520 21622
16520 5092 21622
21622 5092 16520
17052 25231 27885
25231 17052 27885
27885 17052 25231
11752 12626 12770
12626 11752 12770
12770 11752 12626
29149 13157 15452
15452 13157 29149
13157 15452 29149
4128 1979 11426
