87 93 217
217 87 93
93 87 217
32 23 206
23 32 206
206 23 32
120 58 70
58 70 120
70 58 120
276 158 257
257 158 276
158 257 276
252 8 233
233 8 252
8 233 252
31 175 219
175 31 219
219 31 175
207 115 204
204 115 207
115 204 207
28 6 17
17 6 28
6 17 28
39 170 266
170 39 266
266 39 170
234 197 210
210 197 234
197 210 234
126 156 173
173 126 156
156 126 173
53 13 258
258 13 53
13 53 258
287 67 94
94 67 287
67 94 287
56 95 216
216 56 95
95 56 216
52 254 282
254 52 282
282 52 254
243 25 89
25 89 243
89 25 243
90 180 214
180 90 214
214 90 180
246 10 244
244 10 246
10 244 246
145 228 249
228 145 249
249 145 228
110 3 169
169 3 110
3 110 169
224 84 299
84 224 299
299 84 224
40 250 296
296 40 250
250 40 296
182 54 104
54 104 182
104 54 182
285 91 198
198 91 285
91 198 285
151 138 230
230 138 151
138 151 230
62 103 146
146 62 103
103 62 146
42 193 288
193 42 288
288 42 193
63 235 290
235 63 290
290 63 235
78 194 275
194 78 275
275 78 194
203 55 229
229 55 203
55 203 229
239 83 85
85 83 239
83 85 239
293 148 200
148 200 293
200 148 293
27 72 274
274 27 72
72 27 274
34 113 191
113 34 191
191 34 113
61 163 247
163 61 247
247 61 163
184 259 269
269 184 259
259 184 269
137 24 45
45 24 137
24 45 137
162 33 286
33 162 286
286 33 162
131 22 43
22 43 131
43 22 131
267 125 248
125 248 267
248 125 267
205 15 202
15 202 205
202 15 205
29 150 291
291 29 150
150 29 291
109 16 132
16 109 132
132 16 109
71 106 240
106 71 240
240 71 106
225 2 129
2 129 225
129 2 225
119 136 279
279 119 136
136 119 279
236 35 76
76 35 236
35 76 236
49 231 237
237 49 231
231 49 237
226 245 255
255 226 245
245 226 255
112 77 272
272 77 112
77 112 272
18 98 281
98 18 281
281 18 98
38 36 154
36 38 154
154 36 38
149 30 222
222 30 149
30 149 222
168 26 278
26 168 278
278 26 168
86 47 99
47 86 99
99 47 86
238 130 298
130 238 298
298 130 238
262 253 263
253 262 263
263 253 262
135 73 133
133 73 135
73 133 135
271 123 264
123 264 271
264 123 271
140 101 201
101 140 201
201 101 140
300 50 139
50 139 300
139 50 300
46 212 280
212 46 280
280 46 212
147 48 68
68 48 147
48 68 147
211 79 171
171 79 211
79 171 211
19 159 183
183 19 159
159 19 183
118 165 232
165 118 232
232 118 165
261 143 196
196 143 261
143 196 261
186 88 190
88 186 190
190 88 186
153 142 199
142 153 199
199 142 153
265 188 270
270 188 265
188 265 270
21 111 221
111 21 221
221 21 111
100 64 268
268 64 100
64 100 268
5 7 277
7 5 277
277 5 7
294 1 160
160 1 294
1 160 294
213 114 167
167 114 213
114 167 213
66 12 218
218 12 66
12 66 218
223 80 176
176 80 223
80 176 223
127 81 144
144 81 127
81 127 144
181 37 256
37 181 256
256 37 181
209 108 195
195 108 209
108 195 209
292 117 284
284 117 292
117 284 292
41 121 177
177 41 121
121 41 177
189 59 134
134 59 189
59 134 189
289 116 124
116 124 289
124 116 289
166 74 164
74 164 166
164 74 166
69 174 241
241 69 174
174 69 241
273 172 220
172 220 273
220 172 273
227 96 192
96 192 227
192 96 227
65 9 141
9 65 141
141 9 65
215 82 102
102 82 215
82 102 215
14 97 251
251 14 97
97 14 251
208 157 242
157 208 242
242 157 208
60 185 297
297 60 185
185 60 297
11 122 128
122 11 128
128 11 122
4 92 187
187 4 92
92 4 187
57 75 161
75 57 161
161 57 75
260 152 155
152 155 260
155 152 260
295 179 283
179 283 295
283 179 295
105 44 107
107 44 105
44 105 107
20 51 178
51 20 178
178 20 51
