65 275 299
275 65 299
299 65 275
4 23 115
115 4 23
23 4 115
108 221 290
290 108 221
221 108 290
165 13 189
13 165 189
189 13 165
128 62 298
62 128 298
298 62 128
59 36 249
249 36 59
36 59 249
177 10 126
126 10 177
10 126 177
69 12 210
12 69 210
210 12 69
284 42 84
84 42 284
42 84 284
225 208 259
208 225 259
259 208 225
277 113 138
138 113 277
113 138 277
87 244 294
244 87 294
294 87 244
132 271 285
271 132 285
285 132 271
196 11 241
11 196 241
241 11 196
31 29 170
170 29 31
29 31 170
255 149 267
267 149 255
149 255 267
95 282 286
286 95 282
282 95 286
99 150 252
252 99 150
150 99 252
263 253 265
253 263 265
265 253 263
239 96 140
140 96 239
96 140 239
92 160 197
197 92 160
160 92 197
211 19 40
19 40 211
40 19 211
291 195 209
209 195 291
195 209 291
289 151 202
202 151 289
151 202 289
145 82 184
82 145 184
184 82 145
39 98 129
129 39 98
98 39 129
266 83 112
83 112 266
112 83 266
67 85 231
85 67 231
231 67 85
133 144 281
144 133 281
281 133 144
100 8 71
71 8 100
8 71 100
201 66 101
101 66 201
66 101 201
53 107 203
203 53 107
107 53 203
238 54 178
178 54 238
54 178 238
228 117 297
297 117 228
117 228 297
61 102 292
292 61 102
102 61 292
73 169 274
169 73 274
274 73 169
127 134 250
250 127 134
134 127 250
153 1 186
1 153 186
186 1 153
89 81 93
93 81 89
81 89 93
75 143 251
251 75 143
143 75 251
233 162 223
162 223 233
223 162 233
97 119 264
119 97 264
264 97 119
57 227 276
227 57 276
276 57 227
200 229 269
269 200 229
229 200 269
37 159 180
159 37 180
180 37 159
131 287 293
287 131 293
293 131 287
217 135 232
232 135 217
135 217 232
58 183 268
268 58 183
183 58 268
237 161 220
220 161 237
161 220 237
207 14 179
14 179 207
179 14 207
236 47 142
47 142 236
142 47 236
110 194 242
242 110 194
194 110 242
248 114 300
114 248 300
300 114 248
280 51 262
51 262 280
262 51 280
105 46 192
192 46 105
46 105 192
44 158 213
158 44 213
213 44 158
166 22 109
22 109 166
109 22 166
35 182 247
247 35 182
182 35 247
258 15 18
18 15 258
15 18 258
190 79 104
79 104 190
104 79 190
28 17 191
17 28 191
191 17 28
124 9 122
9 122 124
122 9 124
146 21 41
21 41 146
41 21 146
91 34 171
34 91 171
171 34 91
296 70 187
187 70 296
70 187 296
111 68 118
68 111 118
118 68 111
256 45 188
188 45 256
45 188 256
26 5 246
246 5 26
5 26 246
6 147 257
147 6 257
257 6 147
240 120 137
120 137 240
137 120 240
173 77 224
224 77 173
77 173 224
78 226 234
226 78 234
234 78 226
121 156 295
156 121 295
295 121 156
103 215 272
272 103 215
215 103 272
216 86 288
288 86 216
86 216 288
273 55 141
55 141 273
141 55 273
172 2 20
20 2 172
2 20 172
33 63 168
63 33 168
168 33 63
139 24 125
24 125 139
125 24 139
16 148 176
176 16 148
148 16 176
198 80 174
174 80 198
80 174 198
116 219 270
270 116 219
219 116 270
136 193 245
193 136 245
245 136 193
152 205 206
205 152 206
206 152 205
64 25 283
283 25 64
25 64 283
106 56 235
235 56 106
56 106 235
88 49 155
49 88 155
155 49 88
30 163 181
163 30 181
181 30 163
74 32 243
32 74 243
243 32 74
76 199 204
204 76 199
199 76 204
175 164 278
164 175 278
278 164 175
185 167 222
167 185 222
222 167 185
90 154 279
279 90 154
154 90 279
260 94 130
130 94 260
94 130 260
7 48 60
60 7 48
48 7 60
218 157 214
157 214 218
214 157 218
38 212 230
230 38 212
212 38 230
72 27 50
50 27 72
27 50 72
3 254 261
254 3 261
261 3 254
43 52 123
52 43 123
123 43 52
