26855 24017 27966
27966 24017 26855
24017 26855 27966
589 910 10376
910 589 10376
10376 589 910
21468 14534 18907
18907 14534 21468
14534 18907 21468
20913 333 4878
4878 333 20913
333 4878 20913
10078 19840 28648
19840 10078 28648
28648 10078 19840
18778 8139 20270
20270 8139 18778
8139 18778 20270
9731 10497 26293
26293 9731 10497
10497 9731 26293
773 11121 13320
13320 773 11121
11121 773 13320
2817 4944 25739
4944 2817 25739
25739 2817 4944
16430 20875 27975
20875 16430 27975
27975 16430 20875
26259 6984 21505
6984 21505 26259
21505 6984 26259
12964 26975 27261
27261 12964 26975
26975 12964 27261
13273 10883 16191
16191 10883 13273
10883 13273 16191
18396 17551 22946
17551 18396 22946
22946 17551 18396
5914 14532 22336
14532 5914 22336
22336 5914 14532
8724 22587 23046
23046 8724 22587
22587 8724 23046
11140 21738 23911
21738 11140 23911
23911 11140 21738
17022 10084 27015
10084 17022 27015
27015 10084 17022
23107 13004 16680
13004 16680 23107
16680 13004 23107
5459 16970 19550
19550 5459 16970
16970 5459 19550
2531 15299 15439
15299 2531 15439
15439 2531 15299
2678 1701 19044
1701 2678 19044
19044 1701 2678
9210 2586 27180
27180 2586 9210
2586 9210 27180
16892 61 17979
17979 61 16892
61 16892 17979
10999 5505 20665
20665 5505 10999
5505 10999 20665
11489 1352 4268
4268 1352 11489
1352 4268 11489
9319 21858 22202
22202 9319 21858
21858 9319 22202
15565 23125 24559
24559 15565 23125
23125 15565 24559
7264 8446 17589
17589 7264 8446
8446 7264 17589
9264 13777 25275
25275 9264 13777
13777 9264 25275
13948 5026 20594
20594 5026 13948
5026 13948 20594
13903 3320 10658
10658 3320 13903
3320 10658 13903
10429 23638 24818
23638 10429 24818
24818 10429 23638
25165 7647 19038
19038 7647 25165
7647 19038 25165
12239 591 12111
12111 591 12239
591 12111 12239
25696 11941 21889
11941 21889 25696
21889 11941 25696
18171 7836 25832
25832 7836 18171
7836 18171 25832
1839 12326 20347
20347 1839 12326
12326 1839 20347
10364 505 29061
29061 505 10364
505 10364 29061
17666 3507 6115
6115 3507 17666
3507 6115 17666
23028 8006 11401
8006 11401 23028
11401 8006 23028
6092 25636 29221
25636 6092 29221
29221 6092 25636
8289 5051 22538
5051 8289 22538
22538 5051 8289
4642 1999 19080
19080 1999 4642
1999 4642 19080
455 1242 6692
6692 455 1242
1242 455 6692
24075 12146 26872
12146 24075 26872
26872 12146 24075
14426 1849 27595
1849 14426 27595
27595 1849 14426
2737 11516 24160
24160 2737 11516
11516 2737 24160
4599 1114 5270
1114 4599 5270
5270 1114 4599
21956 7167 9950
7167 9950 21956
9950 7167 21956
23600 18175 21654
21654 18175 23600
18175 21654 23600
13852 7536 9066
7536 9066 13852
9066 7536 13852
6950 12438 26782
12438 6950 26782
26782 6950 12438
15471 739 2578
2578 739 15471
739 2578 15471
22651 7919 24048
24048 7919 22651
7919 22651 24048
22862 21695 23604
23604 21695 22862
21695 22862 23604
5169 3055 4624
4624 3055 5169
3055 4624 5169
9492 9081 26869
26869 9081 9492
9081 9492 26869
11506 9612 15305
15305 9612 11506
9612 11506 15305
20906 8662 10775
8662 10775 20906
10775 8662 20906
18066 18384 19116
18384 18066 19116
19116 18066 18384
27275 3650 24620
3650 24620 27275
24620 3650 27275
29361 14493 29070
29070 14493 29361
14493 29070 29361
4323 21667 29973
21667 4323 29973
29973 4323 21667
10822 16949 26317
16949 10822 26317
26317 10822 16949
27773 5852 18456
5852 18456 27773
18456 5852 27773
9942 16707 20780
16707 9942 20780
20780 9942 16707
5823 25764 27599
25764 5823 27599
27599 5823 25764
1563 3046 5027
5027 1563 3046
3046 1563 5027
7183 21181 23627
21181 7183 23627
23627 7183 21181
15746 8608 28048
28048 8608 15746
8608 15746 28048
18040 14903 23251
14903 18040 23251
23251 14903 18040
7507 6199 7608
6199 7507 7608
7608 6199 7507
18901 24914 29714
24914 18901 29714
29714 18901 24914
23384 2467 27771
2467 23384 27771
27771 2467 23384
20201 1230 19309
19309 1230 20201
1230 19309 20201
27839 10814 15107
15107 10814 27839
10814 15107 27839
2950 10127 18380
18380 2950 10127
10127 2950 18380
20777 79 8073
8073 79 20777
79 8073 20777
27056 3113 13704
3113 13704 27056
13704 3113 27056
26836 85 2469
2469 85 26836
85 2469 26836
19862 2136 11199
11199 2136 19862
2136 11199 19862
10689 1749 28085
28085 1749 10689
1749 10689 28085
3468 303 5665
303 3468 5665
5665 303 3468
15385 22978 25073
22978 15385 25073
25073 15385 22978
570 1415 6920
6920 570 1415
1415 570 6920
12228 9484 15032
15032 9484 12228
9484 12228 15032
22829 5987 10697
10697 5987 22829
5987 10697 22829
9958 1134 14814
14814 1134 9958
1134 9958 14814
24829 15773 21789
15773 21789 24829
21789 15773 24829
26191 1859 22629
22629 1859 26191
1859 22629 26191
18030 16859 18796
16859 18030 18796
18796 16859 18030
19020 2014 13309
2014 13309 19020
13309 2014 19020
3931 20747 26328
26328 3931 20747
20747 3931 26328
19339 18241 29218
29218 18241 19339
18241 19339 29218
3572 13229 27317
13229 3572 27317
27317 3572 13229
19828 2407 19067
19067 2407 19828
2407 19067 19828
24425 16782 27082
27082 16782 24425
16782 24425 27082
28631 10148 23187
23187 10148 28631
10148 23187 28631
22359 25705 25846
25846 22359 25705
25705 22359 25846
27455 13125 16264
13125 16264 27455
16264 13125 27455
19449 14045 19095
19095 14045 19449
14045 19095 19449
26888 9404 20044
9404 20044 26888
20044 9404 26888
29737 4373 22180
22180 4373 29737
4373 22180 29737
3037 27415 27653
27653 3037 27415
27415 3037 27653
24400 16097 23398
16097 23398 24400
23398 16097 24400
13036 25997 29617
25997 13036 29617
29617 13036 25997
1973 24459 26969
26969 1973 24459
24459 1973 26969
7965 24396 26295
24396 7965 26295
26295 7965 24396
21948 17896 21041
21041 17896 21948
17896 21041 21948
13594 5619 12802
12802 5619 13594
5619 12802 13594
6953 488 21477
488 6953 21477
21477 488 6953
9056 17787 24220
17787 9056 24220
24220 9056 17787
7952 11482 16018
16018 7952 11482
11482 7952 16018
10839 16280 28142
16280 10839 28142
28142 10839 16280
14552 2505 22073
22073 2505 14552
2505 14552 22073
23961 9303 20286
20286 9303 23961
9303 20286 23961
9851 16426 25307
25307 9851 16426
16426 9851 25307
15277 1862 12650
12650 1862 15277
1862 12650 15277
25594 11211 24782
11211 24782 25594
24782 11211 25594
29468 14796 25848
14796 25848 29468
25848 14796 29468
19673 2185 26738
2185 19673 26738
26738 2185 19673
23027 9597 14097
9597 14097 23027
14097 9597 23027
20984 1688 20540
20540 1688 20984
1688 20540 20984
25053 22225 27331
27331 22225 25053
22225 25053 27331
7811 11650 23090
23090 7811 11650
11650 7811 23090
13266 1353 11492
11492 1353 13266
1353 11492 13266
22290 2690 2848
2690 2848 22290
2848 2690 22290
28816 18767 24970
18767 24970 28816
24970 18767 28816
15639 4924 29113
4924 15639 29113
29113 4924 15639
9554 3962 7122
7122 3962 9554
3962 7122 9554
6285 23299 25685
25685 6285 23299
23299 6285 25685
1547 22368 28351
22368 1547 28351
28351 1547 22368
15306 17072 19451
19451 15306 17072
17072 15306 19451
17981 6103 26604
26604 6103 17981
6103 17981 26604
10405 7786 11181
7786 10405 11181
11181 7786 10405
23894 14857 18722
14857 18722 23894
18722 14857 23894
8087 6960 29417
29417 6960 8087
6960 8087 29417
29935 958 15991
958 15991 29935
15991 958 29935
16439 1457 27141
1457 16439 27141
27141 1457 16439
21997 7763 24937
24937 7763 21997
7763 21997 24937
26936 10181 25118
25118 10181 26936
10181 25118 26936
10939 8163 20234
20234 8163 10939
8163 10939 20234
21767 28001 29556
29556 21767 28001
28001 21767 29556
22381 15981 24817
24817 15981 22381
15981 22381 24817
26362 1695 16383
1695 16383 26362
16383 1695 26362
29196 10259 17566
17566 10259 29196
10259 17566 29196
2063 14617 26831
26831 2063 14617
14617 2063 26831
1741 23502 24718
23502 1741 24718
24718 1741 23502
3960 13756 17743
13756 3960 17743
17743 3960 13756
4431 5575 19751
19751 4431 5575
5575 4431 19751
1249 5316 28041
5316 1249 28041
28041 1249 5316
17269 4392 5332
5332 4392 17269
4392 5332 17269
20401 14850 21413
21413 14850 20401
14850 20401 21413
1980 9651 27809
9651 1980 27809
27809 1980 9651
1199 20741 28213
20741 1199 28213
28213 1199 20741
669 15608 16108
15608 669 16108
16108 669 15608
10708 12419 23349
23349 10708 12419
12419 10708 23349
7503 9653 16611
9653 7503 16611
16611 7503 9653
17892 360 29933
360 17892 29933
29933 360 17892
2666 601 2689
601 2666 2689
2689 601 2666
28119 2366 18352
18352 2366 28119
2366 18352 28119
21615 9474 26724
26724 9474 21615
9474 21615 26724
13883 4792 20394
4792 13883 20394
20394 4792 13883
27265 1536 6288
6288 1536 27265
1536 6288 27265
9998 8047 17967
17967 8047 9998
8047 9998 17967
22924 27849 28972
27849 22924 28972
28972 22924 27849
8005 3249 12431
3249 8005 12431
12431 3249 8005
15657 18023 20175
20175 15657 18023
18023 15657 20175
1150 12213 29874
29874 1150 12213
12213 1150 29874
8979 11777 26555
26555 8979 11777
11777 8979 26555
1234 6846 7614
6846 1234 7614
7614 1234 6846
9718 12372 15570
12372 9718 15570
15570 9718 12372
6328 21583 24793
24793 6328 21583
21583 6328 24793
26639 21798 27215
21798 26639 27215
27215 21798 26639
13617 3602 17335
3602 13617 17335
17335 3602 13617
3946 7041 9261
9261 3946 7041
7041 3946 9261
29961 18242 28042
28042 18242 29961
18242 28042 29961
28571 24549 28234
28234 24549 28571
24549 28234 28571
28654 17945 19860
17945 19860 28654
19860 17945 28654
19744 3866 24550
3866 19744 24550
24550 3866 19744
20574 2004 12090
2004 12090 20574
12090 2004 20574
20159 11145 14180
11145 14180 20159
14180 11145 20159
12855 795 22660
795 12855 22660
22660 795 12855
3794 2897 12965
12965 2897 3794
2897 3794 12965
17284 21611 25524
25524 17284 21611
21611 17284 25524
16674 7648 12703
12703 7648 16674
7648 12703 16674
1687 19773 26112
19773 1687 26112
26112 1687 19773
20227 13681 27683
27683 13681 20227
13681 20227 27683
27414 42 12129
42 12129 27414
12129 42 27414
3985 10598 26685
10598 3985 26685
26685 3985 10598
28346 16441 22340
22340 16441 28346
16441 22340 28346
23176 1622 6655
1622 6655 23176
6655 1622 23176
25215 125 8489
125 8489 25215
8489 125 25215
23646 14749 24809
24809 14749 23646
14749 23646 24809
4997 7764 25083
7764 4997 25083
25083 4997 7764
7979 7728 16411
16411 7728 7979
7728 7979 16411
14190 5624 24857
24857 5624 14190
5624 14190 24857
18505 10017 13008
13008 10017 18505
10017 13008 18505
28037 24200 25259
25259 24200 28037
24200 25259 28037
19605 8018 22601
22601 8018 19605
8018 19605 22601
3122 3077 22858
22858 3077 3122
3077 3122 22858
4150 1711 12520
12520 1711 4150
1711 4150 12520
14087 21070 28630
28630 14087 21070
21070 14087 28630
10170 22216 27355
27355 10170 22216
22216 10170 27355
28388 18109 26321
26321 18109 28388
18109 26321 28388
7386 15387 27280
27280 7386 15387
15387 7386 27280
6873 12278 22485
22485 6873 12278
12278 6873 22485
18751 16785 24756
24756 16785 18751
16785 18751 24756
2131 9202 24546
9202 2131 24546
24546 2131 9202
26925 21294 28892
28892 21294 26925
21294 26925 28892
11825 3905 28347
3905 11825 28347
28347 3905 11825
23491 6056 28939
28939 6056 23491
6056 23491 28939
28736 14002 19063
19063 14002 28736
14002 19063 28736
28308 9704 29036
9704 28308 29036
29036 9704 28308
13530 2141 13583
2141 13530 13583
13583 2141 13530
9937 7677 27080
27080 7677 9937
7677 9937 27080
16190 17574 20888
17574 16190 20888
20888 16190 17574
24243 6488 11836
6488 11836 24243
11836 6488 24243
24011 10637 10894
10894 10637 24011
10637 10894 24011
8397 13921 15196
15196 8397 13921
13921 8397 15196
11387 411 25709
25709 411 11387
411 11387 25709
5806 3774 27262
27262 3774 5806
3774 5806 27262
10005 19587 27249
27249 10005 19587
19587 10005 27249
14125 94 3608
3608 94 14125
94 3608 14125
11456 224 18625
18625 224 11456
224 11456 18625
7339 5060 15044
5060 7339 15044
15044 5060 7339
6599 8778 25991
25991 6599 8778
8778 6599 25991
23977 11795 26211
26211 11795 23977
11795 23977 26211
17051 5517 17106
5517 17051 17106
17106 5517 17051
25871 6007 27372
6007 25871 27372
27372 6007 25871
5322 19894 24263
19894 5322 24263
24263 5322 19894
6629 2746 23995
2746 6629 23995
23995 2746 6629
8218 12912 25776
25776 8218 12912
12912 8218 25776
2532 13834 17911
13834 2532 17911
17911 2532 13834
29892 4386 27231
27231 4386 29892
4386 27231 29892
8980 2181 18566
18566 2181 8980
2181 8980 18566
6487 16281 27131
27131 6487 16281
16281 6487 27131
21755 8516 26446
8516 21755 26446
26446 8516 21755
12778 12574 20709
20709 12574 12778
12574 12778 20709
18501 1648 21765
21765 1648 18501
1648 18501 21765
8455 13355 25369
13355 8455 25369
25369 8455 13355
22353 8100 13650
8100 13650 22353
13650 8100 22353
26702 9769 27541
9769 26702 27541
27541 9769 26702
2570 10455 24674
24674 2570 10455
10455 2570 24674
26285 10813 29034
10813 26285 29034
29034 10813 26285
13540 14321 28371
14321 13540 28371
28371 13540 14321
23769 5412 25507
5412 23769 25507
25507 5412 23769
7211 5863 17694
17694 5863 7211
5863 7211 17694
4105 548 28710
28710 548 4105
548 4105 28710
1390 4380 28987
4380 1390 28987
28987 1390 4380
13709 12356 20715
20715 12356 13709
12356 13709 20715
17117 1875 28266
1875 17117 28266
28266 1875 17117
24047 9680 14683
14683 9680 24047
9680 14683 24047
20727 11645 14513
14513 11645 20727
11645 14513 20727
5699 1016 6784
1016 5699 6784
6784 1016 5699
16966 13829 16255
13829 16255 16966
16255 13829 16966
24589 6838 27873
27873 6838 24589
6838 24589 27873
7379 57 12180
57 7379 12180
12180 57 7379
2380 1872 10398
1872 2380 10398
10398 1872 2380
2763 22926 29407
29407 2763 22926
22926 2763 29407
12098 16409 24103
16409 12098 24103
24103 12098 16409
24340 6402 11013
6402 11013 24340
11013 6402 24340
5645 2490 4083
2490 4083 5645
4083 2490 5645
18574 7555 21343
21343 7555 18574
7555 18574 21343
18792 3808 29958
3808 18792 29958
29958 3808 18792
29271 12781 20208
20208 12781 29271
12781 20208 29271
25102 11669 19978
11669 19978 25102
19978 11669 25102
3756 5349 27823
5349 3756 27823
27823 3756 5349
12214 6665 28464
28464 6665 12214
6665 12214 28464
21460 12819 23291
23291 12819 21460
12819 21460 23291
28367 5587 7843
7843 5587 28367
5587 7843 28367
26158 2823 20691
20691 2823 26158
2823 20691 26158
4293 9878 16032
16032 4293 9878
9878 4293 16032
17162 17932 23458
23458 17162 17932
17932 17162 23458
3694 11459 15456
11459 3694 15456
15456 3694 11459
20002 11010 16463
11010 16463 20002
16463 11010 20002
11119 12826 21144
21144 11119 12826
12826 11119 21144
18240 5184 12849
5184 12849 18240
12849 5184 18240
10672 14878 16824
16824 10672 14878
14878 10672 16824
23514 1977 2031
1977 2031 23514
2031 1977 23514
8775 18357 27526
27526 8775 18357
18357 8775 27526
12094 6965 28903
28903 6965 12094
6965 12094 28903
11821 1355 15050
15050 1355 11821
1355 11821 15050
5371 10791 17254
10791 5371 17254
17254 5371 10791
25947 9553 28235
9553 25947 28235
28235 9553 25947
23427 11325 14602
14602 11325 23427
11325 14602 23427
24343 14721 16459
16459 14721 24343
14721 16459 24343
12003 7469 26159
7469 12003 26159
26159 7469 12003
21774 3013 14362
3013 14362 21774
14362 3013 21774
24174 2411 25295
25295 2411 24174
2411 24174 25295
22600 2142 20284
20284 2142 22600
2142 20284 22600
25287 2727 23709
2727 23709 25287
23709 2727 25287
26741 23327 24684
24684 23327 26741
23327 24684 26741
12028 263 7745
263 7745 12028
7745 263 12028
29268 18105 23632
23632 18105 29268
18105 23632 29268
9626 11609 12008
12008 9626 11609
11609 9626 12008
18422 16374 28488
16374 18422 28488
28488 16374 18422
9807 4243 5994
4243 5994 9807
5994 4243 9807
24708 16381 22366
22366 16381 24708
16381 22366 24708
26977 14932 27489
14932 26977 27489
27489 14932 26977
11781 3244 11027
11027 3244 11781
3244 11027 11781
26041 14094 26626
26626 14094 26041
14094 26041 26626
904 5853 20164
20164 904 5853
5853 904 20164
12500 18285 27119
18285 12500 27119
27119 12500 18285
25420 3120 8735
3120 8735 25420
8735 3120 25420
25797 16007 29182
16007 25797 29182
29182 16007 25797
10116 941 4253
941 4253 10116
4253 941 10116
20693 9451 21843
21843 9451 20693
9451 20693 21843
2910 4005 10587
4005 2910 10587
10587 2910 4005
21346 14421 21992
21992 14421 21346
14421 21346 21992
43 29017 29220
29220 43 29017
29017 43 29220
16496 3353 16791
16791 3353 16496
3353 16496 16791
13087 3057 18151
3057 13087 18151
18151 3057 13087
14257 1231 6116
1231 6116 14257
6116 1231 14257
17024 8909 22286
8909 17024 22286
22286 8909 17024
14371 2445 2795
2445 2795 14371
2795 2445 14371
1732 1981 11224
1981 1732 11224
11224 1732 1981
16534 18612 20836
18612 16534 20836
20836 16534 18612
24383 13874 19212
13874 19212 24383
19212 13874 24383
29084 953 22132
953 22132 29084
22132 953 29084
11466 1020 12738
12738 1020 11466
1020 11466 12738
13373 4737 17539
4737 13373 17539
17539 4737 13373
25758 25545 29356
29356 25545 25758
25545 25758 29356
20967 484 3994
3994 484 20967
484 3994 20967
5894 6836 23928
6836 5894 23928
23928 5894 6836
3100 882 18113
882 3100 18113
18113 882 3100
3908 8958 11247
11247 3908 8958
8958 3908 11247
11179 8471 12487
8471 11179 12487
12487 8471 11179
11261 14682 20149
14682 11261 20149
20149 11261 14682
26354 14290 16862
16862 14290 26354
14290 16862 26354
11275 17664 25789
17664 11275 25789
25789 11275 17664
1083 6300 14764
6300 1083 14764
14764 1083 6300
27086 850 19450
850 19450 27086
19450 850 27086
20625 22292 25391
22292 20625 25391
25391 20625 22292
6630 15900 23315
23315 6630 15900
15900 6630 23315
13034 14970 24498
24498 13034 14970
14970 13034 24498
12188 5657 19606
19606 5657 12188
5657 12188 19606
5145 4970 20850
4970 5145 20850
20850 4970 5145
9899 884 24333
884 9899 24333
24333 884 9899
920 15497 23984
15497 920 23984
23984 920 15497
23662 13497 27151
27151 13497 23662
13497 23662 27151
16262 17761 21530
21530 16262 17761
17761 16262 21530
22767 3060 7522
3060 7522 22767
7522 3060 22767
28190 13099 17670
13099 17670 28190
17670 13099 28190
6496 386 5671
5671 386 6496
386 5671 6496
15172 9559 11521
9559 11521 15172
11521 9559 15172
12895 12037 17287
17287 12037 12895
12037 12895 17287
17995 18910 26518
26518 17995 18910
18910 17995 26518
15956 5684 23598
5684 15956 23598
23598 5684 15956
17902 20807 28837
28837 17902 20807
20807 17902 28837
14455 5764 22347
5764 14455 22347
22347 5764 14455
12536 20753 23284
23284 12536 20753
20753 12536 23284
27484 20009 28549
20009 27484 28549
28549 20009 27484
26730 7908 10844
10844 7908 26730
7908 10844 26730
490 7562 21565
7562 490 21565
21565 490 7562
14550 53 18542
53 14550 18542
18542 53 14550
1595 3938 25740
3938 1595 25740
25740 1595 3938
4531 28303 28448
28448 4531 28303
28303 4531 28448
2307 8693 10414
8693 2307 10414
10414 2307 8693
8951 8189 12442
12442 8189 8951
8189 8951 12442
1106 12348 17495
17495 1106 12348
12348 1106 17495
27884 11948 16706
11948 16706 27884
16706 11948 27884
12603 4683 27250
27250 4683 12603
4683 12603 27250
27602 27550 28840
28840 27550 27602
27550 27602 28840
13235 12481 17080
12481 13235 17080
17080 12481 13235
4002 7219 28666
7219 4002 28666
28666 4002 7219
12503 1324 17643
1324 12503 17643
17643 1324 12503
2092 5290 29733
5290 2092 29733
29733 2092 5290
24912 8295 24642
8295 24642 24912
24642 8295 24912
28 14471 28724
28724 28 14471
14471 28 28724
138 2500 14941
2500 138 14941
14941 138 2500
21438 18882 28609
18882 21438 28609
28609 18882 21438
16133 5435 22696
5435 16133 22696
22696 5435 16133
21660 3004 11807
11807 3004 21660
3004 11807 21660
4734 4367 28792
28792 4367 4734
4367 4734 28792
4484 12638 19140
19140 4484 12638
12638 4484 19140
12925 2675 10298
2675 10298 12925
10298 2675 12925
25364 6807 14829
6807 14829 25364
14829 6807 25364
16437 15441 21130
21130 15441 16437
15441 16437 21130
9981 27533 28629
28629 9981 27533
27533 9981 28629
6432 4648 26072
4648 6432 26072
26072 4648 6432
7189 8101 24467
24467 7189 8101
8101 7189 24467
6675 5819 10145
10145 5819 6675
5819 6675 10145
21912 19000 21031
21031 19000 21912
19000 21031 21912
23902 2073 26970
26970 2073 23902
2073 23902 26970
16308 23372 29255
23372 16308 29255
29255 16308 23372
5887 26399 29165
29165 5887 26399
26399 5887 29165
19657 1172 17448
1172 17448 19657
17448 1172 19657
27922 305 24155
305 24155 27922
24155 305 27922
26684 2138 12110
2138 12110 26684
12110 2138 26684
5934 14343 23068
14343 5934 23068
23068 5934 14343
22476 17556 18559
18559 17556 22476
17556 18559 22476
23682 9607 13180
13180 9607 23682
9607 13180 23682
4320 24315 24349
24315 4320 24349
24349 4320 24315
7464 11976 28795
11976 7464 28795
28795 7464 11976
12103 27606 29046
27606 12103 29046
29046 12103 27606
22892 341 6101
341 6101 22892
6101 341 22892
7210 8637 18765
8637 7210 18765
18765 7210 8637
4396 1495 2978
1495 2978 4396
2978 1495 4396
20705 6940 8715
6940 8715 20705
8715 6940 20705
9341 8513 14449
8513 9341 14449
14449 8513 9341
26516 1673 3972
3972 1673 26516
1673 3972 26516
8211 14177 18669
14177 8211 18669
18669 8211 14177
19884 18599 19544
19544 18599 19884
18599 19544 19884
4354 540 10903
10903 540 4354
540 4354 10903
6364 2040 6284
6284 2040 6364
2040 6284 6364
2230 26862 28000
26862 2230 28000
28000 2230 26862
26819 2048 4721
2048 4721 26819
4721 2048 26819
19790 5015 9323
5015 9323 19790
9323 5015 19790
24296 4726 20173
4726 20173 24296
20173 4726 24296
26811 19626 27673
27673 19626 26811
19626 26811 27673
22154 29177 29632
29632 22154 29177
29177 22154 29632
28791 23745 24978
24978 23745 28791
23745 24978 28791
16344 25477 27383
25477 16344 27383
27383 16344 25477
23566 19973 28872
19973 23566 28872
28872 19973 23566
11587 2271 14605
2271 11587 14605
14605 2271 11587
902 23555 26602
23555 902 26602
26602 902 23555
18182 3699 18672
18672 3699 18182
3699 18182 18672
21160 1025 14435
1025 14435 21160
14435 1025 21160
26420 1052 4781
4781 1052 26420
1052 4781 26420
27865 25498 28247
28247 25498 27865
25498 27865 28247
5163 21337 29138
29138 5163 21337
21337 5163 29138
550 18642 22200
18642 550 22200
22200 550 18642
27749 5970 20664
20664 5970 27749
5970 20664 27749
12796 18728 21682
18728 12796 21682
21682 12796 18728
457 10937 24501
10937 457 24501
24501 457 10937
6084 10067 28691
10067 6084 28691
28691 6084 10067
16227 10712 17156
10712 16227 17156
17156 10712 16227
13786 13798 17728
17728 13786 13798
13798 13786 17728
4089 13292 22870
13292 4089 22870
22870 4089 13292
25016 4628 25517
25517 4628 25016
4628 25016 25517
11627 21301 28661
28661 11627 21301
21301 11627 28661
1598 13430 23196
13430 1598 23196
23196 1598 13430
22642 405 1635
1635 405 22642
405 1635 22642
23321 8217 23990
23990 8217 23321
8217 23321 23990
1468 6542 22937
6542 1468 22937
22937 1468 6542
6529 3797 8632
8632 3797 6529
3797 6529 8632
17391 8188 11703
8188 11703 17391
11703 8188 17391
18594 11491 17149
11491 17149 18594
17149 11491 18594
21182 1193 26393
1193 21182 26393
26393 1193 21182
14292 18717 21819
18717 14292 21819
21819 14292 18717
10239 10879 16622
10879 10239 16622
16622 10239 10879
18530 12589 14330
14330 12589 18530
12589 14330 18530
13541 17658 18349
18349 13541 17658
17658 13541 18349
25179 372 5663
372 5663 25179
5663 372 25179
20857 7944 17869
7944 17869 20857
17869 7944 20857
10311 5013 29089
5013 10311 29089
29089 5013 10311
18673 24657 26957
24657 18673 26957
26957 18673 24657
11561 15913 21665
21665 11561 15913
15913 11561 21665
27420 15398 18782
15398 18782 27420
18782 15398 27420
10944 9042 25928
9042 10944 25928
25928 9042 10944
12226 12015 25398
25398 12015 12226
12015 12226 25398
19801 10660 20148
10660 19801 20148
20148 10660 19801
24745 1795 25595
1795 24745 25595
25595 1795 24745
5414 14141 17300
17300 5414 14141
14141 5414 17300
28502 5636 13596
5636 13596 28502
13596 5636 28502
29325 22162 29690
29690 22162 29325
22162 29325 29690
1807 10626 22044
22044 1807 10626
10626 1807 22044
8387 2734 14317
2734 8387 14317
14317 2734 8387
22706 13749 23698
23698 13749 22706
13749 22706 23698
1095 7244 15053
7244 1095 15053
15053 1095 7244
25170 6065 29072
29072 6065 25170
6065 25170 29072
4647 949 8395
8395 949 4647
949 4647 8395
27316 2127 26976
26976 2127 27316
2127 26976 27316
28364 11416 16270
16270 11416 28364
11416 16270 28364
10895 18042 28622
18042 10895 28622
28622 10895 18042
13803 19887 23966
19887 13803 23966
23966 13803 19887
4820 11077 29850
11077 4820 29850
29850 4820 11077
534 20454 29560
29560 534 20454
20454 534 29560
13482 734 21663
21663 734 13482
734 13482 21663
6889 4305 27104
27104 4305 6889
4305 6889 27104
2124 4363 9766
4363 2124 9766
9766 2124 4363
4061 8314 10027
8314 4061 10027
10027 4061 8314
20442 6704 10930
10930 6704 20442
6704 10930 20442
24861 4942 22520
22520 4942 24861
4942 22520 24861
18798 418 22678
22678 418 18798
418 18798 22678
22429 10705 27463
10705 22429 27463
27463 10705 22429
26400 6929 7716
6929 7716 26400
7716 6929 26400
10763 22591 23564
22591 10763 23564
23564 10763 22591
5249 16675 25979
16675 5249 25979
25979 5249 16675
8759 17234 19857
19857 8759 17234
17234 8759 19857
1379 105 21795
105 1379 21795
21795 105 1379
6623 15447 26310
15447 6623 26310
26310 6623 15447
2792 10187 29151
10187 2792 29151
29151 2792 10187
20179 4623 14144
4623 14144 20179
14144 4623 20179
13318 18880 21748
21748 13318 18880
18880 13318 21748
12283 25646 28278
25646 12283 28278
28278 12283 25646
20651 3664 20308
20308 3664 20651
3664 20308 20651
20839 23141 25416
25416 20839 23141
23141 20839 25416
7600 8233 12924
12924 7600 8233
8233 7600 12924
818 1398 3302
3302 818 1398
1398 818 3302
13346 1058 1374
1374 1058 13346
1058 1374 13346
24111 20206 25917
25917 20206 24111
20206 24111 25917
2609 2793 27714
27714 2609 2793
2793 2609 27714
1813 20186 24215
20186 1813 24215
24215 1813 20186
4851 14755 19481
14755 4851 19481
19481 4851 14755
5588 3369 27116
3369 5588 27116
27116 3369 5588
6045 12135 28868
12135 6045 28868
28868 6045 12135
15950 5237 9895
5237 9895 15950
9895 5237 15950
22898 140 22675
140 22675 22898
22675 140 22898
29310 981 8256
981 8256 29310
8256 981 29310
9276 16820 27546
16820 9276 27546
27546 9276 16820
27579 15921 21779
15921 21779 27579
21779 15921 27579
21510 4840 26407
4840 21510 26407
26407 4840 21510
959 18062 20398
18062 959 20398
20398 959 18062
3857 18902 27018
27018 3857 18902
18902 3857 27018
29190 1236 28641
1236 28641 29190
28641 1236 29190
11792 20121 23496
20121 11792 23496
23496 11792 20121
20419 7517 26277
7517 20419 26277
26277 7517 20419
15307 10687 13101
13101 10687 15307
10687 13101 15307
6551 4316 12232
4316 6551 12232
12232 4316 6551
18746 24618 26484
26484 18746 24618
24618 18746 26484
15240 15645 16471
16471 15240 15645
15645 15240 16471
17990 2703 11961
2703 11961 17990
11961 2703 17990
5666 18249 26743
18249 5666 26743
26743 5666 18249
29605 6356 9642
9642 6356 29605
6356 9642 29605
6951 9599 19355
19355 6951 9599
9599 6951 19355
13179 4822 15191
4822 13179 15191
15191 4822 13179
21475 5214 20104
20104 5214 21475
5214 20104 21475
21596 12490 21185
12490 21185 21596
21185 12490 21596
27900 5725 19037
5725 19037 27900
19037 5725 27900
8371 6242 15521
15521 6242 8371
6242 8371 15521
14510 3300 25551
25551 3300 14510
3300 14510 25551
29337 6510 29533
29533 6510 29337
6510 29337 29533
26679 1459 4009
1459 4009 26679
4009 1459 26679
6108 375 17754
17754 375 6108
375 6108 17754
4555 777 24356
777 4555 24356
24356 777 4555
27845 7846 28997
7846 27845 28997
28997 7846 27845
19366 12917 24100
24100 12917 19366
12917 19366 24100
17648 8074 9938
8074 9938 17648
9938 8074 17648
21569 12691 24977
24977 12691 21569
12691 21569 24977
21269 3616 9178
9178 3616 21269
3616 9178 21269
18585 5206 9571
9571 5206 18585
5206 9571 18585
13691 6880 16510
16510 6880 13691
6880 13691 16510
14275 20022 23714
23714 14275 20022
20022 14275 23714
8227 1577 13695
13695 1577 8227
1577 8227 13695
546 15864 19779
15864 546 19779
19779 546 15864
28033 6282 11773
11773 6282 28033
6282 11773 28033
3596 9721 18049
18049 3596 9721
9721 3596 18049
9901 17100 25503
17100 9901 25503
25503 9901 17100
435 14423 17329
17329 435 14423
14423 435 17329
15987 11235 23461
11235 15987 23461
23461 11235 15987
26630 2863 19244
19244 2863 26630
2863 19244 26630
15783 9659 10194
9659 10194 15783
10194 9659 15783
8591 13872 15611
13872 8591 15611
15611 8591 13872
22825 18538 22792
22792 18538 22825
18538 22792 22825
2715 3906 20865
3906 2715 20865
20865 2715 3906
25553 7285 20755
7285 20755 25553
20755 7285 25553
1261 4031 22401
4031 1261 22401
22401 1261 4031
2712 9986 27063
27063 2712 9986
9986 2712 27063
951 2159 8359
2159 951 8359
8359 951 2159
12040 5966 27612
27612 5966 12040
5966 12040 27612
24301 19902 27049
27049 19902 24301
19902 24301 27049
16819 16443 17958
16443 16819 17958
17958 16443 16819
8764 7937 12497
7937 8764 12497
12497 7937 8764
10627 4197 11129
4197 10627 11129
11129 4197 10627
3518 15708 29662
15708 3518 29662
29662 3518 15708
8841 18218 18829
18218 8841 18829
18829 8841 18218
19941 26860 28965
28965 19941 26860
26860 19941 28965
14791 2948 23337
2948 14791 23337
23337 2948 14791
14258 15617 23609
15617 14258 23609
23609 14258 15617
18402 8839 12154
8839 12154 18402
12154 8839 18402
29979 8313 29510
29510 8313 29979
8313 29510 29979
27459 5664 29405
29405 5664 27459
5664 27459 29405
26904 10242 10720
10242 10720 26904
10720 10242 26904
22388 24909 28104
24909 22388 28104
28104 22388 24909
29286 13472 26325
13472 26325 29286
26325 13472 29286
22880 965 10135
965 10135 22880
10135 965 22880
27190 3127 7521
7521 3127 27190
3127 7521 27190
11251 8068 12793
12793 8068 11251
8068 11251 12793
5147 13079 27266
13079 5147 27266
27266 5147 13079
12606 2362 18005
2362 12606 18005
18005 2362 12606
18995 17545 22679
22679 17545 18995
17545 18995 22679
622 11404 14685
11404 622 14685
14685 622 11404
15862 555 1753
555 1753 15862
1753 555 15862
16589 11527 27236
27236 11527 16589
11527 16589 27236
8844 14324 25063
14324 8844 25063
25063 8844 14324
9174 19705 19908
19908 9174 19705
19705 9174 19908
22734 10748 21921
21921 10748 22734
10748 21921 22734
21299 2046 2955
2046 2955 21299
2955 2046 21299
21208 2224 29534
29534 2224 21208
2224 21208 29534
17102 21692 26254
21692 17102 26254
26254 17102 21692
5877 18584 28410
18584 5877 28410
28410 5877 18584
7695 13035 23490
23490 7695 13035
13035 7695 23490
4094 21631 23522
23522 4094 21631
21631 4094 23522
19376 13920 27501
27501 13920 19376
13920 19376 27501
8799 17811 27785
17811 8799 27785
27785 8799 17811
8436 28209 29881
28209 8436 29881
29881 8436 28209
26823 2085 17652
2085 17652 26823
17652 2085 26823
14380 10038 16224
10038 14380 16224
16224 10038 14380
29895 974 28924
28924 974 29895
974 28924 29895
29369 11028 27197
27197 11028 29369
11028 27197 29369
6932 4686 20137
20137 4686 6932
4686 6932 20137
814 14489 19461
19461 814 14489
14489 814 19461
22449 8365 8784
8784 8365 22449
8365 8784 22449
9598 24118 28166
28166 9598 24118
24118 9598 28166
7510 12907 21935
21935 7510 12907
12907 7510 21935
25366 11933 26201
11933 25366 26201
26201 11933 25366
2194 64 20612
20612 64 2194
64 2194 20612
8044 11873 17414
11873 8044 17414
17414 8044 11873
27026 630 13910
13910 630 27026
630 13910 27026
7997 23429 28366
23429 7997 28366
28366 7997 23429
7935 13604 28358
13604 7935 28358
28358 7935 13604
15581 19233 27868
27868 15581 19233
19233 15581 27868
783 5393 19195
19195 783 5393
5393 783 19195
9819 17157 20311
17157 9819 20311
20311 9819 17157
18176 364 21330
21330 364 18176
364 18176 21330
2560 5926 6383
5926 2560 6383
6383 2560 5926
22261 13899 23158
13899 22261 23158
23158 13899 22261
86 5021 11717
11717 86 5021
5021 86 11717
18686 10796 18209
18209 10796 18686
10796 18209 18686
9345 18756 22500
18756 9345 22500
22500 9345 18756
20965 3865 15204
3865 15204 20965
15204 3865 20965
14854 11124 15457
15457 11124 14854
11124 14854 15457
28340 8517 11281
8517 11281 28340
11281 8517 28340
12266 17798 21298
21298 12266 17798
17798 12266 21298
19646 1246 12402
12402 1246 19646
1246 12402 19646
14537 7741 8533
8533 7741 14537
7741 8533 14537
23771 3248 23743
3248 23743 23771
23743 3248 23771
25488 24027 24656
24027 24656 25488
24656 24027 25488
15043 994 21772
994 15043 21772
21772 994 15043
5288 5403 20063
5403 5288 20063
20063 5288 5403
374 21544 25192
25192 374 21544
21544 374 25192
14480 20832 29389
20832 14480 29389
29389 14480 20832
5872 4294 15246
15246 4294 5872
4294 5872 15246
29839 1046 28723
1046 28723 29839
28723 1046 29839
24539 7905 8430
7905 8430 24539
8430 7905 24539
844 28495 29550
29550 844 28495
28495 844 29550
2760 19947 24136
19947 2760 24136
24136 2760 19947
13366 9624 28748
28748 9624 13366
9624 13366 28748
15637 25376 29176
25376 15637 29176
29176 15637 25376
5104 5783 22423
22423 5104 5783
5783 5104 22423
3347 7455 14076
14076 3347 7455
7455 3347 14076
10453 10865 11192
11192 10453 10865
10865 10453 11192
19061 2222 18944
18944 2222 19061
2222 18944 19061
16119 8568 18101
8568 16119 18101
18101 8568 16119
14014 5175 24598
5175 14014 24598
24598 5175 14014
28380 177 15454
177 15454 28380
15454 177 28380
24130 2190 19179
19179 2190 24130
2190 19179 24130
2818 6695 28556
6695 2818 28556
28556 2818 6695
27826 4894 17723
4894 17723 27826
17723 4894 27826
21318 266 23190
23190 266 21318
266 21318 23190
11626 11414 16783
16783 11414 11626
11414 11626 16783
11446 479 29206
29206 479 11446
479 11446 29206
19728 6912 8999
6912 8999 19728
8999 6912 19728
11487 6615 18324
18324 6615 11487
6615 11487 18324
4732 63 29025
63 4732 29025
29025 63 4732
24078 16006 17577
17577 16006 24078
16006 17577 24078
19529 4270 6885
6885 4270 19529
4270 6885 19529
21388 6373 25610
6373 21388 25610
25610 6373 21388
16290 3390 12528
3390 12528 16290
12528 3390 16290
10110 5736 23417
23417 5736 10110
5736 10110 23417
11546 13638 20590
13638 11546 20590
20590 11546 13638
12604 3267 29505
3267 12604 29505
29505 3267 12604
12844 6275 7806
6275 7806 12844
7806 6275 12844
24474 16962 18146
18146 16962 24474
16962 18146 24474
25736 128 8346
128 8346 25736
8346 128 25736
18405 23455 23923
23923 18405 23455
23455 18405 23923
2443 3727 11927
11927 2443 3727
3727 2443 11927
16410 15941 24703
24703 15941 16410
15941 16410 24703
3714 5176 26468
5176 3714 26468
26468 3714 5176
27045 5709 19005
19005 5709 27045
5709 19005 27045
1746 6861 7991
6861 1746 7991
7991 1746 6861
27396 8602 18974
8602 18974 27396
18974 8602 27396
9269 23093 29207
23093 9269 29207
29207 9269 23093
29924 8034 10358
10358 8034 29924
8034 10358 29924
1339 16746 22016
16746 1339 22016
22016 1339 16746
1436 10815 23993
23993 1436 10815
10815 1436 23993
12795 7054 8336
7054 8336 12795
8336 7054 12795
2771 11514 24749
11514 2771 24749
24749 2771 11514
29775 800 22134
800 22134 29775
22134 800 29775
15827 17739 20671
20671 15827 17739
17739 15827 20671
5488 12210 13982
13982 5488 12210
12210 5488 13982
24500 10902 12016
10902 12016 24500
12016 10902 24500
1406 1388 29750
1388 1406 29750
29750 1388 1406
2789 725 8197
8197 725 2789
725 2789 8197
16948 14722 28539
14722 16948 28539
28539 14722 16948
3099 7611 8147
8147 3099 7611
7611 3099 8147
22420 28211 29269
28211 22420 29269
29269 22420 28211
23207 2576 18789
2576 18789 23207
18789 2576 23207
16608 13055 28681
28681 13055 16608
13055 16608 28681
4033 5875 12401
5875 4033 12401
12401 4033 5875
5279 26490 28771
28771 5279 26490
26490 5279 28771
15927 3222 22909
3222 15927 22909
22909 3222 15927
16535 797 27364
797 16535 27364
27364 797 16535
17438 16182 21598
16182 17438 21598
21598 16182 17438
29802 9483 16657
9483 16657 29802
16657 9483 29802
19695 7292 24456
24456 7292 19695
7292 19695 24456
28365 1420 28970
1420 28365 28970
28970 1420 28365
23776 14132 18439
14132 18439 23776
18439 14132 23776
4013 4066 14409
4066 4013 14409
14409 4013 4066
20081 309 10426
309 10426 20081
10426 309 20081
17750 2644 20745
20745 2644 17750
2644 17750 20745
18454 7284 29795
7284 18454 29795
29795 7284 18454
686 5409 6347
5409 686 6347
6347 686 5409
3119 639 18736
18736 639 3119
639 3119 18736
13723 1578 14040
14040 1578 13723
1578 13723 14040
15928 11113 25112
11113 15928 25112
25112 11113 15928
25912 9129 28392
9129 25912 28392
28392 9129 25912
5295 5171 16616
16616 5171 5295
5171 5295 16616
6772 9229 22332
9229 6772 22332
22332 6772 9229
19214 3670 20785
3670 19214 20785
20785 3670 19214
8414 10167 25107
10167 8414 25107
25107 8414 10167
26015 1442 11503
11503 1442 26015
1442 11503 26015
11244 10583 20262
10583 11244 20262
20262 10583 11244
5788 11635 24246
11635 5788 24246
24246 5788 11635
5303 11051 24635
11051 5303 24635
24635 5303 11051
24364 7128 14724
7128 14724 24364
14724 7128 24364
1309 16711 17442
16711 1309 17442
17442 1309 16711
529 2775 22608
2775 529 22608
22608 529 2775
28453 9616 25333
9616 25333 28453
25333 9616 28453
6915 18943 20740
20740 6915 18943
18943 6915 20740
2495 23287 29347
29347 2495 23287
23287 2495 29347
25660 11062 12612
11062 12612 25660
12612 11062 25660
24390 12580 20078
12580 20078 24390
20078 12580 24390
28576 12864 22000
22000 12864 28576
12864 22000 28576
29760 5319 26348
5319 26348 29760
26348 5319 29760
1290 8706 15849
8706 1290 15849
15849 1290 8706
25911 13405 23387
23387 13405 25911
13405 23387 25911
6872 14747 17782
17782 6872 14747
14747 6872 17782
12518 18965 23030
18965 12518 23030
23030 12518 18965
26039 7222 10499
10499 7222 26039
7222 10499 26039
16815 11232 24742
24742 11232 16815
11232 16815 24742
1005 14363 24377
24377 1005 14363
14363 1005 24377
3943 8273 25937
8273 3943 25937
25937 3943 8273
3827 3442 9830
3442 3827 9830
9830 3442 3827
28750 10951 27627
27627 10951 28750
10951 27627 28750
14129 7782 13336
7782 13336 14129
13336 7782 14129
21198 7213 10297
10297 7213 21198
7213 10297 21198
27650 14325 17858
17858 14325 27650
14325 17858 27650
16213 24826 25449
25449 16213 24826
24826 16213 25449
9853 5355 23890
5355 9853 23890
23890 5355 9853
4964 15732 16741
16741 4964 15732
15732 4964 16741
22283 3863 27404
3863 22283 27404
27404 3863 22283
23336 15330 25144
15330 23336 25144
25144 15330 23336
27968 3558 20410
3558 20410 27968
20410 3558 27968
12605 19981 28956
28956 12605 19981
19981 12605 28956
29593 1182 20743
1182 20743 29593
20743 1182 29593
29549 7605 27994
7605 27994 29549
27994 7605 29549
23498 1085 27111
27111 1085 23498
1085 23498 27111
26290 8939 13949
13949 8939 26290
8939 13949 26290
19754 3869 12071
3869 12071 19754
12071 3869 19754
14511 807 4627
4627 807 14511
807 4627 14511
12827 4845 26006
26006 4845 12827
4845 12827 26006
13662 3121 12646
3121 12646 13662
12646 3121 13662
18600 14925 17294
14925 17294 18600
17294 14925 18600
24669 3750 4741
3750 4741 24669
4741 3750 24669
1581 9181 10445
9181 1581 10445
10445 1581 9181
11157 5828 14597
5828 11157 14597
14597 5828 11157
17622 5006 8905
5006 8905 17622
8905 5006 17622
11019 10372 19871
10372 11019 19871
19871 10372 11019
8959 13499 17926
13499 8959 17926
17926 8959 13499
1752 8396 27106
27106 1752 8396
8396 1752 27106
7673 1503 27895
27895 1503 7673
1503 7673 27895
2722 1618 23744
1618 2722 23744
23744 1618 2722
23575 5404 24299
5404 23575 24299
24299 5404 23575
26781 23325 26954
26954 23325 26781
23325 26781 26954
15069 2604 13554
13554 2604 15069
2604 13554 15069
6895 3376 26338
3376 6895 26338
26338 3376 6895
12843 18854 29919
18854 12843 29919
29919 12843 18854
24240 16389 16541
16389 16541 24240
16541 16389 24240
21990 4044 11343
11343 4044 21990
4044 11343 21990
3856 14136 15812
14136 3856 15812
15812 3856 14136
24380 877 6670
6670 877 24380
877 6670 24380
903 12444 12586
12586 903 12444
12444 903 12586
15597 16715 22006
16715 15597 22006
22006 15597 16715
4913 2550 13429
2550 4913 13429
13429 2550 4913
17341 2779 22841
2779 17341 22841
22841 2779 17341
26632 5440 22949
5440 22949 26632
22949 5440 26632
5209 13391 28644
13391 5209 28644
28644 5209 13391
11815 10612 29095
29095 10612 11815
10612 11815 29095
24244 6016 29927
6016 24244 29927
29927 6016 24244
5672 2886 3169
2886 3169 5672
3169 2886 5672
8565 7848 28994
7848 8565 28994
28994 7848 8565
16839 22959 27596
22959 16839 27596
27596 16839 22959
3815 11332 14400
14400 3815 11332
11332 3815 14400
14819 19270 29527
19270 14819 29527
29527 14819 19270
29670 3338 13230
3338 13230 29670
13230 3338 29670
19441 5123 17584
17584 5123 19441
5123 17584 19441
13356 24311 25129
24311 13356 25129
25129 13356 24311
21133 5897 11049
5897 11049 21133
11049 5897 21133
8717 3206 11015
11015 3206 8717
3206 8717 11015
6988 20796 23231
20796 6988 23231
23231 6988 20796
26553 19373 23434
19373 23434 26553
23434 19373 26553
20275 595 24765
24765 595 20275
595 20275 24765
13207 21549 27812
27812 13207 21549
21549 13207 27812
19068 5593 12067
5593 12067 19068
12067 5593 19068
21822 16648 26512
16648 21822 26512
26512 16648 21822
1391 15493 23882
15493 1391 23882
23882 1391 15493
