759 191 1252
191 759 1252
1252 191 759
447 238 1698
1698 238 447
238 447 1698
2863 644 2740
644 2740 2863
2740 644 2863
2481 1139 1862
1139 1862 2481
1862 1139 2481
2101 252 1351
252 1351 2101
1351 252 2101
967 355 1580
1580 355 967
355 967 1580
1815 245 2943
245 1815 2943
2943 245 1815
1341 955 1804
1804 955 1341
955 1341 1804
1471 98 2583
98 1471 2583
2583 98 1471
9 12 1924
12 9 1924
1924 9 12
1553 1124 1577
1124 1553 1577
1577 1124 1553
177 929 1635
929 177 1635
1635 177 929
1563 611 2759
2759 611 1563
611 1563 2759
1511 2090 2714
2714 1511 2090
2090 1511 2714
1818 283 675
675 283 1818
283 675 1818
497 2442 2471
2442 497 2471
2471 497 2442
1960 168 993
993 168 1960
168 993 1960
862 474 1746
1746 474 862
474 862 1746
1296 1581 2791
2791 1296 1581
1581 1296 2791
18 236 2838
236 18 2838
2838 18 236
1963 1118 1919
1118 1919 1963
1919 1118 1963
2503 727 1994
1994 727 2503
727 1994 2503
1992 726 1909
1909 726 1992
726 1909 1992
984 2 2559
2559 2 984
2 984 2559
2534 154 863
863 154 2534
154 863 2534
894 1616 2757
2757 894 1616
1616 894 2757
1342 234 665
234 665 1342
665 234 1342
536 1258 2725
2725 536 1258
1258 536 2725
1762 398 1010
398 1010 1762
1010 398 1762
1921 1380 1879
1380 1879 1921
1879 1380 1921
1843 209 1505
209 1505 1843
1505 209 1843
2236 1088 2122
1088 2122 2236
2122 1088 2236
1075 438 456
438 456 1075
456 438 1075
1028 952 1388
1388 952 1028
952 1028 1388
2827 686 2275
686 2275 2827
2275 686 2827
225 395 1376
1376 225 395
395 225 1376
270 2092 2172
2172 270 2092
2092 270 2172
1034 364 648
364 648 1034
648 364 1034
468 484 906
484 468 906
906 468 484
2468 905 1456
905 1456 2468
1456 905 2468
641 83 1857
1857 83 641
83 641 1857
498 114 1629
1629 114 498
114 498 1629
1418 550 2929
550 1418 2929
2929 550 1418
2685 1383 2715
1383 2685 2715
2715 1383 2685
2955 2139 2824
2139 2824 2955
2824 2139 2955
2686 1858 2138
2138 1858 2686
1858 2138 2686
2551 1131 1863
1131 1863 2551
1863 1131 2551
2062 2280 2670
2670 2062 2280
2280 2062 2670
2035 1288 2428
2428 1288 2035
1288 2035 2428
1851 1371 1455
1455 1371 1851
1371 1455 1851
200 870 2962
2962 200 870
870 200 2962
2446 48 2457
48 2446 2457
2457 48 2446
730 1664 1947
1664 730 1947
1947 730 1664
662 2519 2572
2572 662 2519
2519 662 2572
5 2205 2658
2658 5 2205
2205 5 2658
897 998 2406
998 897 2406
2406 897 998
1128 1438 1736
1736 1128 1438
1438 1128 1736
1421 692 975
692 975 1421
975 692 1421
2924 1821 2245
2245 1821 2924
1821 2245 2924
1964 597 1599
597 1599 1964
1599 597 1964
354 74 2356
74 354 2356
2356 74 354
2118 152 2695
2695 152 2118
152 2118 2695
59 194 1474
194 59 1474
1474 59 194
2533 1240 1484
1240 1484 2533
1484 1240 2533
294 681 893
681 294 893
893 294 681
2724 1547 2808
2808 1547 2724
1547 2724 2808
444 1624 2019
2019 444 1624
1624 444 2019
2350 345 2412
2412 345 2350
345 2350 2412
987 50 823
50 823 987
823 50 987
172 729 2404
729 172 2404
2404 172 729
2395 534 676
534 676 2395
676 534 2395
2856 143 882
143 882 2856
882 143 2856
384 67 1115
67 384 1115
1115 67 384
2407 1051 1433
1051 1433 2407
1433 1051 2407
2585 2148 2385
2148 2385 2585
2385 2148 2585
362 1447 2536
1447 362 2536
2536 362 1447
1904 1930 2272
2272 1904 1930
1930 1904 2272
2291 1145 1503
1503 1145 2291
1145 1503 2291
2083 650 775
650 775 2083
775 650 2083
1780 33 2903
2903 33 1780
33 1780 2903
1847 576 2613
2613 576 1847
576 1847 2613
2771 400 2316
2316 400 2771
400 2316 2771
2811 459 2065
459 2065 2811
2065 459 2811
2682 721 2622
721 2622 2682
2622 721 2682
1055 255 1061
255 1055 1061
1061 255 1055
442 1033 2431
2431 442 1033
1033 442 2431
35 291 1385
1385 35 291
291 35 1385
643 859 2184
859 643 2184
2184 643 859
1639 834 1241
834 1241 1639
1241 834 1639
40 2574 2885
2574 40 2885
2885 40 2574
1284 79 2361
2361 79 1284
79 1284 2361
2221 21 432
21 432 2221
432 21 2221
237 2321 2729
2729 237 2321
2321 237 2729
2199 377 1903
377 1903 2199
1903 377 2199
2599 485 926
926 485 2599
485 926 2599
1005 596 1189
596 1005 1189
1189 596 1005
2831 17 2656
17 2656 2831
2656 17 2831
2496 1894 2812
1894 2496 2812
2812 1894 2496
2901 387 1582
1582 387 2901
387 1582 2901
2462 1841 2548
1841 2462 2548
2548 1841 2462
1111 390 2865
2865 390 1111
390 1111 2865
2829 69 2113
69 2113 2829
2113 69 2829
1345 723 923
923 723 1345
723 923 1345
206 164 1939
164 206 1939
1939 164 206
1150 62 1071
1071 62 1150
62 1071 1150
471 344 2921
2921 344 471
344 471 2921
1251 208 1253
1253 208 1251
208 1251 1253
37 1207 1524
1524 37 1207
1207 37 1524
1185 856 1530
1530 856 1185
856 1185 1530
1911 627 956
956 627 1911
627 956 1911
1049 818 2104
2104 818 1049
818 1049 2104
1519 936 1332
936 1332 1519
1332 936 1519
2915 1927 2296
2296 1927 2915
1927 2296 2915
159 30 606
606 30 159
30 159 606
2529 1501 2263
1501 2263 2529
2263 1501 2529
244 46 2198
46 244 2198
2198 46 244
1874 2322 2643
2322 1874 2643
2643 1874 2322
2895 1719 1867
1719 1867 2895
1867 1719 2895
2894 1672 2433
2433 1672 2894
1672 2433 2894
207 1832 2939
2939 207 1832
1832 207 2939
1054 290 875
875 290 1054
290 875 1054
2339 1721 2001
1721 2001 2339
2001 1721 2339
2402 1268 1823
1268 1823 2402
1823 1268 2402
81 592 2304
2304 81 592
592 81 2304
1306 219 2119
219 1306 2119
2119 219 1306
2470 830 2105
2105 830 2470
830 2105 2470
1334 1889 1910
1889 1334 1910
1910 1334 1889
1950 782 1029
782 1029 1950
1029 782 1950
1544 174 515
174 515 1544
515 174 1544
1737 197 2578
2578 197 1737
197 1737 2578
1941 1611 2429
1611 1941 2429
2429 1611 1941
1491 642 2478
642 1491 2478
2478 642 1491
229 1546 2520
2520 229 1546
1546 229 2520
855 448 657
448 657 855
657 448 855
2416 386 1307
386 1307 2416
1307 386 2416
2331 1412 1784
1412 1784 2331
1784 1412 2331
2765 379 2985
2985 379 2765
379 2765 2985
821 1651 2461
1651 821 2461
2461 821 1651
103 1929 2345
1929 103 2345
2345 103 1929
2586 2053 2661
2053 2586 2661
2661 2053 2586
184 781 825
781 184 825
825 184 781
554 8 2530
2530 8 554
8 554 2530
1800 945 2947
2947 945 1800
945 1800 2947
2589 133 2971
133 2589 2971
2971 133 2589
1781 2547 2689
2547 1781 2689
2689 1781 2547
982 175 1593
175 982 1593
1593 175 982
1165 2348 2948
2348 1165 2948
2948 1165 2348
2327 416 2722
416 2327 2722
2722 416 2327
2016 966 1031
1031 966 2016
966 1031 2016
2906 449 1461
1461 449 2906
449 1461 2906
963 319 1359
1359 319 963
319 963 1359
742 1217 1265
1265 742 1217
1217 742 1265
2012 873 2523
2523 873 2012
873 2012 2523
1502 257 521
521 257 1502
257 521 1502
770 1679 2588
2588 770 1679
1679 770 2588
1235 1517 1859
1517 1235 1859
1859 1235 1517
1899 1155 1167
1167 1155 1899
1155 1167 1899
779 1035 1409
1409 779 1035
1035 779 1409
2680 153 1998
1998 153 2680
153 1998 2680
1401 1052 1331
1331 1052 1401
1052 1331 1401
36 892 1323
892 36 1323
1323 36 892
326 1566 2732
1566 326 2732
2732 326 1566
2668 535 584
584 535 2668
535 584 2668
2699 833 1806
1806 833 2699
833 1806 2699
2674 253 1393
1393 253 2674
253 1393 2674
1095 1396 2742
2742 1095 1396
1396 1095 2742
1085 853 1712
853 1085 1712
1712 853 1085
500 839 2390
839 500 2390
2390 500 839
2726 2213 2957
2213 2726 2957
2957 2213 2726
1520 139 2334
2334 139 1520
139 1520 2334
360 842 896
842 360 896
896 360 842
422 1678 2121
1678 422 2121
2121 422 1678
2750 263 532
263 532 2750
532 263 2750
1210 1358 2843
1358 1210 2843
2843 1210 1358
499 878 1826
878 499 1826
1826 499 878
2352 791 1234
791 1234 2352
1234 791 2352
2712 1977 2028
2028 1977 2712
1977 2028 2712
2804 921 1883
921 1883 2804
1883 921 2804
2258 1696 1876
1696 1876 2258
1876 1696 2258
162 720 2919
2919 162 720
720 162 2919
2146 1676 2259
2259 1676 2146
1676 2146 2259
2342 958 1109
1109 958 2342
958 1109 2342
1873 1134 1656
1134 1656 1873
1656 1134 1873
790 1039 2698
1039 790 2698
2698 790 1039
1587 1674 2409
1674 1587 2409
2409 1587 1674
2287 1444 2438
2438 1444 2287
1444 2287 2438
1594 192 1550
192 1550 1594
1550 192 1594
2413 1136 2323
2323 1136 2413
1136 2323 2413
1452 195 1549
195 1452 1549
1549 195 1452
1893 430 2887
2887 430 1893
430 1893 2887
1121 1445 2735
2735 1121 1445
1445 1121 2735
630 1375 2180
2180 630 1375
1375 630 2180
1030 1042 2120
2120 1030 1042
1042 1030 2120
617 1687 1972
1972 617 1687
1687 617 1972
137 2338 2543
2543 137 2338
2338 137 2543
57 2631 2769
2631 57 2769
2769 57 2631
2818 509 1709
1709 509 2818
509 1709 2818
737 1529 2756
2756 737 1529
1529 737 2756
2679 1956 2691
1956 2679 2691
2691 1956 2679
1009 647 2051
2051 647 1009
647 1009 2051
2181 1225 1536
1225 1536 2181
1536 1225 2181
2452 220 2266
220 2266 2452
2266 220 2452
2752 1138 2147
1138 2147 2752
2147 1138 2752
2770 1425 2091
2091 1425 2770
1425 2091 2770
1294 1175 1647
1175 1294 1647
1647 1175 1294
1469 426 1730
426 1469 1730
1730 426 1469
1689 1878 1913
1878 1689 1913
1913 1689 1878
629 2484 2904
2904 629 2484
2484 629 2904
348 71 1918
71 348 1918
1918 71 348
1236 708 1537
1537 708 1236
708 1236 1537
558 518 2439
2439 518 558
518 558 2439
2797 367 2748
2748 367 2797
367 2748 2797
13 888 2459
2459 13 888
888 13 2459
778 1384 2450
1384 778 2450
2450 778 1384
603 962 2210
2210 603 962
962 603 2210
1080 1192 2925
2925 1080 1192
1192 1080 2925
2298 1279 2796
2796 1279 2298
1279 2298 2796
1844 758 880
880 758 1844
758 880 1844
1610 1636 2842
2842 1610 1636
1636 1610 2842
1541 1181 1975
1181 1541 1975
1975 1181 1541
2335 586 1515
1515 586 2335
586 1515 2335
1810 256 2162
256 1810 2162
2162 256 1810
2317 1479 2850
2850 1479 2317
1479 2317 2850
731 433 2927
2927 433 731
433 731 2927
2124 701 1796
1796 701 2124
701 1796 2124
1127 158 741
741 158 1127
158 741 1127
1391 411 2460
411 1391 2460
2460 411 1391
171 312 1833
312 171 1833
1833 171 312
1727 679 2494
2494 679 1727
679 1727 2494
1512 2110 2605
2110 1512 2605
2605 1512 2110
2755 222 752
222 752 2755
752 222 2755
948 496 2087
496 948 2087
2087 496 948
2828 80 1980
1980 80 2828
80 1980 2828
649 548 2308
2308 548 649
548 649 2308
2713 608 1735
608 1735 2713
1735 608 2713
1473 901 2185
901 1473 2185
2185 901 1473
960 559 2320
2320 559 960
559 960 2320
2761 374 696
696 374 2761
374 696 2761
2399 552 2521
2521 552 2399
552 2399 2521
2989 528 2741
2741 528 2989
528 2741 2989
1335 28 2795
2795 28 1335
28 1335 2795
1232 539 848
539 848 1232
848 539 1232
578 1079 2463
2463 578 1079
1079 578 2463
2993 1662 2595
2595 1662 2993
1662 2595 2993
1361 793 2909
793 1361 2909
2909 793 1361
190 445 1640
1640 190 445
445 190 1640
1542 77 1731
77 1542 1731
1731 77 1542
1797 632 838
632 838 1797
838 632 1797
841 63 2984
2984 63 841
63 841 2984
2131 717 2916
717 2131 2916
2916 717 2131
1151 1403 2434
2434 1151 1403
1403 1151 2434
119 343 1249
343 119 1249
1249 119 343
972 2151 2579
2579 972 2151
2151 972 2579
231 2392 2978
2392 231 2978
2978 231 2392
807 857 2844
2844 807 857
857 807 2844
1231 135 1040
135 1040 1231
1040 135 1231
1105 105 2070
2070 105 1105
105 1105 2070
772 392 2223
392 772 2223
2223 392 772
840 1827 2391
1827 840 2391
2391 840 1827
1195 2179 2762
2179 1195 2762
2762 1195 2179
2612 656 2527
656 2527 2612
2527 656 2612
763 2277 2500
2277 763 2500
2500 763 2277
1985 1991 2638
1991 1985 2638
2638 1985 1991
2650 210 1112
210 1112 2650
1112 210 2650
2144 1293 1673
1673 1293 2144
1293 1673 2144
2354 2349 2623
2623 2349 2354
2349 2354 2623
182 437 1179
1179 182 437
437 182 1179
2292 70 1741
1741 70 2292
70 1741 2292
2170 2048 2203
2203 2048 2170
2048 2170 2203
1999 2560 2802
2802 1999 2560
2560 1999 2802
2044 1778 2006
1778 2006 2044
2006 1778 2044
1228 1957 2703
1957 1228 2703
2703 1228 1957
1104 1276 1637
1276 1104 1637
1637 1104 1276
2449 747 750
747 750 2449
750 747 2449
29 1835 2310
2310 29 1835
1835 29 2310
587 846 1442
846 587 1442
1442 587 846
908 1204 1668
1668 908 1204
1204 908 1668
2614 15 2377
2377 15 2614
15 2377 2614
2084 806 2875
2875 806 2084
806 2084 2875
1206 32 2297
2297 32 1206
32 1206 2297
1745 706 1945
706 1745 1945
1945 706 1745
128 682 2332
2332 128 682
682 128 2332
2963 351 1254
1254 351 2963
351 1254 2963
199 580 797
797 199 580
580 199 797
1263 420 2675
420 1263 2675
2675 420 1263
1354 1704 2257
2257 1354 1704
1704 1354 2257
1017 473 1390
1390 473 1017
473 1017 1390
1717 1048 1153
1153 1048 1717
1048 1153 1717
117 1178 1834
1834 117 1178
1178 117 1834
1449 513 1026
1026 513 1449
513 1026 1449
2809 352 1392
352 1392 2809
1392 352 2809
1437 1602 2920
1602 1437 2920
2920 1437 1602
1431 702 861
702 861 1431
861 702 1431
1168 1246 1970
1246 1168 1970
1970 1168 1246
2718 1100 1868
1100 1868 2718
1868 1100 2718
339 622 2081
622 339 2081
2081 339 622
1871 1518 2508
1518 1871 2508
2508 1518 1871
1187 1763 1808
1808 1187 1763
1763 1187 1808
378 2422 2976
2976 378 2422
2422 378 2976
2027 1171 1809
1809 1171 2027
1171 1809 2027
2676 541 872
872 541 2676
541 872 2676
2436 1788 2702
2702 1788 2436
1788 2436 2702
2653 639 2469
639 2469 2653
2469 639 2653
1339 56 964
964 56 1339
56 964 1339
1700 1193 2467
2467 1193 1700
1193 1700 2467
2980 1319 2882
2882 1319 2980
1319 2882 2980
2716 1543 1771
1771 1543 2716
1543 1771 2716
2498 261 1304
261 1304 2498
1304 261 2498
1277 1562 1967
1967 1277 1562
1562 1277 1967
1813 1688 1884
1884 1688 1813
1688 1813 1884
968 1315 1783
1315 968 1783
1783 968 1315
1213 434 1144
1144 434 1213
434 1144 1213
2265 1522 2414
2414 1522 2265
1522 2265 2414
401 2197 2340
2340 401 2197
2197 401 2340
2550 108 935
935 108 2550
108 935 2550
2002 292 1094
292 1094 2002
1094 292 2002
886 1860 2116
1860 886 2116
2116 886 1860
768 837 2709
2709 768 837
837 768 2709
712 1625 2106
1625 712 2106
2106 712 1625
1872 2042 2375
2375 1872 2042
2042 1872 2375
1638 187 2853
2853 187 1638
187 1638 2853
282 99 2444
2444 99 282
99 282 2444
2125 547 1828
1828 547 2125
547 1828 2125
1729 2400 2786
2786 1729 2400
2400 1729 2786
2837 2182 2958
2958 2182 2837
2182 2837 2958
2329 1135 1186
1135 1186 2329
1186 1135 2329
2677 1107 2222
1107 2222 2677
2222 1107 2677
2271 299 1346
299 1346 2271
1346 299 2271
1752 663 2443
663 1752 2443
2443 663 1752
235 2226 2832
2226 235 2832
2832 235 2226
2096 1209 2013
1209 2013 2096
2013 1209 2096
2874 1849 2630
2630 1849 2874
1849 2630 2874
2178 974 1081
974 1081 2178
1081 974 2178
1184 2173 2600
2600 1184 2173
2173 1184 2600
898 2549 2593
2593 898 2549
2549 898 2593
574 297 2567
297 574 2567
2567 297 574
1711 505 2858
2858 505 1711
505 1711 2858
409 997 1143
997 409 1143
1143 409 997
735 224 2194
224 735 2194
2194 224 735
1290 756 1343
1343 756 1290
756 1290 1343
1567 1116 2312
1116 1567 2312
2312 1116 1567
1938 205 1682
205 1682 1938
1682 205 1938
2324 1283 1617
1283 1617 2324
1617 1283 2324
1955 695 1215
1215 695 1955
695 1215 1955
2132 1609 2610
2610 1609 2132
1609 2132 2610
2870 520 1057
520 1057 2870
1057 520 2870
765 129 2805
2805 129 765
129 765 2805
2544 188 2315
188 2315 2544
2315 188 2544
757 68 2073
68 757 2073
2073 68 757
2845 1619 1667
1619 1667 2845
1667 1619 2845
1090 1007 2159
2159 1007 1090
1007 1090 2159
307 697 2734
2734 307 697
697 307 2734
2893 1368 1716
1368 1716 2893
1716 1368 2893
167 1695 2552
1695 167 2552
2552 167 1695
1405 1002 1891
1891 1002 1405
1002 1405 1891
322 402 2177
402 322 2177
2177 322 402
2609 1824 1932
1824 1932 2609
1932 1824 2609
1492 232 795
232 795 1492
795 232 1492
511 567 1312
1312 511 567
567 511 1312
1596 1777 2711
1777 1596 2711
2711 1596 1777
51 1481 2603
2603 51 1481
1481 51 2603
2617 145 1759
1759 145 2617
145 1759 2617
1979 2109 2301
2301 1979 2109
2109 1979 2301
1769 2251 2268
2268 1769 2251
2251 1769 2268
1227 2231 2910
2910 1227 2231
2231 1227 2910
2032 453 809
809 453 2032
453 809 2032
2855 1565 2246
2246 1565 2855
1565 2246 2855
1286 2437 2477
2477 1286 2437
2437 1286 2477
2861 1161 1632
1161 1632 2861
1632 1161 2861
2021 239 2362
2362 239 2021
239 2021 2362
2059 196 976
196 976 2059
976 196 2059
2632 1554 2252
1554 2252 2632
2252 1554 2632
1162 2064 2931
2064 1162 2931
2931 1162 2064
537 2539 2635
2539 537 2635
2635 537 2539
2763 45 2766
2766 45 2763
45 2763 2766
2641 118 2678
118 2641 2678
2678 118 2641
1250 542 2999
542 1250 2999
2999 542 1250
329 798 2196
2196 329 798
798 329 2196
1091 514 1801
1801 514 1091
514 1091 1801
1720 281 2160
2160 281 1720
281 1720 2160
1798 2319 2606
2319 1798 2606
2606 1798 2319
2899 995 2288
2288 995 2899
995 2288 2899
2284 866 2937
866 2284 2937
2937 866 2284
417 1301 2103
2103 417 1301
1301 417 2103
2687 324 1603
1603 324 2687
324 1603 2687
1190 243 1959
1959 243 1190
243 1190 1959
2300 1102 2860
1102 2300 2860
2860 1102 2300
2892 287 2152
287 2152 2892
2152 287 2892
439 1355 2424
2424 439 1355
1355 439 2424
2518 1650 2306
1650 2306 2518
2306 1650 2518
884 571 2372
571 884 2372
2372 571 884
495 1164 1943
1943 495 1164
1164 495 1943
2311 593 879
879 593 2311
593 879 2311
1765 375 796
796 375 1765
375 796 1765
2826 728 1865
728 1865 2826
1865 728 2826
455 922 2645
922 455 2645
2645 455 922
2011 288 2611
288 2011 2611
2611 288 2011
334 836 2896
2896 334 836
836 334 2896
852 815 904
815 852 904
904 815 852
777 2325 2364
2364 777 2325
2325 777 2364
2440 1691 1912
1912 1691 2440
1691 1912 2440
1221 991 1626
1626 991 1221
991 1221 1626
2164 716 1755
1755 716 2164
716 1755 2164
2215 272 385
385 272 2215
272 385 2215
1497 1196 1364
1364 1196 1497
1196 1364 1497
260 2365 2776
2365 260 2776
2776 260 2365
116 1776 1984
1776 116 1984
1984 116 1776
1750 2239 2515
2515 1750 2239
2239 1750 2515
1680 1968 2541
1968 1680 2541
2541 1680 1968
1702 94 2719
2719 94 1702
94 1702 2719
748 1 946
1 748 946
946 1 748
1995 776 1817
1817 776 1995
776 1817 1995
1310 1880 2260
2260 1310 1880
1880 1310 2260
470 694 1931
694 470 1931
1931 470 694
1466 959 1237
1237 959 1466
959 1237 1466
2864 1266 1414
1266 1414 2864
1414 1266 2864
349 1267 1881
1267 349 1881
1881 349 1267
25 589 2524
589 25 2524
2524 25 589
1298 983 1864
1864 983 1298
983 1298 1864
440 680 1569
680 440 1569
1569 440 680
2003 1050 2652
1050 2003 2652
2652 1050 2003
1686 1089 1239
1239 1089 1686
1089 1239 1686
1158 1233 1490
1233 1158 1490
1490 1158 1233
2577 1044 1926
1926 1044 2577
1044 1926 2577
2156 1539 2629
1539 2156 2629
2629 1539 2156
27 1413 2590
2590 27 1413
1413 27 2590
372 2474 2810
2474 372 2810
2810 372 2474
233 919 2813
919 233 2813
2813 233 919
713 739 2640
739 713 2640
2640 713 739
2902 323 1406
323 1406 2902
1406 323 2902
2942 714 907
907 714 2942
714 907 2942
1588 2014 2143
2143 1588 2014
2014 1588 2143
1200 2914 2953
2914 1200 2953
2953 1200 2914
2093 44 970
44 970 2093
970 44 2093
2566 531 1772
531 1772 2566
1772 531 2566
1024 2195 2568
2195 1024 2568
2568 1024 2195
1822 477 2598
477 1822 2598
2598 477 1822
1470 460 488
488 460 1470
460 488 1470
1404 817 2071
2071 817 1404
817 1404 2071
2476 203 1432
203 1432 2476
1432 203 2476
1936 1114 1420
1420 1114 1936
1114 1420 1936
2956 989 1897
1897 989 2956
989 1897 2956
1934 55 2604
55 1934 2604
2604 55 1934
2934 651 2371
651 2371 2934
2371 651 2934
1866 510 2799
2799 510 1866
510 1866 2799
1476 34 2107
2107 34 1476
34 1476 2107
2764 479 2485
2485 479 2764
479 2485 2764
2991 827 1973
1973 827 2991
827 1973 2991
1087 1494 2754
2754 1087 1494
1494 1087 2754
2602 667 2387
667 2387 2602
2387 667 2602
1264 1259 2669
2669 1259 1264
1259 1264 2669
2820 1754 2230
2230 1754 2820
1754 2230 2820
1450 826 2111
826 1450 2111
2111 826 1450
2368 1117 2636
1117 2368 2636
2636 1117 2368
1748 785 2486
2486 785 1748
785 1748 2486
1063 278 1908
278 1063 1908
1908 278 1063
1278 2108 2376
2108 1278 2376
2376 1278 2108
1660 1419 1812
1812 1419 1660
1419 1660 1812
2458 382 715
715 382 2458
382 715 2458
1311 88 517
88 517 1311
517 88 1311
2596 89 1840
1840 89 2596
89 1840 2596
1126 306 2238
2238 306 1126
306 1126 2238
2737 1300 2396
2396 1300 2737
1300 2396 2737
1571 845 2176
845 1571 2176
2176 845 1571
2531 996 1477
1477 996 2531
996 1477 2531
2581 1022 2095
1022 2095 2581
2095 1022 2581
890 230 1318
230 890 1318
1318 230 890
2930 1369 2601
2601 1369 2930
1369 2601 2930
652 986 1113
986 652 1113
1113 652 986
519 2666 2883
2883 519 2666
2666 519 2883
1275 829 1377
829 1275 1377
1377 829 1275
1281 275 2830
275 1281 2830
2830 275 1281
101 1367 1646
1367 101 1646
1646 101 1367
1958 251 2114
251 1958 2114
2114 251 1958
1282 443 1548
1548 443 1282
443 1282 1548
258 1951 2217
2217 258 1951
1951 258 2217
971 615 1059
1059 615 971
615 971 1059
2286 436 1086
1086 436 2286
436 1086 2286
1247 414 2117
414 1247 2117
2117 414 1247
2945 677 1366
1366 677 2945
677 1366 2945
1584 687 2620
2620 687 1584
687 1584 2620
1146 1322 2782
1322 1146 2782
2782 1146 1322
1710 980 1067
980 1067 1710
1067 980 1710
1726 264 1349
264 1349 1726
1349 264 1726
2512 394 1156
394 1156 2512
1156 394 2512
508 52 953
953 52 508
52 508 953
961 1169 1557
1557 961 1169
1169 961 1557
794 1902 2228
2228 794 1902
1902 794 2228
1260 1381 1642
1642 1260 1381
1381 1260 1642
2777 2302 2379
2379 2302 2777
2302 2379 2777
47 1272 1606
1272 47 1606
1606 47 1272
368 1634 2247
2247 368 1634
1634 368 2247
1993 111 1786
1786 111 1993
111 1786 1993
2706 1309 2817
2817 1309 2706
1309 2706 2817
1535 303 2240
303 1535 2240
2240 303 1535
1096 1347 1875
1875 1096 1347
1347 1096 1875
2538 1327 1439
1439 1327 2538
1327 1439 2538
10 507 1329
507 10 1329
1329 10 507
1928 126 1173
1173 126 1928
126 1173 1928
2871 178 1714
1714 178 2871
178 1714 2871
356 2341 2556
2556 356 2341
2341 356 2556
655 1869 2417
1869 655 2417
2417 655 1869
2565 707 2423
707 2423 2565
2423 707 2565
2447 851 1120
851 1120 2447
1120 851 2447
1618 1612 1787
1612 1618 1787
1787 1612 1618
2456 1663 2382
2382 1663 2456
1663 2382 2456
1152 601 2401
601 1152 2401
2401 601 1152
1983 625 1723
1723 625 1983
625 1723 1983
895 1242 2997
1242 895 2997
2997 895 1242
446 2244 2555
2555 446 2244
2244 446 2555
1137 1188 2432
2432 1137 1188
1188 1137 2432
1856 1222 2854
1222 1856 2854
2854 1222 1856
176 268 1399
1399 176 268
268 176 1399
2505 465 594
594 465 2505
465 594 2505
2816 944 2279
2279 944 2816
944 2279 2816
658 1255 2621
2621 658 1255
1255 658 2621
136 767 1454
767 136 1454
1454 136 767
2360 2017 2248
2017 2248 2360
2248 2017 2360
2558 95 274
95 274 2558
274 95 2558
1320 148 2964
148 1320 2964
2964 148 1320
2525 1340 1838
1838 1340 2525
1340 1838 2525
2237 2451 2987
2987 2237 2451
2451 2237 2987
529 1101 2267
2267 529 1101
1101 529 2267
1509 1430 2209
1430 1509 2209
2209 1430 1509
762 215 2435
2435 215 762
215 762 2435
2502 2137 2760
2137 2502 2760
2760 2137 2502
2253 2034 2415
2034 2253 2415
2415 2034 2253
2201 1465 2274
1465 2201 2274
2274 1465 2201
2825 595 1069
595 1069 2825
1069 595 2825
2655 2127 2803
2127 2655 2803
2803 2127 2655
1018 1732 2977
2977 1018 1732
1732 1018 2977
2473 854 1176
1176 854 2473
854 1176 2473
736 883 2370
2370 736 883
883 736 2370
7 241 2625
2625 7 241
241 7 2625
23 2227 2898
2227 23 2898
2898 23 2227
1601 994 2571
2571 994 1601
994 1601 2571
2877 315 2774
315 2774 2877
2774 315 2877
1464 110 545
110 545 1464
545 110 1464
269 1775 2115
1775 269 2115
2115 269 1775
605 335 527
335 527 605
527 335 605
2965 305 1262
305 1262 2965
1262 305 2965
787 1630 2219
2219 787 1630
1630 787 2219
744 146 2789
2789 146 744
146 744 2789
1056 451 2358
2358 451 1056
451 1056 2358
999 1829 2008
1829 999 2008
2008 999 1829
900 506 2922
2922 506 900
506 900 2922
262 127 1289
127 262 1289
1289 127 262
832 170 1997
170 832 1997
1997 170 832
2936 575 1661
575 1661 2936
1661 575 2936
2480 202 2694
2694 202 2480
202 2480 2694
1744 14 1082
1082 14 1744
14 1082 1744
2154 421 2351
421 2154 2351
2351 421 2154
2024 1488 1507
1488 1507 2024
1507 1488 2024
1937 2408 2815
2408 1937 2815
2815 1937 2408
366 577 581
577 366 581
581 366 577
2190 73 1742
1742 73 2190
73 1742 2190
415 1182 2023
1182 415 2023
2023 415 1182
1604 1482 2393
2393 1482 1604
1482 1604 2393
2216 2041 2214
2214 2041 2216
2041 2214 2216
1654 2229 2995
2995 1654 2229
2229 1654 2995
1747 847 2283
847 1747 2283
2283 847 1747
1130 316 1066
1066 316 1130
316 1066 1130
91 2326 2497
2326 91 2497
2497 91 2326
2255 476 566
476 566 2255
566 476 2255
1238 112 2504
112 1238 2504
2504 112 1238
2123 122 213
213 122 2123
122 213 2123
2890 107 1271
1271 107 2890
107 1271 2890
289 1885 2563
2563 289 1885
1885 289 2563
397 1324 1362
1324 397 1362
1362 397 1324
1508 336 2573
336 1508 2573
2573 336 1508
341 1608 2866
1608 341 2866
2866 341 1608
1506 522 2744
2744 522 1506
522 1506 2744
2067 1627 1988
1627 1988 2067
1988 1627 2067
530 614 1483
1483 530 614
614 530 1483
1287 104 211
104 211 1287
211 104 1287
1749 408 1291
1291 408 1749
408 1291 1749
1528 1779 2058
1779 1528 2058
2058 1528 1779
2928 249 2192
249 2192 2928
2192 249 2928
2448 524 1316
524 1316 2448
1316 524 2448
480 1816 2846
2846 480 1816
1816 480 2846
1261 1607 2455
2455 1261 1607
1607 1261 2455
2707 418 1669
418 1669 2707
1669 418 2707
123 1077 2869
1077 123 2869
2869 123 1077
814 1521 2336
1521 814 2336
2336 814 1521
1830 300 2499
300 1830 2499
2499 300 1830
3 376 1795
1795 3 376
376 3 1795
804 267 403
267 403 804
403 267 804
429 1839 2386
2386 429 1839
1839 429 2386
2206 353 427
427 353 2206
353 427 2206
2165 501 2738
2738 501 2165
501 2165 2738
346 1020 1119
1020 346 1119
1119 346 1020
2262 1631 2366
2366 1631 2262
1631 2262 2366
1533 2333 2926
2926 1533 2333
2333 1533 2926
2730 1890 2972
1890 2730 2972
2972 1890 2730
2141 1008 1303
1303 1008 2141
1008 1303 2141
1074 1586 2005
1586 1074 2005
2005 1074 1586
2753 214 2068
214 2068 2753
2068 214 2753
1499 516 672
672 516 1499
516 672 1499
2080 774 2022
774 2022 2080
2022 774 2080
1093 41 131
131 41 1093
41 131 1093
212 42 487
487 42 212
42 212 487
2373 2163 2983
2163 2373 2983
2983 2163 2373
250 755 2793
755 250 2793
2793 250 755
1110 1468 1644
1644 1110 1468
1468 1110 1644
1978 227 2690
2690 227 1978
227 1978 2690
2029 2099 2968
2099 2029 2968
2968 2029 2099
2628 951 1344
1344 951 2628
951 1344 2628
3000 618 2905
2905 618 3000
618 2905 3000
2282 616 2692
2692 616 2282
616 2282 2692
869 502 2688
2688 502 869
502 869 2688
2077 265 1365
1365 265 2077
265 1365 2077
1920 380 2840
380 1920 2840
2840 380 1920
2814 2441 2794
2441 2794 2814
2794 2441 2814
2626 342 2056
2056 342 2626
342 2056 2626
2050 65 1915
65 1915 2050
1915 65 2050
1681 2078 2973
2973 1681 2078
2078 1681 2973
1564 2303 2659
2659 1564 2303
2303 1564 2659
2158 293 1675
1675 293 2158
293 1675 2158
2954 691 2868
2868 691 2954
691 2868 2954
2807 410 1598
410 1598 2807
1598 410 2807
671 1353 1526
1353 671 1526
1526 671 1353
2592 2094 2220
2094 2220 2592
2220 2094 2592
1592 489 1076
1076 489 1592
489 1076 1592
1305 773 2582
2582 773 1305
773 1305 2582
1792 1274 2074
1274 1792 2074
2074 1274 1792
2033 546 2950
2950 546 2033
546 2033 2950
1467 1211 2644
1211 1467 2644
2644 1211 1467
585 1103 2773
2773 585 1103
1103 585 2773
2607 226 325
325 226 2607
226 325 2607
1223 573 1370
573 1223 1370
1370 573 1223
1154 1523 2039
1523 1154 2039
2039 1154 1523
2923 317 1157
317 1157 2923
1157 317 2923
87 719 2269
719 87 2269
2269 87 719
2026 2343 2388
2388 2026 2343
2343 2026 2388
824 1256 1317
1256 824 1317
1317 824 1256
298 950 2933
950 298 2933
2933 298 950
1715 1917 2528
1917 1715 2528
2528 1715 1917
2169 441 1600
441 1600 2169
1600 441 2169
2427 850 2168
2168 850 2427
850 2168 2427
1846 19 2662
19 1846 2662
2662 19 1846
2157 1219 2133
1219 2133 2157
2133 1219 2157
555 144 1905
144 555 1905
1905 144 555
2721 2232 2542
2542 2232 2721
2232 2542 2721
64 2128 2873
2128 64 2873
2873 64 2128
831 915 1428
915 831 1428
1428 831 915
1226 1848 2464
2464 1226 1848
1848 1226 2464
1652 1402 2318
2318 1402 1652
1402 1652 2318
2079 142 1922
1922 142 2079
142 1922 2079
2781 2535 2618
2535 2618 2781
2618 2535 2781
1683 937 1853
1853 937 1683
937 1683 1853
1407 865 1183
865 1183 1407
1183 865 1407
1892 1016 1836
1016 1836 1892
1836 1016 1892
1753 100 1525
100 1525 1753
1525 100 1753
277 1701 2465
1701 277 2465
2465 277 1701
1572 828 1285
828 1285 1572
1285 828 1572
1961 75 610
610 75 1961
75 610 1961
2135 1540 2517
1540 2135 2517
2517 1540 2135
201 60 1243
1243 60 201
60 201 1243
780 223 2667
2667 223 780
223 780 2667
1436 1106 1811
1106 1436 1811
1811 1106 1436
2347 588 1160
1160 588 2347
588 1160 2347
1314 1579 2526
1579 1314 2526
2526 1314 1579
97 279 563
563 97 279
279 97 563
2098 802 1498
1498 802 2098
802 1498 2098
1690 20 1423
1423 20 1690
20 1423 1690
2634 2082 2959
2082 2634 2959
2959 2082 2634
2419 1831 2031
1831 2031 2419
2031 1831 2419
1025 746 1946
746 1025 1946
1946 746 1025
913 1705 2018
1705 913 2018
2018 913 1705
1734 1722 2513
1722 1734 2513
2513 1722 1734
633 909 2545
909 633 2545
2545 633 909
2710 405 2848
2848 405 2710
405 2710 2848
2594 24 689
24 689 2594
689 24 2594
965 371 2961
371 965 2961
2961 371 965
943 1426 1615
1426 943 1615
1615 943 1426
1170 800 1216
800 1170 1216
1216 800 1170
2086 1514 1789
1514 1789 2086
1789 1514 2086
1531 803 1457
803 1457 1531
1457 803 1531
1408 771 2705
2705 771 1408
771 1408 2705
2097 464 2235
464 2097 2235
2235 464 2097
1330 383 1757
1757 383 1330
383 1330 1757
2859 309 932
309 932 2859
932 309 2859
2723 860 2537
860 2537 2723
2537 860 2723
2454 1653 1677
1653 1677 2454
1677 1653 2454
2704 359 2736
359 2704 2736
2736 359 2704
431 2189 2878
2189 431 2878
2878 431 2189
1906 204 1782
204 1782 1906
1782 204 1906
1685 903 2975
903 1685 2975
2975 903 1685
1203 151 1201
1201 151 1203
151 1201 1203
902 1004 1556
1556 902 1004
1004 902 1556
1199 333 2381
333 1199 2381
2381 333 1199
1489 1900 2130
2130 1489 1900
1900 1489 2130
2554 1060 2491
1060 2491 2554
2491 1060 2554
2346 248 2225
2225 248 2346
248 2225 2346
978 2233 2998
2233 978 2998
2998 978 2233
217 2420 2506
2506 217 2420
2420 217 2506
1538 313 918
918 313 1538
313 918 1538
843 525 2960
2960 525 843
525 843 2960
1328 813 868
868 813 1328
813 868 1328
1766 820 2200
2200 820 1766
820 1766 2200
2951 784 1443
1443 784 2951
784 1443 2951
1166 22 885
22 885 1166
885 22 1166
2881 308 2884
2884 308 2881
308 2881 2884
2249 564 2089
564 2089 2249
2089 564 2249
2015 637 1633
1633 637 2015
637 1633 2015
1441 678 2938
2938 678 1441
678 1441 2938
2136 246 391
246 391 2136
391 246 2136
924 734 2060
2060 734 924
734 924 2060
1424 1416 2819
1416 1424 2819
2819 1416 1424
1589 481 2100
2100 481 1589
481 1589 2100
2212 912 1429
1429 912 2212
912 1429 2212
2787 2188 2495
2495 2188 2787
2188 2495 2787
2979 314 396
396 314 2979
314 396 2979
435 284 2576
2576 284 435
284 435 2576
1728 1148 1373
1148 1373 1728
1373 1148 1728
2970 722 1440
1440 722 2970
722 1440 2970
2907 388 2561
388 2561 2907
2561 388 2907
1133 761 2570
2570 761 1133
761 1133 2570
877 1417 2684
2684 877 1417
1417 877 2684
572 1560 1576
1576 572 1560
1560 572 1576
2270 646 1703
1703 646 2270
646 1703 2270
1006 61 2982
2982 61 1006
61 1006 2982
2004 332 887
332 887 2004
887 332 2004
2493 26 1578
1578 26 2493
26 1578 2493
2627 543 1855
1855 543 2627
543 1855 2627
941 53 1655
53 941 1655
1655 53 941
2191 228 2897
228 2191 2897
2897 228 2191
1914 140 738
738 140 1914
140 738 1914
1907 570 613
613 570 1907
570 613 1907
4 805 2052
805 4 2052
2052 4 805
724 311 1559
1559 311 724
311 724 1559
2208 620 1882
1882 620 2208
620 1882 2208
1733 2273 2487
2273 1733 2487
2487 1733 2273
819 1427 2009
2009 819 1427
1427 819 2009
2880 704 1333
704 1333 2880
1333 704 2880
1805 666 733
666 733 1805
733 666 1805
653 134 494
494 134 653
134 494 653
2981 934 2155
934 2155 2981
2155 934 2981
452 635 1699
635 452 1699
1699 452 635
2398 273 302
273 302 2398
302 273 2398
754 2374 2654
2374 754 2654
2654 754 2374
2946 1573 2403
1573 2403 2946
2403 1573 2946
121 1803 2886
1803 121 2886
2886 121 1803
2879 533 2150
533 2150 2879
2150 533 2879
2161 1516 2507
2507 1516 2161
1516 2161 2507
2932 711 1659
711 1659 2932
1659 711 2932
1379 2475 2646
2475 1379 2646
2646 1379 2475
1326 321 2425
2425 321 1326
321 1326 2425
483 11 1513
1513 11 483
11 483 1513
350 106 889
106 350 889
889 106 350
2727 1092 2472
2472 1092 2727
1092 2472 2727
370 149 2608
149 370 2608
2608 149 370
43 1356 2040
1356 43 2040
2040 43 1356
2134 2359 2743
2743 2134 2359
2359 2134 2743
295 304 1793
1793 295 304
304 295 1793
2701 816 1098
1098 816 2701
816 1098 2701
301 1472 1628
1628 301 1472
1472 301 1628
2020 881 1257
881 1257 2020
1257 881 2020
1378 31 2305
31 1378 2305
2305 31 1378
1974 1159 1205
1205 1159 1974
1159 1205 1974
624 788 2857
2857 624 788
788 624 2857
2076 891 1896
891 1896 2076
1896 891 2076
990 1697 1916
1916 990 1697
1697 990 1916
78 2254 2772
2254 78 2772
2772 78 2254
2872 2418 2591
2591 2418 2872
2418 2591 2872
2992 1180 1313
1313 1180 2992
1180 1313 2992
858 1949 2492
1949 858 2492
2492 858 1949
2256 461 2049
2049 461 2256
461 2049 2256
2353 327 925
925 327 2353
327 925 2353
130 218 1785
1785 130 218
218 130 1785
2289 156 271
156 271 2289
271 156 2289
864 1861 2276
2276 864 1861
1861 864 2276
2355 132 2717
2717 132 2355
132 2355 2717
1791 2242 2575
2242 1791 2575
2575 1791 2242
338 874 2952
874 338 2952
2952 338 874
957 568 569
568 569 957
569 568 957
492 1820 2862
2862 492 1820
1820 492 2862
2775 1410 2025
1410 2025 2775
2025 1410 2775
2949 423 1591
1591 423 2949
423 1591 2949
2697 553 1645
553 1645 2697
1645 553 2697
1041 783 2307
2307 783 1041
783 1041 2307
1140 1073 2378
2378 1073 1140
1073 1140 2378
1694 406 1132
406 1132 1694
1132 406 1694
1245 786 2294
2294 786 1245
786 1245 2294
185 1706 2908
1706 185 2908
2908 185 1706
1360 557 698
557 698 1360
698 557 1360
1147 389 792
792 389 1147
389 792 1147
1292 1434 1725
1434 1292 1725
1725 1292 1434
1825 1684 2234
1684 1825 2234
2234 1684 1825
844 412 2218
2218 412 844
412 844 2218
1480 612 2994
612 1480 2994
2994 612 1480
1758 2207 2696
2696 1758 2207
2207 1758 2696
2421 1302 1649
1302 1649 2421
1649 1302 2421
789 240 320
240 320 789
320 240 789
1982 2183 2671
2183 1982 2671
2671 1982 2183
1037 969 1842
1842 969 1037
969 1037 1842
1802 125 2728
2728 125 1802
125 1802 2728
1987 1770 2112
1770 1987 2112
2112 1770 1987
2264 2030 2836
2836 2030 2264
2030 2264 2836
1807 556 1718
1718 556 1807
556 1718 1807
2974 413 947
947 413 2974
413 947 2974
1527 419 2211
419 1527 2211
2211 419 1527
2569 1760 1953
1760 1953 2569
1953 1760 2569
425 709 1224
709 425 1224
1224 425 709
1357 2557 2731
2557 1357 2731
2731 1357 2557
2767 670 2516
670 2516 2767
2516 670 2767
49 1123 2990
2990 49 1123
1123 49 2990
916 181 1248
1248 181 916
181 916 1248
180 504 1756
1756 180 504
504 180 1756
2851 1962 2584
2584 1962 2851
1962 2584 2851
296 113 1774
113 296 1774
1774 113 296
1495 1083 1895
1895 1083 1495
1083 1495 1895
1496 85 668
85 668 1496
668 85 1496
2649 469 1574
469 1574 2649
1574 469 2649
165 1177 2891
1177 165 2891
2891 165 1177
1666 661 2663
661 1666 2663
2663 661 1666
2045 1446 1493
1446 1493 2045
1493 1446 2045
96 183 2633
2633 96 183
183 96 2633
490 1623 2681
1623 490 2681
2681 490 1623
745 84 457
84 457 745
457 84 745
1297 2010 2175
2010 1297 2175
2175 1297 2010
2792 318 1003
318 1003 2792
1003 318 2792
2790 1620 2383
1620 2383 2790
2383 1620 2790
1738 1933 2066
1933 1738 2066
2066 1738 1933
1504 115 365
115 365 1504
365 115 1504
2344 1023 1043
1023 1043 2344
1043 1023 2344
1570 2047 2783
2047 1570 2783
2783 1570 2047
2665 330 2912
330 2665 2912
2912 330 2665
2389 1622 2720
2720 1622 2389
1622 2389 2720
512 1382 2800
2800 512 1382
1382 512 2800
2171 1708 1969
1708 1969 2171
1969 1708 2171
1670 1108 1641
1108 1641 1670
1641 1108 1670
1888 1966 2278
2278 1888 1966
1966 1888 2278
699 582 1621
1621 582 699
582 699 1621
2988 198 2733
198 2733 2988
2733 198 2988
2788 1149 2847
1149 2788 2847
2847 1149 2788
540 2166 2241
2241 540 2166
2166 540 2241
1794 1078 2849
1078 1794 2849
2849 1078 1794
565 619 1648
619 565 1648
1648 565 619
703 1214 2841
2841 703 1214
1214 703 2841
2430 216 2624
216 2430 2624
2624 216 2430
1845 16 1743
16 1743 1845
1743 16 1845
179 660 2187
2187 179 660
660 179 2187
1084 674 1338
1338 674 1084
674 1084 1338
551 1764 2966
1764 551 2966
2966 551 1764
361 1463 1852
1463 361 1852
1852 361 1463
2314 1021 1942
1021 1942 2314
1942 1021 2314
2075 6 2453
6 2075 2453
2453 6 2075
86 1191 1693
1693 86 1191
1191 86 1693
310 810 2941
810 310 2941
2941 310 810
358 1460 2140
2140 358 1460
1460 358 2140
2996 266 1597
266 1597 2996
1597 266 2996
2944 940 2546
940 2546 2944
2546 940 2944
685 407 917
407 685 917
917 407 685
2299 931 1935
1935 931 2299
931 1935 2299
462 1532 2204
2204 462 1532
1532 462 2204
2651 600 2367
2367 600 2651
600 2367 2651
2852 626 1613
1613 626 2852
626 1613 2852
2000 503 2357
2357 503 2000
503 2000 2357
2479 954 1197
1197 954 2479
954 1197 2479
764 876 2867
876 764 2867
2867 764 876
669 1575 2986
1575 669 2986
2986 669 1575
1038 700 1751
1751 700 1038
700 1038 1751
458 710 2564
710 458 2564
2564 458 710
1220 690 1125
1125 690 1220
690 1125 1220
2969 899 1558
899 1558 2969
1558 899 2969
523 1453 2490
1453 523 2490
2490 523 1453
1415 478 1336
478 1336 1415
1336 478 1415
1400 331 2647
2647 331 1400
331 1400 2647
673 337 486
486 337 673
337 486 673
2102 718 1990
1990 718 2102
718 1990 2102
2145 463 654
463 654 2145
654 463 2145
1068 2483 2700
2700 1068 2483
2483 1068 2700
2061 276 640
640 276 2061
276 640 2061
743 120 1411
120 743 1411
1411 120 743
2224 1448 2410
1448 2224 2410
2410 1448 2224
753 157 725
157 725 753
725 157 753
1374 977 1163
1163 977 1374
977 1163 1374
939 150 835
150 835 939
835 150 939
1555 760 1097
1097 760 1555
760 1097 1555
1053 285 812
812 285 1053
285 812 1053
1295 1814 1944
1944 1295 1814
1814 1295 1944
1886 1870 2888
2888 1870 1886
1870 1886 2888
1435 1012 2746
2746 1012 1435
1012 1435 2746
2501 1032 2426
1032 2426 2501
2426 1032 2501
740 2522 2532
2522 740 2532
2532 740 2522
634 2380 2911
2911 634 2380
2380 634 2911
1740 475 992
992 475 1740
475 992 1740
1658 38 2693
2693 38 1658
38 1658 2693
1952 749 2330
2330 749 1952
749 1952 2330
914 2055 2153
2055 914 2153
2153 914 2055
2739 491 1486
1486 491 2739
491 1486 2739
2751 979 1767
979 1767 2751
1767 979 2751
1001 1389 2657
1389 1001 2657
2657 1001 1389
1299 871 2129
2129 871 1299
871 1299 2129
2337 1989 2935
2935 1989 2337
1989 2337 2935
1099 1422 2597
1422 1099 2597
2597 1099 1422
399 2007 2250
2250 399 2007
2007 399 2250
2488 369 549
549 369 2488
369 549 2488
2918 357 1485
357 1485 2918
1485 357 2918
2798 598 1510
1510 598 2798
598 1510 2798
2328 1372 2672
2672 1372 2328
1372 2328 2672
363 428 2639
2639 363 428
428 363 2639
76 189 2664
189 76 2664
2664 76 189
2202 808 1552
808 1552 2202
1552 808 2202
1386 636 2745
2745 636 1386
636 1386 2745
799 1348 2642
1348 799 2642
2642 799 1348
2243 328 930
328 930 2243
930 328 2243
2126 2174 2648
2648 2126 2174
2174 2126 2648
1129 109 1551
1551 109 1129
109 1129 1551
147 705 985
705 147 985
985 147 705
1395 1208 2839
2839 1208 1395
1208 1395 2839
2149 2562 2967
2967 2149 2562
2562 2149 2967
2309 1212 2785
1212 2309 2785
2785 1212 2309
467 141 2363
2363 141 467
141 467 2363
973 1325 1996
1996 973 1325
1325 973 1996
607 628 1174
628 607 1174
1174 607 628
1561 1072 1901
1901 1072 1561
1072 1561 1901
988 160 664
160 664 988
664 160 988
911 1064 1585
1585 911 1064
1064 911 1585
1350 280 1657
280 1350 1657
1657 280 1350
2940 1273 2394
1273 2394 2940
2394 1273 2940
173 1665 2038
1665 173 2038
2038 173 1665
373 942 2290
942 373 2290
2290 373 942
2313 1011 1671
1011 1671 2313
1671 1011 2313
1269 254 2708
254 1269 2708
2708 254 1269
822 1141 1850
1850 822 1141
1141 822 1850
2167 93 186
93 186 2167
186 93 2167
769 1045 2834
2834 769 1045
1045 769 2834
1244 286 1070
1070 286 1244
286 1070 1244
2835 161 1986
161 1986 2835
1986 161 2835
2779 58 2616
2616 58 2779
58 2616 2779
2369 1202 2917
1202 2369 2917
2917 1202 2369
591 928 1000
928 591 1000
1000 591 928
1363 39 1015
1015 39 1363
39 1015 1363
1605 1940 2833
2833 1605 1940
1940 1605 2833
1614 1568 2037
2037 1568 1614
1568 1614 2037
2619 2072 2510
2510 2072 2619
2072 2510 2619
801 472 1458
1458 472 801
472 801 1458
2069 169 1270
169 1270 2069
1270 169 2069
1172 1014 2043
2043 1014 1172
1014 1172 2043
933 66 393
66 393 933
393 66 933
1692 1925 2088
2088 1692 1925
1925 1692 2088
1739 1198 1352
1352 1198 1739
1198 1352 1739
1768 645 1397
645 1397 1768
1397 645 1768
981 693 1459
1459 693 981
693 981 1459
2876 163 2900
2900 163 2876
163 2876 2900
1337 493 1976
1976 493 1337
493 1337 1976
2747 1773 2489
1773 2489 2747
2489 1773 2747
1478 82 920
82 920 1478
920 82 1478
526 688 2749
2749 526 688
688 526 2749
102 1013 2036
1013 102 2036
2036 102 1013
1500 910 2411
2411 910 1500
910 1500 2411
659 867 2509
2509 659 867
867 659 2509
450 1194 2142
1194 450 2142
2142 450 1194
2822 54 1058
1058 54 2822
54 1058 2822
927 631 2285
631 927 2285
2285 631 927
2405 247 1590
247 1590 2405
1590 247 2405
811 1837 2660
1837 811 2660
2660 811 1837
2784 2193 2683
2193 2683 2784
