1725 1224 1796
1224 1725 1796
1796 1224 1725
1801 33 570
570 33 1801
33 570 1801
657 909 2124
909 657 2124
2124 657 909
1607 71 969
71 969 1607
969 71 1607
2099 1120 2788
2788 1120 2099
1120 2099 2788
1538 1937 2443
1937 1538 2443
2443 1538 1937
2539 174 1406
1406 174 2539
174 1406 2539
1293 62 589
589 62 1293
62 589 1293
994 1463 1736
1736 994 1463
1463 994 1736
2480 1077 2333
2333 1077 2480
1077 2333 2480
280 18 2811
18 280 2811
2811 18 280
1480 46 414
46 414 1480
414 46 1480
286 574 1474
574 286 1474
1474 286 574
2782 449 974
974 449 2782
449 974 2782
1214 469 2840
2840 469 1214
469 1214 2840
1543 771 1975
771 1543 1975
1975 771 1543
2132 1220 1353
1353 1220 2132
1220 1353 2132
1871 2340 2623
2623 1871 2340
2340 1871 2623
1014 438 1285
1285 438 1014
438 1014 1285
842 1712 2028
2028 842 1712
1712 842 2028
374 1295 2037
2037 374 1295
1295 374 2037
1191 1290 1657
1657 1191 1290
1290 1191 1657
1876 1834 2465
1834 1876 2465
2465 1834 1876
800 2181 2531
2181 800 2531
2531 800 2181
2516 1560 1861
1560 1861 2516
1861 1560 2516
1278 1359 2179
1359 1278 2179
2179 1278 1359
2645 302 2339
302 2339 2645
2339 302 2645
806 2164 2926
2164 806 2926
2926 806 2164
1836 1445 1785
1785 1445 1836
1445 1785 1836
941 1155 1242
1155 941 1242
1242 941 1155
2796 1821 2540
1821 2540 2796
2540 1821 2796
1094 1160 1182
1160 1094 1182
1182 1094 1160
1038 1476 2180
1476 1038 2180
2180 1038 1476
329 1812 2334
1812 329 2334
2334 329 1812
2156 2116 2223
2223 2116 2156
2116 2156 2223
429 219 753
219 429 753
753 219 429
201 1579 2741
1579 201 2741
2741 201 1579
226 1692 1973
1692 226 1973
1973 226 1692
1238 704 2175
704 1238 2175
2175 704 1238
2694 1848 1912
1848 1912 2694
1912 1848 2694
2354 525 2583
2583 525 2354
525 2354 2583
2047 2421 2659
2421 2047 2659
2659 2047 2421
2049 1363 2773
2773 1363 2049
1363 2049 2773
629 1531 2411
1531 629 2411
2411 629 1531
516 2674 2929
2674 516 2929
2929 516 2674
2151 418 2103
2103 418 2151
418 2103 2151
1221 581 631
631 581 1221
581 631 1221
307 769 1713
769 307 1713
1713 307 769
1752 159 873
159 873 1752
873 159 1752
992 1 1689
1 992 1689
1689 1 992
959 2597 2785
2597 959 2785
2785 959 2597
1839 1298 2783
1298 1839 2783
2783 1298 1839
2168 186 2986
2986 186 2168
186 2168 2986
2661 1135 2155
1135 2155 2661
2155 1135 2661
2528 1605 2708
2708 1605 2528
1605 2528 2708
1820 1150 1992
1992 1150 1820
1150 1820 1992
1493 335 2039
335 1493 2039
2039 335 1493
2277 1371 1826
1826 1371 2277
1371 1826 2277
1758 740 1294
740 1294 1758
1294 740 1758
1296 143 947
143 947 1296
947 143 1296
235 91 1748
91 235 1748
1748 91 235
1521 2004 2772
2004 1521 2772
2772 1521 2004
791 853 2904
853 791 2904
2904 791 853
1606 2559 2838
2838 1606 2559
2559 1606 2838
1213 1015 1817
1015 1213 1817
1817 1015 1213
1348 456 1559
1559 456 1348
456 1348 1559
2365 2364 2875
2875 2364 2365
2364 2365 2875
1055 671 693
671 693 1055
693 671 1055
2652 942 1049
1049 942 2652
942 1049 2652
131 900 1831
1831 131 900
900 131 1831
1998 60 966
966 60 1998
60 966 1998
611 586 2284
2284 586 611
586 611 2284
746 1071 1799
1071 746 1799
1799 746 1071
1154 265 1571
265 1154 1571
1571 265 1154
1911 799 1955
1955 799 1911
799 1911 1955
642 2736 2739
2736 642 2739
2739 642 2736
2185 2315 2346
2346 2185 2315
2315 2185 2346
849 406 1673
1673 406 849
406 849 1673
866 237 1108
1108 237 866
237 866 1108
2426 448 2085
448 2085 2426
2085 448 2426
1557 624 1603
1603 624 1557
624 1557 1603
1007 303 2753
303 1007 2753
2753 303 1007
2256 422 891
891 422 2256
422 891 2256
1609 79 727
727 79 1609
79 727 1609
2795 1269 1708
1269 1708 2795
1708 1269 2795
1555 3 1802
3 1555 1802
1802 3 1555
1247 2538 2927
2927 1247 2538
2538 1247 2927
1072 1767 2321
2321 1072 1767
1767 1072 2321
2746 1777 2631
1777 2631 2746
2631 1777 2746
2323 1273 2293
1273 2293 2323
2293 1273 2323
918 650 1073
650 918 1073
1073 650 918
2141 459 637
459 637 2141
637 459 2141
1440 1193 1361
1193 1361 1440
1361 1193 1440
2832 804 2912
804 2832 2912
2912 804 2832
1939 419 597
597 419 1939
419 597 1939
2867 1412 2350
2350 1412 2867
1412 2350 2867
1217 444 1620
1620 444 1217
444 1217 1620
906 1993 2235
1993 906 2235
2235 906 1993
1919 339 902
902 339 1919
339 902 1919
603 1258 1972
1972 603 1258
1258 603 1972
110 439 2071
439 110 2071
2071 110 439
2208 1635 2008
2008 1635 2208
1635 2008 2208
2212 312 724
312 724 2212
724 312 2212
1525 204 451
451 204 1525
204 451 1525
2069 1442 2996
1442 2069 2996
2996 1442 2069
2985 88 1718
1718 88 2985
88 1718 2985
2123 2194 2632
2194 2123 2632
2632 2123 2194
1923 920 1569
1569 920 1923
920 1569 1923
1932 228 290
290 228 1932
228 290 1932
2609 2393 2611
2611 2393 2609
2393 2609 2611
565 1184 1345
1184 565 1345
1345 565 1184
300 1640 2148
1640 300 2148
2148 300 1640
2343 715 1421
1421 715 2343
715 1421 2343
1341 4 1336
1336 4 1341
4 1336 1341
463 1149 2150
2150 463 1149
1149 463 2150
2749 1156 2227
1156 2227 2749
2227 1156 2749
2174 1041 1819
1819 1041 2174
1041 1819 2174
1733 464 2655
464 1733 2655
2655 464 1733
749 434 2571
434 749 2571
2571 434 749
1978 1102 2614
1102 1978 2614
2614 1102 1978
2533 1091 1979
1091 1979 2533
1979 1091 2533
2305 1275 2507
2507 1275 2305
1275 2305 2507
1142 1629 2681
2681 1142 1629
1629 1142 2681
1380 2450 2707
2707 1380 2450
2450 1380 2707
1701 276 407
407 276 1701
276 407 1701
2070 215 1006
1006 215 2070
215 1006 2070
1900 1223 1472
1223 1472 1900
1472 1223 1900
2093 138 2357
138 2093 2357
2357 138 2093
1519 2013 2319
2319 1519 2013
2013 1519 2319
1020 712 2766
712 1020 2766
2766 712 1020
2955 53 2921
53 2921 2955
2921 53 2955
408 2581 2789
2581 408 2789
2789 408 2581
716 2360 2695
2695 716 2360
2360 716 2695
1046 1552 2089
2089 1046 1552
1552 1046 2089
173 20 2941
20 173 2941
2941 20 173
1136 253 2994
253 1136 2994
2994 253 1136
1496 1199 1303
1199 1303 1496
1303 1199 1496
1946 1054 2775
1054 1946 2775
2775 1054 1946
2313 112 886
886 112 2313
112 886 2313
2573 1003 2572
1003 2572 2573
2572 1003 2573
1127 64 2814
64 1127 2814
2814 64 1127
108 817 1439
1439 108 817
817 108 1439
1888 1340 2512
1340 1888 2512
2512 1340 1888
1967 35 2250
2250 35 1967
35 1967 2250
2240 2612 2822
2822 2240 2612
2612 2240 2822
1763 803 2410
2410 803 1763
803 1763 2410
893 6 446
6 446 893
446 6 893
1229 379 2950
379 1229 2950
2950 379 1229
2267 681 2914
681 2267 2914
2914 681 2267
1717 931 3000
931 1717 3000
3000 931 1717
225 1313 2830
2830 225 1313
1313 225 2830
963 928 1058
1058 928 963
928 963 1058
772 636 2074
636 772 2074
2074 636 772
2084 149 2042
149 2042 2084
2042 149 2084
2006 25 1309
25 1309 2006
1309 25 2006
1342 92 2422
92 1342 2422
2422 92 1342
1743 1460 2923
1460 1743 2923
2923 1460 1743
1924 80 1177
80 1177 1924
1177 80 1924
134 1857 2526
1857 134 2526
2526 134 1857
2628 1051 1512
1512 1051 2628
1051 1512 2628
1706 951 2098
951 1706 2098
2098 951 1706
2073 410 2987
410 2073 2987
2987 410 2073
381 1419 2800
2800 381 1419
1419 381 2800
232 61 2383
61 232 2383
2383 61 232
1197 296 652
296 652 1197
652 296 1197
759 1565 1615
1565 759 1615
1615 759 1565
72 1063 2072
2072 72 1063
1063 72 2072
1222 74 845
845 74 1222
74 845 1222
957 1032 2922
2922 957 1032
1032 957 2922
1289 1546 2825
2825 1289 1546
1546 1289 2825
94 2026 2351
2026 94 2351
2351 94 2026
2157 656 1070
1070 656 2157
656 1070 2157
1422 1473 1654
1654 1422 1473
1473 1422 1654
1057 75 2849
75 1057 2849
2849 75 1057
2865 1489 2989
1489 2865 2989
2989 1489 2865
1741 178 2642
2642 178 1741
178 1741 2642
1514 1302 2713
2713 1302 1514
1302 1514 2713
487 1459 2381
2381 487 1459
1459 487 2381
2776 1035 1726
1726 1035 2776
1035 1726 2776
1395 706 848
848 706 1395
706 848 1395
2188 483 1152
483 1152 2188
1152 483 2188
2551 819 2224
819 2224 2551
2224 819 2551
2619 523 615
523 615 2619
615 523 2619
2696 1420 2797
1420 2696 2797
2797 1420 2696
1428 2120 2953
2953 1428 2120
2120 1428 2953
1148 590 1281
1281 590 1148
590 1148 1281
880 872 2489
872 880 2489
2489 872 880
1388 1236 2431
1236 1388 2431
2431 1236 1388
865 1976 2634
1976 865 2634
2634 865 1976
1248 247 270
247 270 1248
270 247 1248
268 728 2336
2336 268 728
728 268 2336
1252 1755 2126
1755 1252 2126
2126 1252 1755
2804 371 682
682 371 2804
371 682 2804
2104 1256 1621
1621 1256 2104
1256 1621 2104
1259 595 2958
2958 595 1259
595 1259 2958
1424 1593 1895
1895 1424 1593
1593 1424 1895
2 741 2396
741 2 2396
2396 2 741
2831 2131 2356
2131 2356 2831
2356 2131 2831
1304 19 1784
1784 19 1304
19 1304 1784
2281 933 2752
933 2281 2752
2752 933 2281
1769 24 1239
24 1239 1769
1239 24 1769
2676 692 2979
692 2676 2979
2979 692 2676
17 1933 2747
1933 17 2747
2747 17 1933
473 2523 2549
2549 473 2523
2523 473 2549
1581 1099 2405
1099 1581 2405
2405 1099 1581
1334 1366 2011
2011 1334 1366
1366 1334 2011
544 2521 2615
2615 544 2521
2521 544 2615
342 478 1226
478 342 1226
1226 342 478
1663 2702 2974
2702 1663 2974
2974 1663 2702
2928 27 2189
2189 27 2928
27 2189 2928
1734 1434 2729
2729 1434 1734
1434 1734 2729
15 2032 2720
2032 15 2720
2720 15 2032
718 1369 1379
1369 718 1379
1379 718 1369
2027 1742 1841
1742 1841 2027
1841 1742 2027
2403 1327 2640
1327 2403 2640
2640 1327 2403
1435 298 869
298 869 1435
869 298 1435
857 93 1813
93 857 1813
1813 93 857
1461 1652 2377
1652 1461 2377
2377 1461 1652
2866 2547 2886
2547 2866 2886
2886 2547 2866
1754 660 1530
660 1530 1754
1530 660 1754
1724 1477 1709
1709 1477 1724
1477 1709 1724
1582 86 1028
86 1028 1582
1028 86 1582
2499 495 1265
1265 495 2499
495 1265 2499
788 789 879
789 788 879
879 788 789
328 2303 2837
2837 328 2303
2303 328 2837
1427 262 1916
262 1427 1916
1916 262 1427
998 1367 1444
1444 998 1367
1367 998 1444
2444 1171 2086
2086 1171 2444
1171 2086 2444
2380 1723 2456
2456 1723 2380
1723 2380 2456
2094 1471 1963
1963 1471 2094
1471 1963 2094
261 50 2108
50 261 2108
2108 50 261
337 8 955
8 337 955
955 8 337
2802 388 1311
1311 388 2802
388 1311 2802
1711 1517 1878
1878 1517 1711
1517 1711 1878
1098 1650 2087
1650 1098 2087
2087 1098 1650
816 529 2238
529 816 2238
2238 529 816
707 1739 2589
2589 707 1739
1739 707 2589
1553 447 1694
1694 447 1553
447 1553 1694
536 2496 2872
2496 536 2872
2872 536 2496
1860 1237 2848
2848 1237 1860
1237 1860 2848
568 758 2511
2511 568 758
758 568 2511
1908 1288 1583
1583 1288 1908
1288 1583 1908
2844 522 1501
522 1501 2844
1501 522 2844
1597 1005 1381
1381 1005 1597
1005 1381 1597
1619 2214 2748
2748 1619 2214
2214 1619 2748
2895 9 56
9 56 2895
56 9 2895
2476 2391 2578
2578 2391 2476
2391 2476 2578
1804 896 1590
1590 896 1804
896 1590 1804
2567 1409 2193
2193 1409 2567
1409 2193 2567
2932 537 1163
537 1163 2932
1163 537 2932
2271 101 1644
101 1644 2271
1644 101 2271
2018 147 575
575 147 2018
147 575 2018
1026 654 905
654 905 1026
905 654 1026
2981 1823 2498
2498 1823 2981
1823 2498 2981
2889 768 2621
768 2621 2889
2621 768 2889
1707 521 2992
2992 521 1707
521 1707 2992
1981 614 1903
1903 614 1981
614 1903 1981
1710 58 540
58 540 1710
540 58 1710
2322 1167 1783
1167 1783 2322
1783 1167 2322
1387 1034 1693
1034 1387 1693
1693 1034 1387
165 1324 2149
2149 165 1324
1324 165 2149
2759 1613 1825
1613 1825 2759
1825 1613 2759
2264 1943 2862
1943 2264 2862
2862 1943 2264
1300 672 2607
2607 672 1300
672 1300 2607
2130 1203 1614
1203 1614 2130
1614 1203 2130
1436 1039 2947
2947 1039 1436
1039 1436 2947
1646 1686 2949
2949 1646 1686
1686 1646 2949
1086 711 1561
711 1086 1561
1561 711 1086
1399 2630 2997
2630 1399 2997
2997 1399 2630
511 2218 2505
2505 511 2218
2218 511 2505
2171 1270 1738
1270 1738 2171
1738 1270 2171
1500 391 1787
391 1500 1787
1787 391 1500
2055 651 1157
1157 651 2055
651 1157 2055
745 703 2491
2491 703 745
703 745 2491
2464 1586 1853
1586 1853 2464
1853 1586 2464
1678 248 1631
248 1631 1678
1631 248 1678
2310 943 2732
2732 943 2310
943 2310 2732
2035 177 1202
1202 177 2035
177 1202 2035
2827 1503 1675
1675 1503 2827
1503 1675 2827
205 425 2731
425 205 2731
2731 205 425
1465 366 863
366 863 1465
863 366 1465
430 713 2495
2495 430 713
713 430 2495
949 123 2730
123 949 2730
2730 123 949
2870 1185 2603
1185 2603 2870
2603 1185 2870
1002 580 2454
2454 580 1002
580 1002 2454
144 26 2416
2416 26 144
26 144 2416
1212 246 1432
1432 246 1212
246 1212 1432
556 960 1339
960 556 1339
1339 556 960
285 1268 2209
2209 285 1268
1268 285 2209
271 1554 2962
2962 271 1554
1554 271 2962
725 757 2247
2247 725 757
757 725 2247
1580 433 2038
433 1580 2038
2038 433 1580
2138 304 1446
304 1446 2138
1446 304 2138
282 564 1267
1267 282 564
564 282 1267
1390 1498 2280
2280 1390 1498
1498 1390 2280
2859 404 1075
404 1075 2859
1075 404 2859
766 1031 2606
1031 766 2606
2606 766 1031
481 505 2824
2824 481 505
505 481 2824
901 279 971
279 901 971
971 279 901
850 1062 2202
2202 850 1062
1062 850 2202
1488 926 982
926 982 1488
982 926 1488
1189 973 1215
1215 973 1189
973 1189 1215
2237 501 979
501 979 2237
979 501 2237
2373 937 1961
1961 937 2373
937 1961 2373
1728 129 1096
129 1096 1728
1096 129 1728
343 284 2118
284 343 2118
2118 284 343
111 1746 2428
2428 111 1746
1746 111 2428
1664 396 934
396 934 1664
934 396 1664
2274 613 2700
613 2274 2700
2700 613 2274
1798 633 1988
633 1798 1988
1988 633 1798
2525 197 2579
197 2525 2579
2579 197 2525
1915 1253 2441
2441 1253 1915
1253 1915 2441
241 1883 2891
1883 241 2891
2891 241 1883
2455 1690 2535
1690 2455 2535
2535 1690 2455
883 1173 1816
1173 883 1816
1816 883 1173
351 1187 2369
2369 351 1187
1187 351 2369
199 1413 2529
1413 199 2529
2529 199 1413
2909 309 2234
2234 309 2909
309 2234 2909
2888 780 2592
2592 780 2888
780 2592 2888
2206 688 1765
1765 688 2206
688 1765 2206
2791 1401 2128
1401 2128 2791
2128 1401 2791
2887 1018 2892
1018 2887 2892
2892 1018 2887
685 604 2564
604 685 2564
2564 604 685
1452 140 2618
2618 140 1452
140 1452 2618
437 457 2283
2283 437 457
457 437 2283
274 1750 2392
2392 274 1750
1750 274 2392
1891 363 1470
363 1470 1891
1470 363 1891
653 1061 2807
1061 653 2807
2807 653 1061
1320 1458 1882
1882 1320 1458
1458 1320 1882
1865 1810 2514
2514 1810 1865
1810 1865 2514
562 1544 2688
1544 562 2688
2688 562 1544
2177 413 2341
2341 413 2177
413 2177 2341
1291 63 2501
63 1291 2501
2501 63 1291
2982 2031 2716
2031 2716 2982
2716 2031 2982
2417 2543 2558
2558 2417 2543
2543 2417 2558
2358 332 1550
332 1550 2358
1550 332 2358
2163 698 1520
698 1520 2163
1520 698 2163
858 572 1178
1178 572 858
572 858 1178
239 1764 2755
2755 239 1764
1764 239 2755
2068 399 2473
2473 399 2068
399 2068 2473
2096 361 884
884 361 2096
361 884 2096
1228 2254 2637
2637 1228 2254
2254 1228 2637
1633 1318 2221
1318 1633 2221
2221 1318 1633
2999 273 2956
2956 273 2999
273 2956 2999
987 42 2712
42 987 2712
2712 42 987
1574 1830 2255
2255 1574 1830
1830 1574 2255
2918 1637 2946
2946 1637 2918
1637 2918 2946
1125 475 2051
475 1125 2051
2051 475 1125
1987 885 2186
2186 885 1987
885 1987 2186
1626 923 2439
923 1626 2439
2439 923 1626
2494 44 1952
1952 44 2494
44 1952 2494
1833 1404 2409
1404 1833 2409
2409 1404 1833
649 1174 2653
1174 649 2653
2653 649 1174
1235 498 2270
498 1235 2270
2270 498 1235
2243 2056 2262
2262 2056 2243
2056 2243 2262
2335 2312 2915
2312 2335 2915
2915 2312 2335
1310 1023 2656
2656 1023 1310
1023 1310 2656
146 1067 2161
2161 146 1067
1067 146 2161
2580 1190 2135
2135 1190 2580
1190 2135 2580
2520 313 1658
313 1658 2520
1658 313 2520
1286 1317 2306
1317 1286 2306
2306 1286 1317
179 208 2689
208 179 2689
2689 179 208
2574 1389 2626
2626 1389 2574
1389 2574 2626
2647 547 1660
547 1660 2647
1660 547 2647
1677 795 1642
795 1642 1677
1642 795 1677
1948 315 787
787 315 1948
315 787 1948
2951 65 1890
1890 65 2951
65 1890 2951
450 1624 2692
1624 450 2692
2692 450 1624
49 2268 2412
2412 49 2268
2268 49 2412
641 1772 2952
1772 641 2952
2952 641 1772
148 1397 2654
2654 148 1397
1397 148 2654
1947 2154 2829
2829 1947 2154
2154 1947 2829
1847 2023 2170
2023 1847 2170
2170 1847 2023
440 2050 2562
2562 440 2050
2050 440 2562
1896 195 2166
195 1896 2166
2166 195 1896
667 810 2675
2675 667 810
810 667 2675
908 2328 2810
2328 908 2810
2810 908 2328
2598 326 1128
326 1128 2598
1128 326 2598
2225 127 578
127 578 2225
578 127 2225
1354 2030 2425
2030 1354 2425
2425 1354 2030
1855 726 1168
726 1168 1855
1168 726 1855
2204 211 365
365 211 2204
211 365 2204
1022 2025 2610
2025 1022 2610
2610 1022 2025
686 1534 2348
1534 686 2348
2348 686 1534
833 109 2620
109 833 2620
2620 109 833
45 412 2590
2590 45 412
412 45 2590
1716 2017 2487
2487 1716 2017
2017 1716 2487
1995 881 1433
881 1433 1995
1433 881 1995
2216 87 1627
87 1627 2216
1627 87 2216
546 903 2219
903 546 2219
2219 546 903
616 2201 2576
2201 616 2576
2576 616 2201
272 119 868
868 119 272
119 272 868
1744 183 1358
183 1358 1744
1358 183 1744
2841 1807 1906
1906 1807 2841
1807 1906 2841
357 1852 2724
1852 357 2724
2724 357 1852
1951 28 2242
28 1951 2242
2242 28 1951
254 214 847
214 254 847
847 214 254
318 397 1940
1940 318 397
397 318 1940
552 545 2905
545 552 2905
2905 545 552
486 1113 1959
1959 486 1113
1113 486 1959
2034 1846 2906
1846 2034 2906
2906 1846 2034
1653 967 2112
967 1653 2112
2112 967 1653
2468 1540 1965
1965 1540 2468
1540 1965 2468
1828 2014 2933
2014 1828 2933
2933 1828 2014
2458 1585 2408
2408 1585 2458
1585 2408 2458
151 1578 2079
1578 151 2079
2079 151 1578
1610 563 2668
2668 563 1610
563 1610 2668
2836 421 914
914 421 2836
421 914 2836
702 1243 2815
2815 702 1243
1243 702 2815
2763 1611 2644
2644 1611 2763
1611 2644 2763
1793 1045 1144
1045 1144 1793
1144 1045 1793
310 85 2251
85 310 2251
2251 85 310
1747 1980 2461
2461 1747 1980
1980 1747 2461
2490 367 2000
367 2000 2490
2000 367 2490
1599 567 2993
2993 567 1599
567 1599 2993
1792 1735 2936
2936 1735 1792
1735 1792 2936
2734 191 1360
191 1360 2734
1360 191 2734
1564 1261 2105
1261 1564 2105
2105 1261 1564
839 1591 2109
2109 839 1591
1591 839 2109
472 1386 2165
2165 472 1386
1386 472 2165
2945 107 489
489 107 2945
107 489 2945
519 779 1044
779 519 1044
1044 519 779
2048 755 2497
755 2048 2497
2497 755 2048
852 1037 1936
1936 852 1037
1037 852 1936
1527 1482 2665
1482 1527 2665
2665 1482 1527
306 2001 2651
2651 306 2001
2001 306 2651
2756 1282 2777
1282 2756 2777
2777 1282 2756
2471 1365 2723
1365 2471 2723
2723 1365 2471
1126 1143 1638
1143 1126 1638
1638 1126 1143
1704 213 1907
1907 213 1704
213 1704 1907
2660 792 1043
792 1043 2660
1043 792 2660
1770 1069 2960
2960 1069 1770
1069 1770 2960
977 1868 2241
1868 977 2241
2241 977 1868
1335 1351 2673
1351 1335 2673
2673 1335 1351
1078 2119 2761
2761 1078 2119
2119 1078 2761
796 1575 2137
2137 796 1575
1575 796 2137
130 970 2437
2437 130 970
970 130 2437
1542 30 2067
2067 30 1542
30 1542 2067
628 859 1859
859 628 1859
1859 628 859
113 1176 2622
1176 113 2622
2622 113 1176
609 898 1862
1862 609 898
898 609 1862
1405 452 1549
452 1405 1549
1549 452 1405
2481 2205 2663
2663 2205 2481
2205 2481 2663
198 1535 1643
1643 198 1535
1535 198 1643
2819 2508 2964
2508 2819 2964
2964 2508 2819
2115 133 1655
1655 133 2115
133 1655 2115
2020 730 1161
730 1161 2020
1161 730 2020
479 2575 2721
2721 479 2575
2575 479 2721
2760 167 1441
1441 167 2760
167 1441 2760
504 1053 2433
2433 504 1053
1053 504 2433
176 550 1516
1516 176 550
550 176 1516
689 1117 1824
1117 689 1824
1824 689 1117
2629 1513 2764
1513 2629 2764
2764 1513 2629
2349 916 2063
2063 916 2349
916 2063 2349
534 2290 2910
2910 534 2290
2290 534 2910
535 465 2019
2019 465 535
465 535 2019
2429 234 981
234 981 2429
981 234 2429
2854 36 2917
2917 36 2854
36 2854 2917
875 600 1450
1450 600 875
600 875 1450
2770 1093 2938
1093 2770 2938
2938 1093 2770
1944 330 1958
330 1944 1958
1958 330 1944
510 2601 2735
2735 510 2601
2601 510 2735
32 349 990
990 32 349
349 32 990
220 445 1449
445 220 1449
1449 220 445
2793 382 1139
382 1139 2793
1139 382 2793
1563 227 691
691 227 1563
227 691 1563
1400 862 2911
2911 862 1400
862 1400 2911
776 1391 2106
1391 776 2106
2106 776 1391
1260 549 1485
549 1260 1485
1485 549 1260
2210 782 2719
782 2210 2719
2719 782 2210
238 145 1364
1364 145 238
145 238 1364
2462 275 1920
275 1920 2462
1920 275 2462
1227 278 336
278 336 1227
336 278 1227
2726 602 1373
602 1373 2726
1373 602 2726
1523 352 1004
1004 352 1523
352 1004 1523
2873 2088 2648
2088 2648 2873
2648 2088 2873
1312 801 2448
2448 801 1312
801 1312 2448
508 1172 2388
1172 508 2388
2388 508 1172
1021 499 2183
499 1021 2183
2183 499 1021
334 1703 2249
1703 334 2249
2249 334 1703
751 121 2395
2395 121 751
121 751 2395
894 395 497
497 395 894
395 497 894
1464 876 2015
876 1464 2015
2015 876 1464
1131 1299 2300
2300 1131 1299
1299 1131 2300
78 435 2064
2064 78 435
435 78 2064
2406 81 1584
81 1584 2406
1584 81 2406
373 223 661
661 223 373
223 373 661
2852 507 829
507 829 2852
829 507 2852
405 2463 2519
2463 405 2519
2519 405 2463
861 51 1308
51 861 1308
1308 51 861
2401 1132 1990
1132 1990 2401
1990 1132 2401
1928 2678 2959
2678 1928 2959
2959 1928 2678
532 2167 2863
2167 532 2863
2863 532 2167
1617 1375 1625
1625 1375 1617
1375 1617 1625
2805 1056 2397
1056 2397 2805
2397 1056 2805
1803 1672 2751
1672 1803 2751
2751 1672 1803
2786 1319 2203
1319 2203 2786
2203 1319 2786
1679 1122 2685
2685 1122 1679
1122 1679 2685
821 721 1508
721 821 1508
1508 721 821
2585 560 2100
2100 560 2585
560 2100 2585
424 267 2398
267 424 2398
2398 267 424
260 1133 2173
2173 260 1133
1133 260 2173
1283 1749 2374
2374 1283 1749
1749 1283 2374
369 2133 2871
2133 369 2871
2871 369 2133
341 1740 1914
1740 341 1914
1914 341 1740
984 1721 2524
2524 984 1721
1721 984 2524
945 587 968
587 945 968
968 587 945
606 2172 2930
2172 606 2930
2930 606 2172
952 752 1600
1600 752 952
752 952 1600
1870 1082 2325
2325 1082 1870
1082 1870 2325
454 668 1205
1205 454 668
668 454 1205
938 1757 2771
2771 938 1757
1757 938 2771
1119 1124 2703
2703 1119 1124
1124 1119 2703
471 2704 2869
2869 471 2704
2704 471 2869
1052 283 1656
1656 283 1052
283 1052 1656
2352 1962 2613
1962 2352 2613
2613 1962 2352
2140 1495 2880
1495 2140 2880
2880 1495 2140
2400 953 2969
2969 953 2400
953 2400 2969
559 1506 2097
1506 559 2097
2097 559 1506
2195 735 1325
1325 735 2195
735 1325 2195
1048 1383 2690
2690 1048 1383
1383 1048 2690
2646 714 1468
1468 714 2646
714 1468 2646
1349 961 1881
961 1349 1881
1881 961 1349
1612 244 1974
244 1612 1974
1974 244 1612
1778 708 2711
708 1778 2711
2711 708 1778
1756 281 360
281 360 1756
360 281 1756
317 346 1030
1030 317 346
346 317 1030
1194 401 2220
401 1194 2220
2220 401 1194
2217 73 899
899 73 2217
73 899 2217
1788 1350 2757
1350 1788 2757
2757 1350 1788
1774 665 2560
2560 665 1774
665 1774 2560
7 160 588
588 7 160
160 7 588
97 1017 2479
2479 97 1017
1017 97 2479
441 233 664
664 233 441
233 441 664
1107 697 1688
1688 697 1107
697 1107 1688
2798 935 1183
1183 935 2798
935 1183 2798
1481 1211 2485
2485 1211 1481
1211 1481 2485
1838 392 2453
2453 392 1838
392 1838 2453
2469 41 756
756 41 2469
41 756 2469
1794 543 2667
2667 543 1794
543 1794 2667
1000 2289 2809
2809 1000 2289
2289 1000 2809
150 139 442
442 139 150
139 150 442
1487 571 1064
571 1064 1487
1064 571 1487
2414 701 2261
2261 701 2414
701 2261 2414
1429 699 910
699 910 1429
910 699 1429
512 922 2082
922 512 2082
2082 512 922
427 1840 2709
1840 427 2709
2709 427 1840
1551 1971 2639
2639 1551 1971
1971 1551 2639
1225 983 1346
1346 983 1225
983 1225 1346
222 40 96
40 96 222
96 40 222
1648 1104 2853
1104 1648 2853
2853 1104 1648
1866 1447 2821
1447 1866 2821
2821 1447 1866
1547 189 790
790 189 1547
189 790 1547
936 976 1880
1880 936 976
976 936 1880
327 116 2893
116 327 2893
2893 116 327
644 639 2447
2447 639 644
639 644 2447
2287 31 2474
2474 31 2287
31 2287 2474
1899 687 1009
1009 687 1899
687 1009 1899
2919 619 1667
1667 619 2919
619 1667 2919
1332 172 2245
172 1332 2245
2245 172 1332
2515 229 2010
229 2010 2515
2010 229 2515
1504 583 1696
583 1504 1696
1696 583 1504
2040 1776 1885
1885 1776 2040
1776 1885 2040
1414 2363 2767
2767 1414 2363
2363 1414 2767
67 1562 1759
1759 67 1562
1562 67 1759
2415 70 1982
1982 70 2415
70 1982 2415
1806 584 2806
584 1806 2806
2806 584 1806
289 929 939
939 289 929
929 289 939
1153 797 1355
1355 797 1153
797 1153 1355
1065 359 368
368 359 1065
359 368 1065
1234 48 458
458 48 1234
48 458 1234
1884 1490 1918
1918 1490 1884
1490 1884 1918
2407 1805 2509
2509 1805 2407
1805 2407 2509
2600 443 1475
443 1475 2600
1475 443 2600
1263 1393 2282
2282 1263 1393
1393 1263 2282
2229 539 2107
2107 539 2229
539 2107 2229
1305 818 874
874 818 1305
818 874 1305
1368 1843 2012
1843 1368 2012
2012 1368 1843
558 2045 2451
2045 558 2451
2451 558 2045
1697 1877 2273
1877 1697 2273
2273 1697 1877
1013 1329 2513
1329 1013 2513
2513 1013 1329
1695 136 683
683 136 1695
136 683 1695
1443 659 1377
659 1377 1443
1377 659 1443
1181 887 1050
887 1050 1181
1050 887 1181
370 1398 1867
1867 370 1398
1398 370 1867
1196 209 748
748 209 1196
209 748 1196
1745 802 1829
802 1745 1829
1829 802 1745
576 114 912
912 114 576
114 576 912
843 492 1875
1875 492 843
492 843 1875
1287 520 2874
2874 520 1287
520 1287 2874
2297 163 1195
1195 163 2297
163 1195 2297
1647 1661 1941
1941 1647 1661
1661 1647 1941
2792 841 1219
841 1219 2792
1219 841 2792
1382 141 2278
2278 141 1382
141 1382 2278
1700 620 812
620 812 1700
812 620 1700
2902 643 2983
2983 643 2902
643 2902 2983
807 393 2616
2616 393 807
393 807 2616
2534 822 2913
2913 822 2534
822 2534 2913
2897 811 1761
811 1761 2897
1761 811 2897
2518 301 2978
2978 301 2518
301 2518 2978
533 1430 2102
1430 533 2102
2102 533 1430
1705 468 1403
1403 468 1705
468 1403 1705
2779 1103 1570
1103 1570 2779
1570 1103 2779
1964 765 1370
1370 765 1964
765 1370 1964
2916 871 1140
1140 871 2916
871 1140 2916
719 585 1814
1814 585 719
585 719 1814
14 655 2907
655 14 2907
2907 14 655
527 2493 2768
2493 527 2768
2768 527 2493
13 1651 2432
1651 13 2432
2432 13 1651
153 377 1727
1727 153 377
377 153 1727
2931 975 1622
975 1622 2931
1622 975 2931
1832 57 747
747 57 1832
57 747 1832
2308 594 2851
2851 594 2308
594 2308 2851
11 1687 2650
1687 11 2650
2650 11 1687
216 1592 1997
1997 216 1592
1592 216 1997
1469 2200 2834
2834 1469 2200
2200 1469 2834
259 647 2466
2466 259 647
647 259 2466
354 1494 2475
2475 354 1494
1494 354 2475
1231 838 2670
838 1231 2670
2670 838 1231
775 500 2894
500 775 2894
2894 500 775
944 1297 1415
1297 944 1415
1415 944 1297
2972 480 1641
480 1641 2972
1641 480 2972
760 1492 2710
1492 760 2710
2710 760 1492
308 717 2311
2311 308 717
717 308 2311
325 55 2586
55 325 2586
2586 55 325
90 1116 2159
2159 90 1116
1116 90 2159
677 68 1385
1385 68 677
68 677 1385
622 598 1478
1478 598 622
598 622 1478
1321 2044 2920
2044 1321 2920
2920 1321 2044
2995 1027 1851
1851 1027 2995
1027 1851 2995
2591 455 778
778 455 2591
455 778 2591
1109 484 2820
484 1109 2820
2820 484 1109
82 1111 2060
2060 82 1111
1111 82 2060
1986 738 2842
2842 738 1986
738 1986 2842
783 626 1811
1811 626 783
626 783 1811
389 2504 2855
2855 389 2504
2504 389 2855
2845 152 2885
152 2845 2885
2885 152 2845
2542 12 2033
2033 12 2542
12 2033 2542
897 1786 1999
1999 897 1786
1786 897 1999
122 203 277
203 122 277
277 122 203
2587 221 319
319 221 2587
221 319 2587
2449 251 837
837 251 2449
251 837 2449
324 190 640
190 324 640
640 190 324
2858 2309 2404
2404 2309 2858
2309 2404 2858
2226 1123 2095
2095 1123 2226
1123 2095 2226
1271 403 2778
2778 403 1271
403 1271 2778
1244 386 1040
1040 386 1244
386 1040 1244
1790 322 2722
322 1790 2722
2722 322 1790
2835 194 2988
2988 194 2835
194 2835 2988
1456 2076 2868
2868 1456 2076
2076 1456 2868
2153 2233 2666
2666 2153 2233
2233 2153 2666
720 142 1566
1566 142 720
142 720 1566
2593 907 2604
2604 907 2593
907 2593 2604
37 895 1112
1112 37 895
895 37 1112
2686 742 1671
1671 742 2686
742 1671 2686
1682 514 972
514 972 1682
972 514 1682
106 638 846
846 106 638
638 106 846
1795 680 2127
2127 680 1795
680 1795 2127
1454 732 1158
732 1158 1454
1158 732 1454
2272 1595 2077
1595 2077 2272
2077 1595 2272
2565 2324 2577
2577 2324 2565
2324 2565 2577
1141 2136 2691
2691 1141 2136
2136 1141 2691
2569 2009 2230
2230 2009 2569
2009 2230 2569
679 453 1218
453 679 1218
1218 453 679
2215 1257 1277
1277 1257 2215
1257 1277 2215
608 1085 1529
1529 608 1085
1085 608 1529
1536 364 2139
2139 364 1536
364 1536 2139
394 1462 2446
2446 394 1462
1462 394 2446
696 993 2846
2846 696 993
993 696 2846
995 744 2111
2111 744 995
744 995 2111
2818 1121 1280
1121 1280 2818
1280 1121 2818
193 2143 2940
2940 193 2143
2143 193 2940
2725 1780 2714
1780 2714 2725
2714 1780 2725
1594 314 1425
1425 314 1594
314 1425 1594
2787 1241 1698
1698 1241 2787
1241 1698 2787
1169 436 2376
436 1169 2376
2376 436 1169
420 218 2680
218 420 2680
2680 218 420
2939 814 2532
814 2532 2939
2532 814 2939
59 1129 2900
1129 59 2900
2900 59 1129
569 864 1510
864 569 1510
1510 569 864
2882 2260 2546
2260 2546 2882
2546 2260 2882
750 2066 2090
2066 750 2090
2090 750 2066
645 1012 2248
2248 645 1012
1012 645 2248
1396 1872 2658
2658 1396 1872
1872 1396 2658
2570 23 224
224 23 2570
23 224 2570
1676 761 1956
1956 761 1676
761 1676 1956
2259 2296 2527
2296 2259 2527
2527 2259 2296
2602 206 851
851 206 2602
206 851 2602
287 157 297
157 287 297
297 157 287
754 1858 2742
1858 754 2742
2742 754 1858
2266 1204 1307
1204 1307 2266
1307 1204 2266
52 1089 2963
1089 52 2963
2963 52 1089
892 398 2584
2584 398 892
398 892 2584
432 509 1921
509 432 1921
1921 432 509
1448 823 1598
823 1448 1598
1598 823 1448
428 162 2402
2402 162 428
162 428 2402
1922 1681 1925
1681 1922 1925
1925 1681 1922
182 1766 2331
1766 182 2331
2331 182 1766
781 355 1630
355 781 1630
1630 355 781
54 180 2492
180 54 2492
2492 54 180
1970 592 1822
1822 592 1970
592 1822 1970
105 1033 2298
1033 105 2298
2298 105 1033
1507 288 2435
2435 288 1507
288 1507 2435
1942 554 1732
1732 554 1942
554 1732 1942
188 518 1374
518 188 1374
1374 188 518
669 390 2002
2002 390 669
390 669 2002
731 477 2286
477 731 2286
2286 477 731
2861 362 2263
2263 362 2861
362 2263 2861
1699 1328 2276
1328 1699 2276
2276 1328 1699
854 793 1762
793 854 1762
1762 793 854
1362 1588 2624
2624 1362 1588
1588 1362 2624
2799 1558 2544
2544 1558 2799
1558 2544 2799
1356 344 2935
344 1356 2935
2935 344 1356
1076 1789 1935
1789 1076 1935
1935 1076 1789
311 541 2937
2937 311 541
541 311 2937
913 231 2182
231 913 2182
2182 231 913
1090 482 2330
482 1090 2330
2330 482 1090
1164 243 610
243 610 1164
610 243 1164
462 2635 2901
2635 462 2901
2901 462 2635
2991 376 2160
2160 376 2991
376 2160 2991
415 212 356
212 356 415
356 212 415
2662 2344 2345
2345 2344 2662
2344 2345 2662
1047 250 1502
250 1047 1502
1502 250 1047
2828 323 2803
2803 323 2828
323 2803 2828
1731 125 2434
125 1731 2434
2434 125 1731
2537 1145 2737
1145 2537 2737
2737 1145 2537
118 844 2326
844 118 2326
2326 118 844
117 158 835
835 117 158
158 117 835
528 2541 2781
2541 528 2781
2781 528 2541
1118 1134 2758
2758 1118 1134
1134 1118 2758
777 555 2550
555 777 2550
2550 555 777
77 828 2147
2147 77 828
828 77 2147
911 491 2452
491 911 2452
2452 491 911
930 155 230
155 230 930
230 155 930
956 2211 2557
2557 956 2211
2211 956 2557
635 2122 2967
2967 635 2122
2122 635 2967
2483 39 1894
1894 39 2483
39 1894 2483
1179 965 2375
965 1179 2375
2375 965 1179
2382 99 1863
99 1863 2382
1863 99 2382
1175 2057 2117
2117 1175 2057
2057 1175 2117
169 1266 2478
2478 169 1266
1266 169 2478
2697 1016 1188
1016 1188 2697
1188 1016 2697
1087 2199 2977
2199 1087 2977
2977 1087 2199
236 474 2699
474 236 2699
2699 236 474
95 805 2671
2671 95 805
805 95 2671
431 1522 2197
2197 431 1522
1522 431 2197
1159 1887 2196
2196 1159 1887
1887 1159 2196
1719 870 1532
1532 870 1719
870 1532 1719
1589 1029 1357
1029 1357 1589
1357 1029 1589
1844 623 2877
623 1844 2877
2877 623 1844
2299 175 2555
175 2299 2555
2555 175 2299
1782 494 1533
1533 494 1782
494 1533 1782
1545 962 2484
962 1545 2484
2484 962 1545
1114 888 2486
888 1114 2486
2486 888 1114
1079 1628 2113
2113 1079 1628
1628 1079 2113
808 1130 2566
1130 808 2566
2566 808 1130
1209 66 2269
2269 66 1209
66 1209 2269
120 618 1011
618 120 1011
1011 120 618
1668 824 2608
824 1668 2608
2608 824 1668
1024 1115 2784
2784 1024 1115
1115 1024 2784
2285 1466 1608
1608 1466 2285
1466 1608 2285
2295 794 964
964 794 2295
794 964 2295
1240 476 2790
2790 476 1240
476 1240 2790
2925 733 767
733 767 2925
767 733 2925
948 1864 2881
1864 948 2881
2881 948 1864
2065 991 1272
991 1272 2065
1272 991 2065
1926 954 2022
954 1926 2022
2022 954 1926
154 946 2669
946 154 2669
2669 154 946
1966 2125 2192
2192 1966 2125
2125 1966 2192
34 295 773
295 34 773
773 34 295
2780 925 1080
1080 925 2780
925 1080 2780
2522 1333 1835
1835 1333 2522
1333 1835 2522
1165 2338 2399
2399 1165 2338
2338 1165 2399
1497 542 988
542 988 1497
988 542 1497
2355 2750 2774
2750 2355 2774
2774 2355 2750
924 202 1036
1036 202 924
202 924 1036
596 1985 2961
1985 596 2961
2961 596 1985
164 1344 2943
1344 164 2943
2943 164 1344
825 1636 2850
2850 825 1636
1636 825 2850
2301 69 1431
1431 69 2301
69 1431 2301
1537 156 2190
2190 156 1537
156 1537 2190
2144 2062 2682
2682 2062 2144
2062 2144 2682
2021 1991 2101
1991 2021 2101
2101 1991 2021
2561 305 2856
2856 305 2561
305 2561 2856
2228 2046 2317
2046 2228 2317
2317 2046 2228
1623 1779 2990
1779 1623 2990
2990 1623 1779
932 331 1008
1008 331 932
331 932 1008
1230 2715 2976
2715 1230 2976
2976 1230 2715
1352 684 1166
1166 684 1352
684 1166 1352
831 1316 1683
1316 831 1683
1683 831 1316
200 255 1262
1262 200 255
255 200 1262
1572 658 2701
658 1572 2701
2701 658 1572
1083 1773 2145
2145 1083 1773
1773 1083 2145
320 16 1791
16 320 1791
1791 16 320
1729 503 579
579 503 1729
503 579 1729
1954 1856 2059
1856 1954 2059
2059 1856 1954
263 76 2423
2423 76 263
76 263 2423
1902 258 826
826 258 1902
258 826 1902
2207 2502 2754
2502 2207 2754
2754 2207 2502
1541 1539 2813
1539 1541 2813
2813 1539 1541
737 1484 1691
1484 737 1691
1691 737 1484
1753 2596 2847
2847 1753 2596
2596 1753 2847
978 1180 1930
1930 978 1180
1180 978 1930
128 561 2816
2816 128 561
561 128 2816
1417 1151 2472
2472 1151 1417
1151 1417 2472
1984 321 1898
1898 321 1984
321 1898 1984
1249 678 2687
678 1249 2687
2687 678 1249
2158 124 1232
124 1232 2158
1232 124 2158
2817 2258 2728
2258 2728 2817
2728 2258 2817
384 2332 2506
2332 384 2506
2506 384 2332
1913 798 1639
798 1639 1913
1639 798 1913
1815 252 1837
1837 252 1815
252 1815 1837
2146 2672 2899
2672 2146 2899
2899 2146 2672
553 1751 2530
2530 553 1751
1751 553 2530
958 621 2121
621 958 2121
2121 621 958
2198 1945 2413
1945 2198 2413
2413 1945 2198
2965 409 2843
2843 409 2965
409 2843 2965
695 2222 2684
2222 695 2684
2684 695 2222
2342 1407 2054
1407 2054 2342
2054 1407 2342
385 1337 1576
1337 385 1576
1576 385 1337
184 2617 2839
2617 184 2839
2839 184 2617
2291 815 1274
1274 815 2291
815 1274 2291
1604 670 1649
1649 670 1604
670 1604 1649
2879 856 1426
856 1426 2879
1426 856 2879
1842 625 2705
625 1842 2705
2705 625 1842
502 256 2503
2503 256 502
256 502 2503
1616 2379 2864
2379 1616 2864
2864 1616 2379
2265 927 1797
927 1797 2265
1797 927 2265
2553 1084 2924
2924 1084 2553
1084 2553 2924
467 2718 2966
2966 467 2718
2718 467 2966
2942 723 877
723 877 2942
877 723 2942
710 1808 2970
1808 710 2970
2970 710 1808
566 461 1515
1515 461 566
461 566 1515
2627 531 2599
2599 531 2627
531 2599 2627
2016 347 2467
2467 347 2016
347 2016 2467
1771 1192 1602
1602 1192 1771
1192 1602 1771
2304 1095 1715
1095 1715 2304
1715 1095 2304
2510 2043 2359
2359 2043 2510
2043 2359 2510
627 43 1927
43 627 1927
1927 43 627
103 83 999
83 103 999
999 83 103
2438 648 1685
1685 648 2438
648 1685 2438
2740 102 705
102 705 2740
705 102 2740
675 662 2178
2178 662 675
662 675 2178
996 257 980
980 257 996
257 980 996
1170 1929 2385
2385 1170 1929
1929 1170 2385
2036 400 2794
400 2036 2794
2794 400 2036
470 2706 2744
2744 470 2706
2706 470 2744
1010 577 593
593 577 1010
577 593 1010
466 1106 2934
2934 466 1106
1106 466 2934
1467 291 985
291 985 1467
985 291 1467
2896 950 2024
2024 950 2896
950 2024 2896
192 2470 2883
2883 192 2470
2470 192 2883
2605 1042 1453
1453 1042 2605
1042 1453 2605
2075 1905 2353
2353 1905 2075
1905 2075 2353
375 1702 2176
2176 375 1702
1702 375 2176
2440 266 1110
1110 266 2440
266 1110 2440
2061 104 2081
104 2061 2081
2081 104 2061
1250 1376 1418
1418 1250 1376
1376 1250 1418
1486 1378 2316
2316 1378 1486
1378 1486 2316
2677 904 2554
2554 904 2677
904 2554 2677
632 1105 1245
1105 632 1245
1245 632 1105
1577 2420 2743
2743 1577 2420
2420 1577 2743
690 989 1255
989 690 1255
1255 690 989
1479 21 2638
2638 21 1479
21 1479 2638
709 809 1457
809 709 1457
1457 709 809
1137 1910 2727
1910 1137 2727
2727 1137 1910
1528 1989 2387
2387 1528 1989
1989 1528 2387
2545 166 860
860 166 2545
166 860 2545
2903 2257 2948
2948 2257 2903
2257 2903 2948
411 378 2641
2641 378 411
378 411 2641
882 1483 2971
1483 882 2971
2971 882 1483
350 1323 1849
1323 350 1849
1849 350 1323
2191 1372 1423
1423 1372 2191
1372 1423 2191
1809 98 2801
98 1809 2801
2801 98 1809
2110 1264 2029
2029 1264 2110
1264 2029 2110
1587 1284 1292
1292 1284 1587
1284 1292 1587
573 488 1491
488 573 1491
1491 488 573
168 1665 1977
1977 168 1665
1665 168 1977
1618 919 2477
2477 919 1618
919 1618 2477
1632 1314 2384
2384 1314 1632
1314 1632 2384
2292 986 2954
2954 986 2292
986 2292 2954
2092 813 1438
813 1438 2092
1438 813 2092
2091 2329 2717
2717 2091 2329
2329 2091 2717
889 496 915
496 889 915
915 496 889
694 89 1068
89 694 1068
1068 89 694
1722 551 1524
1524 551 1722
551 1524 1722
1207 1568 2898
2898 1207 1568
1568 1207 2898
115 700 2649
2649 115 700
700 115 2649
1931 2279 2500
2279 1931 2500
2500 1931 2279
2275 676 1097
1097 676 2275
676 1097 2275
722 834 2394
834 722 2394
2394 722 834
2975 2698 2878
2878 2698 2975
2698 2878 2975
2327 333 1408
1408 333 2327
333 1408 2327
249 380 736
736 249 380
380 249 736
997 1416 2213
1416 997 2213
2213 997 1416
1322 674 1330
674 1322 1330
1330 674 1322
1455 2253 2643
2253 1455 2643
2643 1455 2253
1850 867 2386
867 1850 2386
2386 867 1850
1198 1526 1996
1526 1198 1996
1996 1198 1526
1950 1216 1384
1216 1384 1950
1384 1216 1950
2488 84 485
84 485 2488
485 84 2488
2129 666 1818
1818 666 2129
666 1818 2129
612 2058 2568
2058 612 2568
2568 612 2058
2808 348 1901
1901 348 2808
348 1901 2808
269 1254 1827
1254 269 1827
1827 269 1254
820 1601 2307
2307 820 1601
1601 820 2307
2860 1548 2080
2080 1548 2860
1548 2080 2860
1509 171 1066
171 1066 1509
1066 171 1509
338 506 832
506 338 832
832 338 506
1001 2294 2378
2378 1001 2294
2294 1001 2378
830 2320 2693
2320 830 2693
2693 830 2320
591 634 2552
2552 591 634
634 591 2552
1499 617 2436
617 1499 2436
2436 617 1499
1938 1306 1720
1306 1720 1938
1720 1306 1938
423 1411 2769
1411 423 2769
2769 423 1411
1573 245 2418
2418 245 1573
245 1573 2418
2582 940 1873
1873 940 2582
940 1873 2582
2370 170 836
836 170 2370
170 836 2370
2884 185 1186
1186 185 2884
185 1186 2884
210 1402 2984
1402 210 2984
2984 210 1402
2957 526 2482
2482 526 2957
526 2482 2957
2944 1251 2657
1251 2657 2944
2657 1251 2944
524 557 2314
557 524 2314
2314 524 557
2366 548 2595
548 2366 2595
2595 548 2366
517 739 2419
2419 517 739
739 517 2419
2231 1505 2536
1505 2231 2536
2536 1505 2231
2556 1138 1775
1775 1138 2556
1138 1775 2556
855 1200 2683
1200 855 2683
2683 855 1200
601 372 1246
372 601 1246
1246 372 601
47 383 774
774 47 383
383 47 774
1968 890 2337
890 1968 2337
2337 890 1968
2823 22 1518
22 1518 2823
1518 22 2823
763 2005 2232
2005 763 2232
2232 763 2005
1893 387 2594
2594 387 1893
387 1893 2594
100 2244 2833
2244 100 2833
2833 100 2244
1208 605 1206
605 1206 1208
1206 605 1208
181 917 1437
1437 181 917
917 181 1437
1146 196 1897
1897 196 1146
196 1146 1897
161 513 2445
513 161 2445
2445 161 513
2169 2152 2252
2252 2152 2169
2152 2169 2252
630 264 1854
264 630 1854
1854 264 630
530 762 2302
762 530 2302
2302 530 762
2980 217 1556
1556 217 2980
217 1556 2980
1634 490 2236
2236 490 1634
490 1634 2236
132 2134 2367
2367 132 2134
2134 132 2367
294 292 1162
1162 292 294
292 294 1162
1147 10 607
10 607 1147
607 10 1147
743 1869 2733
1869 743 2733
2733 743 1869
2390 1917 2998
1917 2390 2998
2998 1917 2390
2288 1019 1059
1019 1059 2288
1059 1019 2288
840 416 2187
416 840 2187
2187 416 840
1684 1025 1781
1781 1025 1684
1025 1684 1781
1233 2246 2857
2857 1233 2246
2246 1233 2857
1953 345 2745
345 1953 2745
2745 345 1953
734 599 2362
599 734 2362
2362 599 734
2636 764 1326
764 1326 2636
1326 764 2636
1737 1210 1889
1210 1737 1889
1889 1210 1737
1276 1800 2430
1800 1276 2430
2430 1276 1800
187 1714 2588
1714 187 2588
2588 187 1714
2548 663 1994
663 1994 2548
1994 663 2548
