2184 1665 2790
2790 1665 2184
1665 2184 2790
992 1121 2537
1121 992 2537
2537 992 1121
1528 153 621
153 621 1528
621 153 1528
1999 1303 2077
1303 1999 2077
2077 1303 1999
2193 449 2072
449 2072 2193
2072 449 2193
1919 2606 2919
2606 1919 2919
2919 1919 2606
110 2534 2552
2552 110 2534
2534 110 2552
949 335 2203
335 949 2203
2203 335 949
614 732 1456
1456 614 732
732 614 1456
2157 2654 2717
2717 2157 2654
2654 2157 2717
1577 39 1772
39 1577 1772
1772 39 1577
2824 1531 2435
2435 1531 2824
1531 2435 2824
2698 355 393
355 393 2698
393 355 2698
2295 599 2454
2454 599 2295
599 2295 2454
1889 373 646
646 373 1889
373 646 1889
1178 1052 1586
1052 1178 1586
1586 1052 1178
2288 935 2095
935 2095 2288
2095 935 2288
805 236 1619
236 805 1619
1619 236 805
514 694 2589
2589 514 694
694 514 2589
885 97 2595
97 885 2595
2595 97 885
2723 1292 2920
2920 1292 2723
1292 2723 2920
575 988 2110
2110 575 988
988 575 2110
2940 524 2808
524 2808 2940
2808 524 2940
294 292 1709
1709 292 294
292 294 1709
1238 643 2447
643 1238 2447
2447 643 1238
2493 1307 2652
2652 1307 2493
1307 2493 2652
2039 325 2479
2479 325 2039
325 2039 2479
1647 466 597
466 597 1647
597 466 1647
1964 2360 2817
2817 1964 2360
2360 1964 2817
129 1354 1746
1354 129 1746
1746 129 1354
574 2793 2915
2793 574 2915
2915 574 2793
2745 216 2275
2275 216 2745
216 2275 2745
450 2189 2564
2564 450 2189
2189 450 2564
1519 98 1613
1613 98 1519
98 1519 1613
2301 873 2637
873 2301 2637
2637 873 2301
1646 193 1668
193 1646 1668
1668 193 1646
1361 713 2251
2251 713 1361
713 1361 2251
446 2632 2895
2895 446 2632
2632 446 2895
96 1346 1816
1346 96 1816
1816 96 1346
2132 922 1975
1975 922 2132
922 1975 2132
1102 1554 2851
2851 1102 1554
1554 1102 2851
1367 371 659
371 659 1367
659 371 1367
1026 585 864
585 864 1026
864 585 1026
504 1267 1364
1364 504 1267
1267 504 1364
2416 264 1636
264 1636 2416
1636 264 2416
1990 64 813
64 813 1990
813 64 1990
2532 2462 2518
2462 2518 2532
2518 2462 2532
1830 321 2434
321 1830 2434
2434 321 1830
2177 1492 2865
2865 1492 2177
1492 2177 2865
2584 764 1787
764 1787 2584
1787 764 2584
232 495 1329
1329 232 495
495 232 1329
1598 1939 2492
1939 1598 2492
2492 1598 1939
1576 1241 2798
2798 1241 1576
1241 1576 2798
76 357 859
859 76 357
357 76 859
1725 1116 2488
1116 1725 2488
2488 1116 1725
260 683 2104
2104 260 683
683 260 2104
2548 665 1023
1023 665 2548
665 1023 2548
2816 1217 1887
1887 1217 2816
1217 1887 2816
10 1580 2241
1580 10 2241
2241 10 1580
291 246 2327
2327 246 291
246 291 2327
2440 345 2433
345 2433 2440
2433 345 2440
1517 2430 2455
2430 1517 2455
2455 1517 2430
2136 2457 2978
2978 2136 2457
2457 2136 2978
2003 925 2686
2686 925 2003
925 2003 2686
2495 293 2329
2329 293 2495
293 2329 2495
722 535 2090
535 722 2090
2090 535 722
2238 1462 1841
1841 1462 2238
1462 1841 2238
1312 630 1520
1520 630 1312
630 1312 1520
2272 1832 2531
1832 2272 2531
2531 1832 2272
202 975 2417
975 202 2417
2417 202 975
1331 183 916
916 183 1331
183 916 1331
2625 89 1388
89 1388 2625
1388 89 2625
481 456 2639
456 481 2639
2639 456 481
970 789 1998
1998 789 970
789 970 1998
490 27 1940
1940 27 490
27 490 1940
1834 150 2059
2059 150 1834
150 1834 2059
2829 13 586
586 13 2829
13 586 2829
2413 1426 1854
1854 1426 2413
1426 1854 2413
2801 2305 2990
2990 2305 2801
2305 2801 2990
1723 1335 1786
1335 1723 1786
1786 1335 1723
2274 571 1659
1659 571 2274
571 1659 2274
1425 11 340
11 340 1425
340 11 1425
1120 297 2529
297 1120 2529
2529 297 1120
1224 1930 2079
1930 1224 2079
2079 1224 1930
386 1444 2510
1444 386 2510
2510 386 1444
1523 29 1651
29 1523 1651
1651 29 1523
2268 1308 2716
1308 2268 2716
2716 1308 2268
173 1439 2439
2439 173 1439
1439 173 2439
1135 1819 2468
2468 1135 1819
1819 1135 2468
1779 1977 2789
1977 1779 2789
2789 1779 1977
476 417 1972
1972 417 476
417 476 1972
1480 1708 2676
1708 1480 2676
2676 1480 1708
1384 1144 1203
1203 1144 1384
1144 1203 1384
601 606 2322
2322 601 606
606 601 2322
2061 1683 2923
2923 1683 2061
1683 2061 2923
2585 1015 2980
1015 2585 2980
2980 1015 2585
1606 990 1254
1254 990 1606
990 1254 1606
1812 648 1336
648 1336 1812
1336 648 1812
863 1960 2337
2337 863 1960
1960 863 2337
845 1511 2235
2235 845 1511
1511 845 2235
55 1491 2634
1491 55 2634
2634 55 1491
416 15 1965
15 416 1965
1965 15 416
1733 295 1815
1815 295 1733
295 1733 1815
242 1701 2834
2834 242 1701
1701 242 2834
1039 485 1311
485 1039 1311
1311 485 1039
1451 1150 1453
1453 1150 1451
1150 1451 1453
2574 215 580
580 215 2574
215 580 2574
2029 2393 2594
2393 2029 2594
2594 2029 2393
1865 870 1908
1908 870 1865
870 1865 1908
814 465 1539
1539 465 814
465 814 1539
2307 267 914
914 267 2307
267 914 2307
1450 512 2122
512 1450 2122
2122 512 1450
59 385 1043
1043 59 385
385 59 1043
533 452 650
452 533 650
650 452 533
2749 319 1996
1996 319 2749
319 1996 2749
351 760 2012
2012 351 760
760 351 2012
2130 1583 2681
2681 1583 2130
1583 2130 2681
1485 1103 2839
1103 1485 2839
2839 1103 1485
1509 478 2063
2063 478 1509
478 1509 2063
527 408 567
567 408 527
408 527 567
327 1021 2394
2394 327 1021
1021 327 2394
2833 718 2670
718 2670 2833
2670 718 2833
1906 1044 1811
1044 1811 1906
1811 1044 1906
2202 1911 2748
2748 1911 2202
1911 2202 2748
898 1160 2993
1160 898 2993
2993 898 1160
1968 74 904
74 904 1968
904 74 1968
1589 2030 2678
2030 1589 2678
2678 1589 2030
2604 1672 2020
2020 1672 2604
1672 2020 2604
2701 1306 1394
1394 1306 2701
1306 1394 2701
1821 1765 2823
1765 1821 2823
2823 1765 1821
303 229 1182
1182 229 303
229 303 1182
537 1243 2820
2820 537 1243
1243 537 2820
296 1345 2444
1345 296 2444
2444 296 1345
2407 1900 2386
1900 2386 2407
2386 1900 2407
2643 2166 2465
2166 2465 2643
2465 2166 2643
1942 1880 2064
1880 1942 2064
2064 1880 1942
2298 1615 2213
1615 2213 2298
2213 1615 2298
2461 998 2469
998 2461 2469
2469 998 2461
451 302 2760
2760 302 451
302 451 2760
1242 273 2917
273 1242 2917
2917 273 1242
1172 358 1093
1093 358 1172
358 1093 1172
2350 431 2117
431 2117 2350
2117 431 2350
1010 911 2768
2768 911 1010
911 1010 2768
281 1261 1393
1393 281 1261
1261 281 1393
2158 1898 2541
1898 2158 2541
2541 1898 2158
2914 1804 2991
1804 2914 2991
2991 1804 2914
2853 314 1944
314 1944 2853
1944 314 2853
909 1644 2900
1644 909 2900
2900 909 1644
2019 991 1046
1046 991 2019
991 1046 2019
1671 579 1852
1852 579 1671
579 1671 1852
1148 161 2599
161 1148 2599
2599 161 1148
1899 531 875
875 531 1899
531 875 1899
1024 1140 1248
1140 1024 1248
1248 1024 1140
116 2310 2727
2727 116 2310
2310 116 2727
2102 410 2068
410 2068 2102
2068 410 2102
682 223 240
240 223 682
223 240 682
195 1472 2011
1472 195 2011
2011 195 1472
1443 166 1575
1575 166 1443
166 1443 1575
467 1138 1910
1910 467 1138
1138 467 1910
1068 366 668
366 668 1068
668 366 1068
625 77 1714
1714 77 625
77 625 1714
139 1005 1366
1366 139 1005
1005 139 1366
73 1082 1507
1082 73 1507
1507 73 1082
1758 657 1989
1989 657 1758
657 1758 1989
1293 708 919
919 708 1293
708 919 1293
1605 1090 2763
2763 1090 1605
1090 1605 2763
1913 1321 1798
1321 1798 1913
1798 1321 1913
1686 2657 2913
2657 1686 2913
2913 1686 2657
1449 2706 2844
2844 1449 2706
2706 1449 2844
1208 105 1094
1094 105 1208
105 1094 1208
2795 1782 2180
2180 1782 2795
1782 2180 2795
1622 1669 2933
1669 1622 2933
2933 1622 1669
1655 2869 2984
2984 1655 2869
2869 1655 2984
14 1974 2376
2376 14 1974
1974 14 2376
190 2436 2965
2436 190 2965
2965 190 2436
734 1562 1626
1626 734 1562
1562 734 1626
2198 453 2109
453 2109 2198
2109 453 2198
2382 2815 2866
2815 2382 2866
2866 2382 2815
1761 540 2960
540 1761 2960
2960 540 1761
1739 332 1246
1246 332 1739
332 1246 1739
1060 1200 2201
2201 1060 1200
1200 1060 2201
283 934 1947
934 283 1947
1947 283 934
610 1594 2750
2750 610 1594
1594 610 2750
1216 656 1147
656 1147 1216
1147 656 1216
534 1190 1957
1957 534 1190
1190 534 1957
30 1837 2165
1837 30 2165
2165 30 1837
536 915 2558
915 536 2558
2558 536 915
2684 673 1780
673 1780 2684
1780 673 2684
2332 2083 2873
2083 2332 2873
2873 2083 2332
1382 693 2270
693 1382 2270
2270 693 1382
337 557 2108
2108 337 557
557 337 2108
2449 831 2351
831 2351 2449
2351 831 2449
2323 638 1588
638 1588 2323
1588 638 2323
331 1820 2590
1820 331 2590
2590 331 1820
1833 1985 2559
1985 1833 2559
2559 1833 1985
298 33 2212
2212 33 298
33 298 2212
1192 666 1232
666 1192 1232
1232 666 1192
78 391 2770
391 78 2770
2770 78 391
1831 2675 2784
2784 1831 2675
2675 1831 2784
85 2524 2533
2533 85 2524
2524 85 2533
2361 1389 1557
1389 1557 2361
1557 1389 2361
207 2082 2986
2082 207 2986
2986 207 2082
265 1155 1592
1155 265 1592
1592 265 1155
169 930 2486
930 169 2486
2486 169 930
1941 613 2742
2742 613 1941
613 1941 2742
1330 1151 2041
1151 1330 2041
2041 1151 1330
130 1069 1442
1442 130 1069
1069 130 1442
968 2372 2391
2372 968 2391
2391 968 2372
1561 108 2217
108 1561 2217
2217 108 1561
1273 2138 2324
2138 1273 2324
2324 1273 2138
902 1281 2649
1281 902 2649
2649 902 1281
1666 906 2296
906 1666 2296
2296 906 1666
2414 581 1070
581 1070 2414
1070 581 2414
167 500 1153
500 167 1153
1153 167 500
312 542 995
542 312 995
995 312 542
375 733 2111
2111 375 733
733 375 2111
2952 927 2076
927 2076 2952
2076 927 2952
1691 235 955
955 235 1691
235 955 1691
2819 1104 2751
2751 1104 2819
1104 2751 2819
1174 1924 2207
2207 1174 1924
1924 1174 2207
1255 1332 2792
2792 1255 1332
1332 1255 2792
227 1550 2254
1550 227 2254
2254 227 1550
1460 65 520
65 520 1460
520 65 1460
793 1573 1627
1627 793 1573
1573 793 1627
121 180 2848
2848 121 180
180 121 2848
1618 1440 1902
1440 1618 1902
1902 1440 1618
2906 36 230
36 230 2906
230 36 2906
2536 24 728
728 24 2536
24 728 2536
1226 792 1693
792 1226 1693
1693 792 1226
1250 1685 2106
1685 1250 2106
2106 1250 1685
1918 6 162
6 162 1918
162 6 1918
411 810 1196
1196 411 810
810 411 1196
1028 436 695
436 695 1028
695 436 1028
1127 1476 2832
1476 1127 2832
2832 1127 1476
1048 165 821
821 165 1048
165 821 1048
2867 1742 2010
2010 1742 2867
1742 2010 2867
380 40 62
62 40 380
40 62 380
981 785 1110
785 981 1110
1110 785 981
1781 1530 2827
2827 1530 1781
1530 1781 2827
894 532 823
532 823 894
823 532 894
443 2402 2724
2724 443 2402
2402 443 2724
2128 1009 2216
1009 2128 2216
2216 1009 2128
1149 807 2852
807 1149 2852
2852 807 1149
1983 82 1035
82 1035 1983
1035 82 1983
2999 2183 2944
2944 2183 2999
2183 2944 2999
2134 170 1197
1197 170 2134
170 1197 2134
2273 1359 2362
1359 2273 2362
2362 1359 2273
2497 639 1869
1869 639 2497
639 1869 2497
1269 447 2754
2754 447 1269
447 1269 2754
777 132 1377
1377 132 777
132 777 1377
846 1100 1290
1100 846 1290
1290 846 1100
2223 617 1210
1210 617 2223
617 1210 2223
1220 705 2759
705 1220 2759
2759 705 1220
661 739 2021
2021 661 739
739 661 2021
2704 1365 1501
1501 1365 2704
1365 1501 2704
123 641 2688
2688 123 641
641 123 2688
1123 494 843
494 843 1123
843 494 1123
2896 2265 2478
2478 2265 2896
2265 2478 2896
2633 1432 2787
2787 1432 2633
1432 2633 2787
1109 1738 2560
2560 1109 1738
1738 1109 2560
636 528 1136
528 636 1136
1136 528 636
1638 404 1025
404 1025 1638
1025 404 1638
2583 611 2228
2228 611 2583
611 2228 2583
2458 1405 1502
1502 1405 2458
1405 1502 2458
188 937 2093
2093 188 937
937 188 2093
433 1955 2415
1955 433 2415
2415 433 1955
715 511 1207
1207 511 715
511 715 1207
959 719 2587
719 959 2587
2587 719 959
2618 1574 2535
2535 1574 2618
1574 2535 2618
57 1091 2294
2294 57 1091
1091 57 2294
2814 1536 2088
2088 1536 2814
1536 2088 2814
2163 1712 2344
2344 1712 2163
1712 2163 2344
1630 51 1323
1323 51 1630
51 1323 1630
1421 1579 2977
1579 1421 2977
2977 1421 1579
1667 362 622
622 362 1667
362 622 1667
1503 284 2970
2970 284 1503
284 1503 2970
1641 1376 2660
1376 1641 2660
2660 1376 1641
2512 1506 2841
1506 2512 2841
2841 1506 2512
2695 1299 2730
2730 1299 2695
1299 2695 2730
2453 280 691
691 280 2453
280 691 2453
88 1206 2571
2571 88 1206
1206 88 2571
2544 649 1728
1728 649 2544
649 1728 2544
2008 234 1689
1689 234 2008
234 1689 2008
1458 678 2009
2009 678 1458
678 1458 2009
1 2232 2278
2278 1 2232
2232 1 2278
2539 70 469
469 70 2539
70 469 2539
2777 763 2976
763 2777 2976
2976 763 2777
429 1518 2094
1518 429 2094
2094 429 1518
1272 787 1004
1004 787 1272
787 1004 1272
45 1614 2687
2687 45 1614
1614 45 2687
2260 901 2222
2222 901 2260
901 2222 2260
2994 550 1289
1289 550 2994
550 1289 2994
1694 2588 2619
2588 1694 2619
2619 1694 2588
2314 2206 2261
2206 2261 2314
2261 2206 2314
1474 554 1857
1857 554 1474
554 1474 1857
1632 160 2894
160 1632 2894
2894 160 1632
392 7 1971
7 392 1971
1971 7 392
178 1658 1822
1822 178 1658
1658 178 1822
406 474 2709
474 406 2709
2709 406 474
2603 138 1033
1033 138 2603
138 1033 2603
2126 1563 2555
1563 2126 2555
2555 1563 2126
2794 470 1057
470 1057 2794
1057 470 2794
2051 800 2419
800 2051 2419
2419 800 2051
686 1059 1436
1059 686 1436
1436 686 1059
2450 2 2916
2916 2 2450
2 2450 2916
1253 2408 2485
2408 1253 2485
2485 1253 2408
1548 1256 1374
1256 1374 1548
1374 1256 1548
932 957 2596
957 932 2596
2596 932 957
598 231 587
231 587 598
587 231 598
1087 1368 2924
1368 1087 2924
2924 1087 1368
1284 1036 2150
2150 1036 1284
1036 1284 2150
2882 1340 2875
1340 2875 2882
2875 1340 2882
1660 931 2185
931 1660 2185
2185 931 1660
802 1540 1884
1540 802 1884
1884 802 1540
2224 941 2910
2910 941 2224
941 2224 2910
2040 1156 2543
2543 1156 2040
1156 2040 2543
2396 1011 2412
2412 1011 2396
1011 2396 2412
1448 131 1722
131 1448 1722
1722 131 1448
847 830 2236
830 847 2236
2236 830 847
938 1001 2240
2240 938 1001
1001 938 2240
651 505 2711
505 651 2711
2711 505 651
2237 1231 2602
2602 1231 2237
1231 2237 2602
1555 1316 1747
1316 1555 1747
1747 1316 1555
144 1926 2855
2855 144 1926
1926 144 2855
788 499 2262
499 788 2262
2262 499 788
541 815 1283
815 541 1283
1283 541 815
980 1401 2464
1401 980 2464
2464 980 1401
333 711 2737
2737 333 711
711 333 2737
1601 2375 2694
2694 1601 2375
2375 1601 2694
1107 435 551
435 551 1107
551 435 1107
1791 1390 1603
1603 1390 1791
1390 1603 1791
2699 775 2600
2600 775 2699
775 2600 2699
1486 2540 2738
2540 1486 2738
2738 1486 2540
254 18 1034
18 254 1034
1034 18 254
2624 311 1386
311 1386 2624
1386 311 2624
127 79 398
398 79 127
79 127 398
418 1212 2962
1212 418 2962
2962 418 1212
1119 181 2876
2876 181 1119
181 1119 2876
2937 1515 1843
1515 1843 2937
1843 1515 2937
2567 1083 2256
1083 2256 2567
2256 1083 2567
2739 49 1958
1958 49 2739
49 1958 2739
755 549 2955
2955 549 755
549 755 2955
2645 1002 1278
1002 1278 2645
1278 1002 2645
1214 225 2349
2349 225 1214
225 1214 2349
1124 1317 1611
1611 1124 1317
1317 1124 1611
376 316 1853
316 376 1853
1853 316 376
1042 1590 2200
2200 1042 1590
1590 1042 2200
2774 860 2874
2874 860 2774
860 2774 2874
516 2601 2677
2677 516 2601
2601 516 2677
2863 1003 1643
1003 1643 2863
1643 1003 2863
2398 1296 2872
2872 1296 2398
1296 2398 2872
2860 111 1397
111 1397 2860
1397 111 2860
969 1925 2700
2700 969 1925
1925 969 2700
928 725 1490
1490 725 928
725 928 1490
1237 112 2890
112 1237 2890
2890 112 1237
2400 1459 1464
1464 1459 2400
1459 1464 2400
122 1783 2831
2831 122 1783
1783 122 2831
2812 600 2546
600 2546 2812
2546 600 2812
1041 360 2123
360 1041 2123
2123 360 1041
1813 754 2355
2355 754 1813
754 1813 2355
2909 1096 2293
1096 2293 2909
2293 1096 2909
47 721 2160
2160 47 721
721 47 2160
192 563 2622
2622 192 563
563 192 2622
1265 1111 1467
1111 1265 1467
1467 1111 1265
1879 1134 2043
2043 1134 1879
1134 1879 2043
323 12 326
326 12 323
12 323 326
1824 797 2168
2168 797 1824
797 1824 2168
1793 493 1609
1609 493 1793
493 1609 1793
825 1079 1936
1079 825 1936
1936 825 1079
2783 1007 2888
1007 2783 2888
2888 1007 2783
1794 1943 2086
1943 1794 2086
2086 1794 1943
502 423 1767
1767 423 502
423 502 1767
22 1163 1488
1488 22 1163
1163 22 1488
1417 372 468
372 468 1417
468 372 1417
546 114 415
415 114 546
114 415 546
2027 23 1729
23 1729 2027
1729 23 2027
1825 426 1279
1279 426 1825
426 1279 1825
519 1045 2755
2755 519 1045
1045 519 2755
2912 249 1173
1173 249 2912
249 1173 2912
1937 454 2825
454 1937 2825
2825 454 1937
2446 1400 2406
1400 2406 2446
2406 1400 2446
364 973 2511
2511 364 973
973 364 2511
2729 1907 2989
1907 2729 2989
2989 1907 2729
2902 26 769
769 26 2902
26 769 2902
2513 2171 2939
2939 2171 2513
2171 2513 2939
248 1300 1525
1300 248 1525
1525 248 1300
836 2022 2506
2506 836 2022
2022 836 2506
2892 942 2979
942 2892 2979
2979 942 2892
1510 737 1054
737 1054 1510
1054 737 1510
1194 741 1166
1166 741 1194
741 1166 1194
2371 414 750
414 750 2371
750 414 2371
862 752 2330
752 862 2330
2330 752 862
2659 261 338
261 338 2659
338 261 2659
1707 334 2556
2556 334 1707
334 1707 2556
2891 1726 2517
1726 2517 2891
2517 1726 2891
508 1067 1264
1067 508 1264
1264 508 1067
782 521 2813
521 782 2813
2813 521 782
2127 1858 2818
1858 2127 2818
2818 1858 2127
2226 1529 2579
1529 2226 2579
2579 1529 2226
1508 2580 2985
2580 1508 2985
2985 1508 2580
496 1348 2530
1348 496 2530
2530 496 1348
304 381 2211
2211 304 381
381 304 2211
118 52 256
52 118 256
256 52 118
796 1514 1556
1556 796 1514
1514 796 1556
2782 616 1620
1620 616 2782
616 1620 2782
2929 727 2284
2284 727 2929
727 2284 2929
569 1928 2046
2046 569 1928
1928 569 2046
2096 1287 1873
1873 1287 2096
1287 1873 2096
1201 75 142
142 75 1201
75 142 1201
1142 396 1795
1795 396 1142
396 1142 1795
2557 731 742
731 742 2557
742 731 2557
1995 753 880
880 753 1995
753 880 1995
1856 2231 2951
2951 1856 2231
2231 1856 2951
2549 803 1337
803 1337 2549
1337 803 2549
1481 2255 2379
2379 1481 2255
2255 1481 2379
2570 1249 2797
2797 1249 2570
1249 2570 2797
2945 309 746
746 309 2945
309 746 2945
1099 480 2707
2707 480 1099
480 1099 2707
2035 37 1416
1416 37 2035
37 1416 2035
1634 1355 2381
1355 1634 2381
2381 1355 1634
762 288 1945
288 762 1945
1945 288 762
2726 491 1076
1076 491 2726
491 1076 2726
168 1095 1842
1842 168 1095
1095 168 1842
674 515 818
818 515 674
515 674 818
182 1369 1675
1675 182 1369
1369 182 1675
2141 1064 2616
2616 1064 2141
1064 2141 2616
978 1175 1895
1895 978 1175
1175 978 1895
635 1718 1775
1718 635 1775
1775 635 1718
2037 458 1319
458 1319 2037
1319 458 2037
1225 83 1705
83 1225 1705
1705 83 1225
1875 749 1171
1171 749 1875
749 1171 1875
2708 1056 1753
1056 1753 2708
1753 1056 2708
2267 1963 2221
1963 2221 2267
2221 1963 2267
270 2385 2948
2385 270 2948
2948 270 2385
2954 1012 2070
1012 2070 2954
2070 1012 2954
952 369 2124
2124 369 952
369 952 2124
3000 820 2569
2569 820 3000
820 2569 3000
2302 244 811
244 811 2302
811 244 2302
174 983 2053
2053 174 983
983 174 2053
1766 2475 2996
2996 1766 2475
2475 1766 2996
409 2277 2438
2438 409 2277
2277 409 2438
2170 1260 2188
2188 1260 2170
1260 2170 2188
2672 1799 2607
2607 1799 2672
1799 2607 2672
2554 348 1349
348 1349 2554
1349 348 2554
1649 87 2715
87 1649 2715
2715 87 1649
745 212 1623
1623 212 745
212 745 1623
1072 285 1587
285 1072 1587
1587 285 1072
655 647 2253
2253 647 655
647 655 2253
407 2421 2732
2732 407 2421
2421 407 2732
363 2205 2662
2205 363 2662
2662 363 2205
2504 2752 2988
2988 2504 2752
2752 2504 2988
247 829 2936
2936 247 829
829 247 2936
2877 1262 2568
2568 1262 2877
1262 2568 2877
1333 8 1914
8 1333 1914
1914 8 1333
2721 562 2042
2042 562 2721
562 2042 2721
1437 155 2780
2780 155 1437
155 1437 2780
1113 1423 2280
2280 1113 1423
1423 1113 2280
1282 94 2620
2620 94 1282
94 1282 2620
2006 1849 2565
2565 1849 2006
1849 2006 2565
262 317 2735
2735 262 317
317 262 2735
2612 1188 1681
1681 1188 2612
1188 1681 2612
99 1084 1221
1084 99 1221
1221 99 1084
17 578 1752
1752 17 578
578 17 1752
2566 200 395
200 395 2566
395 200 2566
1950 300 2418
2418 300 1950
300 1950 2418
2259 1075 1105
1075 1105 2259
1105 1075 2259
278 388 506
388 278 506
506 278 388
1466 1931 2942
1931 1466 2942
2942 1466 1931
662 1764 1891
1891 662 1764
1764 662 1891
2705 920 2352
920 2352 2705
2352 920 2705
2276 149 1640
149 1640 2276
1640 149 2276
509 869 2078
869 509 2078
2078 509 869
1097 645 2279
645 1097 2279
2279 645 1097
2420 141 2252
141 2252 2420
2252 141 2420
710 61 2691
61 710 2691
2691 61 710
2148 833 2499
2499 833 2148
833 2148 2499
2049 53 400
53 400 2049
400 53 2049
2482 186 2084
186 2084 2482
2084 186 2482
738 151 179
179 151 738
151 179 738
1126 102 2703
102 1126 2703
2703 102 1126
1934 1223 1702
1223 1702 1934
1702 1223 1934
628 1860 2002
2002 628 1860
1860 628 2002
1700 772 890
772 890 1700
890 772 1700
204 667 2489
667 204 2489
2489 204 667
2341 1639 2364
1639 2341 2364
2364 1639 2341
2887 126 2733
126 2733 2887
2733 126 2887
1132 974 1513
1513 974 1132
974 1132 1513
2713 1118 1633
1118 1633 2713
1633 1118 2713
2650 1418 2581
1418 2581 2650
2581 1418 2650
1559 120 1482
1482 120 1559
120 1482 1559
987 115 2958
2958 115 987
115 987 2958
1495 2409 2778
2409 1495 2778
2778 1495 2409
1270 982 2304
982 1270 2304
2304 982 1270
2719 2452 2626
2626 2452 2719
2452 2626 2719
2215 530 816
816 530 2215
530 816 2215
2598 817 1245
1245 817 2598
817 1245 2598
879 951 2007
951 879 2007
2007 879 951
28 1218 2176
2176 28 1218
1218 28 2176
1760 48 2156
2156 48 1760
48 1760 2156
2791 1047 1534
1534 1047 2791
1047 1534 2791
2947 1327 2290
2290 1327 2947
1327 2290 2947
1870 510 2799
510 1870 2799
2799 510 1870
2230 759 2405
2405 759 2230
759 2230 2405
2197 1951 2060
1951 2060 2197
2060 1951 2197
2366 486 2164
2164 486 2366
486 2164 2366
714 2065 2365
2365 714 2065
2065 714 2365
2835 2611 2856
2856 2611 2835
2611 2835 2856
2113 761 1585
761 1585 2113
1585 761 2113
2577 63 2218
2218 63 2577
63 2218 2577
1732 442 780
780 442 1732
442 780 1732
1687 425 1477
1477 425 1687
425 1477 1687
866 1128 2975
2975 866 1128
1128 866 2975
2514 1291 1778
1291 1778 2514
1778 1291 2514
1617 2410 2728
2728 1617 2410
2410 1617 2728
681 1162 2982
1162 681 2982
2982 681 1162
2174 1912 2429
2429 1912 2174
1912 2174 2429
2710 2112 2692
2692 2112 2710
2112 2692 2710
1878 781 1721
781 1721 1878
1721 781 1878
1115 228 699
699 228 1115
228 699 1115
1452 1157 2373
1157 1452 2373
2373 1157 1452
1844 1567 1863
1863 1567 1844
1567 1844 1863
2071 903 1146
903 1146 2071
1146 903 2071
979 1167 2370
2370 979 1167
1167 979 2370
688 427 704
427 688 704
704 427 688
343 2192 2358
2192 343 2358
2358 343 2192
1929 1717 1894
1717 1894 1929
1894 1717 1929
838 255 835
255 835 838
835 255 838
1784 2342 2476
2476 1784 2342
2342 1784 2476
1859 1431 1455
1431 1455 1859
1455 1431 1859
912 857 1236
857 912 1236
1236 857 912
1600 324 2289
2289 324 1600
324 1600 2289
633 1569 2467
1569 633 2467
2467 633 1569
2087 629 1066
629 1066 2087
1066 629 2087
1549 971 1921
1921 971 1549
971 1549 1921
2036 806 1916
1916 806 2036
806 1916 2036
1823 1493 2653
2653 1493 1823
1493 1823 2653
2519 25 349
25 349 2519
349 25 2519
1051 2001 2313
2001 1051 2313
2313 1051 2001
2822 1276 1814
1276 1814 2822
1814 1276 2822
2525 609 1387
609 1387 2525
1387 609 2525
790 1886 2680
2680 790 1886
1886 790 2680
2740 703 1457
703 1457 2740
1457 703 2740
2066 2374 2802
2802 2066 2374
2374 2066 2802
882 2233 2339
2339 882 2233
2233 882 2339
603 584 1581
1581 584 603
584 603 1581
618 1419 1621
1621 618 1419
1419 618 1621
1872 405 2561
405 1872 2561
2561 405 1872
1074 994 2133
2133 994 1074
994 1074 2133
566 1117 2987
1117 566 2987
2987 566 1117
2075 437 2507
2507 437 2075
437 2075 2507
867 263 1684
1684 263 867
263 867 1684
2014 2431 2935
2935 2014 2431
2431 2014 2935
374 80 1204
80 374 1204
1204 80 374
2390 1187 2857
2857 1187 2390
1187 2390 2857
1682 42 2050
42 1682 2050
2050 42 1682
1670 459 2744
2744 459 1670
459 1670 2744
259 1152 2903
2903 259 1152
1152 259 2903
2931 507 644
507 644 2931
644 507 2931
623 712 1446
712 623 1446
1446 623 712
658 642 700
642 658 700
700 642 658
2934 1850 2697
1850 2697 2934
2697 1850 2934
1080 1662 1679
1679 1080 1662
1662 1080 1679
874 801 2335
2335 801 874
801 874 2335
1715 382 434
434 382 1715
382 434 1715
958 1108 2173
2173 958 1108
1108 958 2173
2264 134 1654
1654 134 2264
134 1654 2264
336 152 365
365 152 336
152 336 365
1088 1867 2129
1867 1088 2129
2129 1088 1867
2062 175 1106
175 1106 2062
1106 175 2062
1730 1699 2005
2005 1699 1730
1699 1730 2005
2118 1239 1883
1883 1239 2118
1239 1883 2118
2219 559 778
559 778 2219
778 559 2219
1749 1358 2057
2057 1358 1749
1358 1749 2057
877 1967 2179
2179 877 1967
1967 877 2179
2033 209 2628
2628 209 2033
209 2033 2628
1695 378 1642
378 1642 1695
1642 378 1695
1922 1125 2983
2983 1125 1922
1125 1922 2983
841 2380 2586
2586 841 2380
2380 841 2586
2553 2047 2448
2448 2047 2553
2047 2448 2553
2315 1427 1713
1713 1427 2315
1427 1713 2315
68 2152 2204
2152 68 2204
2204 68 2152
2182 1412 2629
1412 2182 2629
2629 1412 2182
2172 627 1892
627 1892 2172
1892 627 2172
2119 1247 1280
1247 1280 2119
1280 1247 2119
2025 1252 2636
2636 1252 2025
1252 2025 2636
2498 1391 2031
1391 2031 2498
2031 1391 2498
1305 1769 2523
2523 1305 1769
1769 1305 2523
2667 1748 1809
1809 1748 2667
1748 1809 2667
735 558 1205
558 735 1205
1205 558 735
368 1710 1807
1710 368 1807
1807 368 1710
432 143 1228
143 432 1228
1228 143 432
2169 245 1885
1885 245 2169
245 1885 2169
2889 1430 1862
1430 1862 2889
1862 1430 2889
1677 1320 2521
1320 1677 2521
2521 1320 1677
1740 561 917
917 561 1740
561 917 1740
2210 356 2196
356 2196 2210
2196 356 2210
320 548 2671
2671 320 548
548 320 2671
1373 2761 2946
2761 1373 2946
2946 1373 2761
1179 834 1191
1191 834 1179
834 1179 1191
224 422 2850
2850 224 422
422 224 2850
2242 1112 2949
2949 1112 2242
1112 2242 2949
1547 95 1988
95 1547 1988
1988 95 1547
2432 706 2807
2807 706 2432
706 2432 2807
1703 565 2593
565 1703 2593
2593 565 1703
91 985 2103
985 91 2103
2103 91 985
1896 529 889
529 889 1896
889 529 1896
250 564 1362
564 250 1362
1362 250 564
518 2661 2854
2854 518 2661
2661 518 2854
2178 940 2282
940 2178 2282
2282 940 2178
1731 4 2115
2115 4 1731
4 1731 2115
133 1295 1962
1962 133 1295
1295 133 1962
1757 2004 2368
2004 1757 2368
2368 1757 2004
2377 54 2702
2702 54 2377
54 2377 2702
1081 849 1396
1396 849 1081
849 1081 1396
1420 359 1065
359 1065 1420
1065 359 1420
2714 2395 2576
2395 2576 2714
2576 2395 2714
2101 976 1652
976 1652 2101
1652 976 2101
2336 595 1129
595 1129 2336
1129 595 2336
1131 419 798
798 419 1131
419 798 1131
872 43 2538
43 872 2538
2538 43 872
137 1230 1343
1230 137 1343
1343 137 1230
878 271 826
271 826 878
826 271 878
2389 1483 2953
1483 2389 2953
2953 1483 2389
2099 472 2575
472 2099 2575
2575 472 2099
164 457 2642
2642 164 457
457 164 2642
31 2000 2490
2000 31 2490
2490 31 2000
1371 964 984
964 984 1371
984 964 1371
619 583 1473
1473 583 619
583 619 1473
526 269 685
685 269 526
269 526 685
2614 923 2562
2562 923 2614
923 2562 2614
679 370 2331
2331 370 679
370 679 2331
2883 461 2092
2092 461 2883
461 2092 2883
560 1674 2846
1674 560 2846
2846 560 1674
276 488 1143
488 276 1143
1143 276 488
1877 707 2591
707 1877 2591
2591 707 1877
977 883 1933
883 977 1933
1933 883 977
2091 1788 2922
1788 2091 2922
2922 1788 2091
2971 412 1053
412 1053 2971
1053 412 2971
939 2316 2367
2316 939 2367
2367 939 2316
1195 350 954
350 954 1195
954 350 1195
218 1379 1429
1379 218 1429
1429 218 1379
157 421 2318
421 157 2318
2318 157 421
1258 66 2271
66 1258 2271
2271 66 1258
962 1029 2312
2312 962 1029
1029 962 2312
1271 189 989
189 989 1271
989 189 1271
1768 2032 2631
2631 1768 2032
2032 1768 2631
1980 287 1410
287 1410 1980
1410 287 1980
886 602 2384
2384 602 886
602 886 2384
1724 2354 2771
2354 1724 2771
2771 1724 2354
308 1274 2572
2572 308 1274
1274 308 2572
2491 361 1848
361 1848 2491
1848 361 2491
35 1597 2347
1597 35 2347
2347 35 1597
809 2146 2153
2153 809 2146
2146 809 2153
2120 60 2656
60 2120 2656
2656 60 2120
1180 1101 2348
1101 1180 2348
2348 1101 1180
1803 1650 2646
1650 1803 2646
2646 1650 1803
1031 253 918
253 918 1031
918 253 1031
2154 176 1130
176 1130 2154
1130 176 2154
2246 1381 2666
1381 2246 2666
2666 1381 2246
676 1177 2100
2100 676 1177
1177 676 2100
1154 868 2615
868 1154 2615
2615 868 1154
1304 145 1631
145 1304 1631
1631 145 1304
1395 1338 1604
1338 1395 1604
1604 1338 1395
113 591 766
766 113 591
591 113 766
1498 107 895
107 895 1498
895 107 1498
1551 299 1017
1017 299 1551
299 1017 1551
2767 1399 1566
1399 1566 2767
1566 1399 2767
2938 444 2484
444 2484 2938
2484 444 2938
1522 1855 2248
1855 1522 2248
2248 1522 1855
944 716 1334
716 944 1334
1334 716 944
2786 1385 2443
2443 1385 2786
1385 2443 2786
1616 596 1897
596 1616 1897
1897 596 1616
171 1356 2125
1356 171 2125
2125 171 1356
1360 233 1656
233 1360 1656
1656 233 1360
2762 1544 1751
1751 1544 2762
1544 1751 2762
1610 615 2648
2648 615 1610
615 1610 2648
2023 1527 2474
2474 1527 2023
1527 2023 2474
482 684 1846
684 482 1846
1846 482 684
1754 620 687
687 620 1754
620 687 1754
1532 771 786
786 771 1532
771 786 1532
124 1698 2886
1698 124 2886
2886 124 1698
2849 206 1949
206 1949 2849
1949 206 2849
101 921 2320
2320 101 921
921 101 2320
2623 2674 2908
2908 2623 2674
2674 2623 2908
2722 1463 2056
2056 1463 2722
1463 2056 2722
1478 1286 1961
1286 1478 1961
1961 1286 1478
568 553 1469
1469 553 568
553 568 1469
522 2131 2743
2743 522 2131
2131 522 2743
876 590 1876
590 876 1876
1876 590 876
861 854 2190
854 861 2190
2190 854 861
2269 1202 1735
1202 1735 2269
1735 1202 2269
604 2785 2804
2785 604 2804
2804 604 2785
289 1612 1774
1612 289 1774
1774 289 1612
2503 1139 1553
1553 1139 2503
1139 1553 2503
2340 1596 2613
2613 1596 2340
1596 2340 2613
2911 484 758
758 484 2911
484 758 2911
487 103 652
103 487 652
652 103 487
608 1582 1904
1904 608 1582
1582 608 1904
489 967 1533
967 489 1533
1533 489 967
1920 851 899
899 851 1920
851 899 1920
723 1743 1792
1743 723 1792
1792 723 1743
844 1058 2658
2658 844 1058
1058 844 2658
680 963 1645
963 680 1645
1645 680 963
394 503 2346
2346 394 503
503 394 2346
1211 663 1414
663 1211 1414
1414 663 1211
547 1310 2974
2974 547 1310
1310 547 2974
2764 1229 2964
1229 2764 2964
2964 1229 2764
946 402 538
402 538 946
538 402 946
1189 1797 2775
2775 1189 1797
1797 1189 2775
2731 1413 1468
1468 1413 2731
1413 1468 2731
1657 184 1847
184 1657 1847
1847 184 1657
1240 924 1259
1259 924 1240
924 1240 1259
213 198 757
757 198 213
198 213 757
1987 403 660
660 403 1987
403 660 1987
2378 1591 1790
1790 1591 2378
1591 1790 2378
2845 784 1727
1727 784 2845
784 1727 2845
313 576 1406
576 313 1406
1406 313 576
1159 1546 2547
2547 1159 1546
1546 1159 2547
2191 71 1016
71 1016 2191
1016 71 2191
1137 1325 1840
1840 1137 1325
1325 1137 1840
993 675 2647
675 993 2647
2647 675 993
2956 109 2404
109 2404 2956
2404 109 2956
1835 1805 2690
2690 1805 1835
1805 1835 2690
1297 744 997
744 997 1297
997 744 1297
16 908 2573
908 16 2573
2573 16 908
701 1170 1499
1499 701 1170
1170 701 1499
588 1020 2309
2309 588 1020
1020 588 2309
1185 1008 1403
1403 1008 1185
1008 1185 1403
441 1524 2501
1524 441 2501
2501 441 1524
460 258 483
258 460 483
483 258 460
330 929 2445
2445 330 929
929 330 2445
329 1266 2821
1266 329 2821
2821 329 1266
2359 748 2245
748 2245 2359
2245 748 2359
1301 1516 1673
1516 1301 1673
1673 1301 1516
2734 2085 2930
2085 2734 2930
2930 2085 2734
455 552 986
552 455 986
986 455 552
2898 401 573
573 401 2898
401 573 2898
58 720 1903
720 58 1903
1903 58 720
2941 887 2858
887 2858 2941
2858 887 2941
2641 1073 1568
1073 1568 2641
1568 1073 2641
2442 1037 2644
2644 1037 2442
1037 2442 2644
2800 2328 2878
2878 2328 2800
2328 2800 2878
353 776 1484
776 353 1484
1484 353 776
390 1351 2765
1351 390 2765
2765 390 1351
740 1542 2496
2496 740 1542
1542 740 2496
751 1504 2044
1504 751 2044
2044 751 1504
1628 1982 2208
2208 1628 1982
1982 1628 2208
2664 774 1836
1836 774 2664
774 1836 2664
1826 605 726
605 726 1826
726 605 1826
1318 822 1648
822 1318 1648
1648 822 1318
2693 653 2397
653 2397 2693
2397 653 2693
1704 848 1475
1475 848 1704
848 1475 1704
106 677 1181
677 106 1181
1181 106 677
2308 824 1750
824 1750 2308
1750 824 2308
342 897 2758
897 342 2758
2758 342 897
1711 226 812
226 812 1711
812 226 1711
1014 1350 1993
1993 1014 1350
1350 1014 1993
2605 768 1392
768 1392 2605
1392 768 2605
1978 839 2338
839 1978 2338
2338 839 1978
346 1050 1209
1209 346 1050
1050 346 1209
2306 2746 2811
2811 2306 2746
2746 2306 2811
185 1040 2769
1040 185 2769
2769 185 1040
1145 344 2959
344 1145 2959
2959 344 1145
893 1378 2655
2655 893 1378
1378 893 2655
2840 828 1198
1198 828 2840
828 1198 2840
1676 1560 1959
1560 1676 1959
1959 1560 1676
2545 1434 1866
1434 1866 2545
1866 1434 2545
1086 1952 2463
1952 1086 2463
2463 1086 1952
2494 81 2321
81 2321 2494
2321 81 2494
884 637 2500
2500 637 884
637 884 2500
2470 148 2220
148 2220 2470
2220 148 2470
640 2266 2995
2266 640 2995
2995 640 2266
1763 172 464
464 172 1763
172 464 1763
1817 41 1402
41 1402 1817
1402 41 1817
1244 2249 2772
2772 1244 2249
2249 1244 2772
310 607 2943
607 310 2943
2943 310 607
266 747 1063
1063 266 747
747 266 1063
2472 692 1055
1055 692 2472
692 1055 2472
1234 119 1370
119 1234 1370
1370 119 1234
2921 1078 2720
2720 1078 2921
1078 2720 2921
808 724 1917
1917 724 808
724 808 1917
2425 147 1741
147 1741 2425
1741 147 2425
2195 1022 2441
2441 1022 2195
1022 2195 2441
2502 93 367
93 367 2502
367 93 2502
1720 1184 2520
2520 1184 1720
1184 1720 2520
1496 146 1637
1637 146 1496
146 1496 1637
384 2356 2473
2356 384 2473
2473 384 2356
2826 2638 2747
2638 2747 2826
2747 2638 2826
177 1213 2901
2901 177 1213
1213 177 2901
305 1935 2399
1935 305 2399
2399 305 1935
2257 56 1383
56 1383 2257
1383 56 2257
858 1915 2608
2608 858 1915
1915 858 2608
2055 2426 2725
2426 2055 2725
2725 2055 2426
2451 38 2140
2140 38 2451
38 2140 2451
1901 842 2239
2239 842 1901
842 1901 2239
1541 1512 2199
2199 1512 1541
1512 1541 2199
1595 2806 2864
2864 1595 2806
2806 1595 2864
86 1828 2016
2016 86 1828
1828 86 2016
2460 1288 2357
2357 1288 2460
1288 2357 2460
654 2073 2696
2073 654 2696
2696 654 2073
2679 1572 1744
1744 1572 2679
1572 1744 2679
1263 2013 2842
2013 1263 2842
2842 1263 2013
2481 243 2871
2871 243 2481
243 2481 2871
2311 1969 2957
2957 1969 2311
1969 2311 2957
1635 1165 2167
1165 1635 2167
2167 1165 1635
2932 1168 1625
1168 1625 2932
1625 1168 2932
194 214 501
501 194 214
214 194 501
2411 545 1314
545 1314 2411
1314 545 2411
2334 1570 2992
1570 2334 2992
2992 1570 2334
125 448 2459
448 125 2459
2459 125 448
1776 196 2885
196 1776 2885
2885 196 1776
1169 203 1019
203 1019 1169
1019 203 1169
2683 1471 1759
1471 1759 2683
1759 1471 2683
2997 2422 2712
2422 2712 2997
2712 2422 2997
2880 1653 2663
2663 1653 2880
1653 2663 2880
1697 389 2627
2627 389 1697
389 1697 2627
1133 241 1433
1433 241 1133
241 1133 1433
1905 208 717
717 208 1905
208 717 1905
50 463 2918
2918 50 463
463 50 2918
84 853 2401
853 84 2401
2401 84 853
2550 275 2973
275 2550 2973
2973 275 2550
1328 1176 1565
1565 1176 1328
1176 1328 1565
2291 2186 2928
2928 2186 2291
2186 2291 2928
1538 1164 2107
2107 1164 1538
1164 1538 2107
2669 736 2879
736 2669 2879
2879 736 2669
2383 956 2907
2907 956 2383
956 2383 2907
756 154 1537
1537 154 756
154 756 1537
881 1454 2175
2175 881 1454
1454 881 2175
339 315 1861
1861 315 339
315 339 1861
221 268 1275
268 221 1275
1275 221 268
926 1324 1428
1324 926 1428
1428 926 1324
44 2225 2972
2225 44 2972
2972 44 2225
2181 525 1864
1864 525 2181
525 1864 2181
892 950 1445
950 892 1445
1445 892 950
2234 201 1479
1479 201 2234
201 1479 2234
517 274 2487
2487 274 517
274 517 2487
2870 570 2753
570 2753 2870
2753 570 2870
322 2297 2617
2617 322 2297
2297 322 2617
1347 104 1734
1734 104 1347
104 1347 1734
1881 438 556
438 556 1881
556 438 1881
1407 440 2343
440 1407 2343
2343 440 1407
1954 871 972
972 871 1954
871 972 1954
1344 669 1092
1092 669 1344
669 1092 1344
1294 306 2736
2736 306 1294
306 1294 2736
2159 794 2668
2668 794 2159
794 2159 2668
352 1114 1927
1114 352 1927
1927 352 1114
354 239 1716
1716 239 354
239 354 1716
1085 257 1441
1441 257 1085
257 1085 1441
462 1422 2515
2515 462 1422
1422 462 2515
2333 572 2968
2968 572 2333
572 2333 2968
1755 1030 2527
2527 1030 1755
1030 1755 2527
1411 498 1629
498 1411 1629
1629 498 1411
2897 1222 2582
2582 1222 2897
1222 2582 2897
1049 1692 2843
2843 1049 1692
1692 1049 2843
100 318 2926
318 100 2926
2926 100 318
795 770 2809
2809 770 795
770 795 2809
626 1375 2609
2609 626 1375
1375 626 2609
2244 439 1487
439 1487 2244
1487 439 2244
1006 301 377
377 301 1006
301 377 1006
933 90 1161
90 933 1161
1161 90 933
1785 1013 2015
2015 1013 1785
1013 1785 2015
1890 948 1027
1027 948 1890
948 1027 1890
2508 46 1979
46 1979 2508
1979 46 2508
2187 383 1800
1800 383 2187
383 1800 2187
1893 1424 1829
1829 1424 1893
1424 1829 1893
1089 1193 1543
1543 1089 1193
1193 1089 1543
1342 1584 1992
1992 1342 1584
1584 1342 1992
2114 217 1199
217 1199 2114
1199 217 2114
2528 197 1183
197 1183 2528
1183 197 2528
477 1489 2162
2162 477 1489
1489 477 2162
1372 696 1868
1868 696 1372
696 1372 1868
1690 2161 2966
2161 1690 2966
2966 1690 2161
1802 1277 2369
1277 1802 2369
2369 1277 1802
2718 136 2194
2194 136 2718
136 2194 2718
2263 282 1938
282 1938 2263
1938 282 2263
2651 2135 2388
2135 2388 2651
2388 2135 2651
947 1032 1186
1032 947 1186
1186 947 1032
2927 799 2017
2017 799 2927
799 2017 2927
1801 1678 2054
2054 1678 1801
1678 1801 2054
1845 1313 2209
2209 1313 1845
1313 1845 2209
2299 634 2363
634 2299 2363
2363 634 2299
2229 2139 2526
2139 2229 2526
2526 2139 2229
1352 19 1970
1970 19 1352
19 1352 1970
1624 953 1593
953 1593 1624
1593 953 1624
2788 1552 1909
1909 1552 2788
1552 1909 2788
9 2477 2766
2477 9 2766
2766 9 2477
2149 279 387
279 387 2149
387 279 2149
1571 117 237
237 117 1571
117 237 1571
251 2067 2610
2067 251 2610
2610 251 2067
2796 210 1077
1077 210 2796
210 1077 2796
840 2243 2741
2741 840 2243
2243 840 2741
671 2155 2403
2155 671 2403
2403 671 2155
1357 2781 2810
2810 1357 2781
2781 1357 2810
1298 582 996
582 996 1298
996 582 1298
2143 1341 2287
2287 1341 2143
1341 2143 2287
135 1141 2665
1141 135 2665
2665 135 1141
2283 473 2137
473 2137 2283
2137 473 2283
2925 2258 2803
2803 2258 2925
2258 2803 2925
341 1447 2024
1447 341 2024
2024 341 1447
2773 850 1888
850 1888 2773
1888 850 2773
32 1521 1997
1521 32 1997
1997 32 1521
424 1839 2038
1839 424 2038
2038 424 1839
2105 307 1363
1363 307 2105
307 1363 2105
631 238 2144
2144 238 631
238 631 2144
2292 1973 2563
2563 1973 2292
1973 2292 2563
2551 1984 2428
1984 2428 2551
2428 1984 2551
1706 1158 2969
1158 1706 2969
2969 1158 1706
1409 577 1339
577 1339 1409
1339 577 1409
2098 159 856
856 159 2098
159 856 2098
1071 1000 2621
1000 1071 2621
2621 1000 1071
2387 1526 2756
2756 1526 2387
1526 2387 2756
2026 220 896
896 220 2026
220 896 2026
945 612 1770
612 945 1770
1770 612 945
2142 888 2597
888 2142 2597
2597 888 2142
1946 2151 2516
2151 1946 2516
2516 1946 2151
2471 2424 2466
2424 2466 2471
2466 2424 2471
698 697 1771
697 698 1771
1771 697 698
791 205 2837
205 791 2837
2837 205 791
2682 1664 2034
1664 2034 2682
2034 1664 2682
1578 827 1808
827 1578 1808
1808 827 1578
2345 379 1535
379 1535 2345
1535 379 2345
2325 420 1285
1285 420 2325
420 1285 2325
1663 92 672
92 672 1663
672 92 1663
2578 544 2303
2303 544 2578
544 2303 2578
1415 1745 2779
2779 1415 1745
1745 1415 2779
2963 479 2456
479 2456 2963
2456 479 2963
2505 128 1404
128 1404 2505
1404 128 2505
783 765 1661
1661 765 783
765 783 1661
702 2673 2904
2673 702 2904
2904 702 2673
428 2081 2884
2884 428 2081
2081 428 2884
2483 539 1789
1789 539 2483
539 1789 2483
2121 290 1719
290 1719 2121
1719 290 2121
69 891 2097
2097 69 891
891 69 2097
632 199 1762
199 632 1762
1762 199 632
2961 413 2640
2640 413 2961
413 2640 2961
1986 907 1309
907 1309 1986
1309 907 1986
430 1470 1777
1777 430 1470
1470 430 1777
1953 21 34
34 21 1953
21 34 1953
2247 219 1465
219 1465 2247
1465 219 2247
2300 2089 2967
2967 2089 2300
2089 2300 2967
1505 2281 2847
2847 1505 2281
2281 1505 2847
471 1061 1806
1061 471 1806
1806 471 1061
670 966 1736
1736 670 966
966 670 1736
960 1038 2427
1038 960 2427
2427 960 1038
445 163 2950
163 445 2950
2950 163 445
910 689 1564
689 910 1564
1564 689 910
709 555 2630
2630 555 709
555 709 2630
347 767 1215
1215 347 767
767 347 1215
1602 140 2353
2353 140 1602
140 1602 2353
222 1494 2319
1494 222 2319
2319 222 1494
67 1500 2862
2862 67 1500
1500 67 2862
1607 2028 2776
2028 1607 2776
2776 1607 2028
1268 1558 2074
2074 1268 1558
1558 1268 2074
1956 2286 2317
2286 1956 2317
2317 1956 2286
1018 1219 1932
1932 1018 1219
1219 1018 1932
1818 905 1438
1438 905 1818
905 1438 1818
1810 743 819
743 819 1810
819 743 1810
999 523 2058
2058 523 999
523 999 2058
158 1062 2048
2048 158 1062
1062 158 2048
1796 3 594
