13143 11769 29345
29345 11769 13143
11769 13143 29345
12205 3995 6278
3995 6278 12205
6278 3995 12205
5361 17062 20634
20634 5361 17062
17062 5361 20634
21914 5666 7690
5666 7690 21914
7690 5666 21914
25478 7360 20010
7360 20010 25478
20010 7360 25478
14712 7512 9417
9417 7512 14712
7512 9417 14712
4478 6115 9604
9604 4478 6115
6115 4478 9604
22437 4854 5101
5101 4854 22437
4854 5101 22437
11408 13886 14623
13886 11408 14623
14623 11408 13886
8103 8424 13899
8424 8103 13899
13899 8103 8424
16235 8620 19550
19550 8620 16235
8620 16235 19550
10630 20444 23886
23886 10630 20444
20444 10630 23886
25482 17797 19139
17797 19139 25482
19139 17797 25482
23172 1985 27031
1985 23172 27031
27031 1985 23172
18829 24564 24648
24564 18829 24648
24648 18829 24564
245 14115 25948
14115 245 25948
25948 245 14115
25565 3154 9368
9368 3154 25565
3154 9368 25565
18200 14257 14515
14515 14257 18200
14257 14515 18200
29141 1584 5276
5276 1584 29141
1584 5276 29141
29714 11839 14343
11839 14343 29714
14343 11839 29714
23684 4360 10989
10989 4360 23684
4360 10989 23684
26850 3568 7658
3568 7658 26850
7658 3568 26850
26100 6354 19506
19506 6354 26100
6354 19506 26100
11761 1060 2358
2358 1060 11761
1060 2358 11761
18289 8248 14061
14061 8248 18289
8248 14061 18289
29065 1897 17004
1897 17004 29065
17004 1897 29065
3992 22802 28108
22802 3992 28108
28108 3992 22802
9913 22616 27434
27434 9913 22616
22616 9913 27434
11709 4829 20711
4829 11709 20711
20711 4829 11709
18151 1386 6388
6388 1386 18151
1386 6388 18151
6516 11443 13977
13977 6516 11443
11443 6516 13977
7202 26147 27688
27688 7202 26147
26147 7202 27688
15150 7760 9727
7760 9727 15150
9727 7760 15150
29492 13674 25943
25943 13674 29492
13674 25943 29492
22135 7239 21196
7239 21196 22135
21196 7239 22135
26394 494 17446
17446 494 26394
494 17446 26394
22977 468 20284
468 20284 22977
20284 468 22977
19375 6860 21596
21596 6860 19375
6860 19375 21596
23545 9416 28337
9416 23545 28337
28337 9416 23545
6213 20287 28537
28537 6213 20287
20287 6213 28537
9490 837 14986
837 9490 14986
14986 837 9490
12037 7849 21667
21667 7849 12037
7849 12037 21667
24022 4037 7541
4037 7541 24022
7541 4037 24022
21144 2123 16810
2123 16810 21144
16810 2123 21144
13752 22729 27606
27606 13752 22729
22729 13752 27606
14739 4432 4440
4432 4440 14739
4440 4432 14739
18753 19814 23296
23296 18753 19814
19814 18753 23296
21258 29044 29370
29370 21258 29044
29044 21258 29370
13691 26094 26700
26700 13691 26094
26094 13691 26700
21120 17353 26825
26825 17353 21120
17353 21120 26825
1579 1617 6543
6543 1579 1617
1617 1579 6543
13381 26466 29743
29743 13381 26466
26466 13381 29743
9293 3572 15744
3572 9293 15744
15744 3572 9293
28499 12490 24026
12490 24026 28499
24026 12490 28499
4350 2225 18190
2225 4350 18190
18190 2225 4350
15804 9312 23143
23143 9312 15804
9312 15804 23143
24616 389 7199
7199 389 24616
389 7199 24616
17015 167 12348
12348 167 17015
167 12348 17015
15182 26163 27908
26163 15182 27908
27908 15182 26163
472 26964 29756
29756 472 26964
26964 472 29756
25788 5406 14400
5406 14400 25788
14400 5406 25788
10222 10757 24111
10757 10222 24111
24111 10222 10757
29513 14794 19846
14794 19846 29513
19846 14794 29513
28188 16911 24331
16911 24331 28188
24331 16911 28188
13014 1839 7549
7549 1839 13014
1839 7549 13014
12932 17482 18532
18532 12932 17482
17482 12932 18532
7448 16840 21824
21824 7448 16840
16840 7448 21824
23994 12258 19388
19388 12258 23994
12258 19388 23994
23649 5234 20981
5234 20981 23649
20981 5234 23649
24907 15510 29472
15510 24907 29472
29472 15510 24907
2303 3927 14428
14428 2303 3927
3927 2303 14428
537 3950 9722
9722 537 3950
3950 537 9722
15389 13224 27721
27721 13224 15389
13224 15389 27721
4156 17363 20040
20040 4156 17363
17363 4156 20040
10799 12097 29663
29663 10799 12097
12097 10799 29663
690 1078 29027
29027 690 1078
1078 690 29027
22672 5524 24638
24638 5524 22672
5524 22672 24638
5250 3364 24778
3364 5250 24778
24778 3364 5250
20016 21053 25835
21053 20016 25835
25835 20016 21053
24922 4934 24706
4934 24706 24922
24706 4934 24922
923 14940 19316
19316 923 14940
14940 923 19316
1311 3945 19045
3945 1311 19045
19045 1311 3945
24405 11514 25749
25749 11514 24405
11514 24405 25749
22957 11613 28361
28361 11613 22957
11613 22957 28361
23161 2255 16955
16955 2255 23161
2255 16955 23161
23177 8381 11072
11072 8381 23177
8381 11072 23177
20952 8912 18488
8912 18488 20952
18488 8912 20952
4656 26141 27044
26141 4656 27044
27044 4656 26141
15990 10168 15569
10168 15569 15990
15569 10168 15990
15590 4023 22935
22935 4023 15590
4023 15590 22935
21837 7652 21028
7652 21028 21837
21028 7652 21837
29573 22162 26252
26252 22162 29573
22162 26252 29573
15980 1618 29308
1618 15980 29308
29308 1618 15980
11987 6928 20650
20650 6928 11987
6928 11987 20650
18641 7066 23687
23687 7066 18641
7066 18641 23687
20061 340 15461
15461 340 20061
340 15461 20061
11178 20659 25009
25009 11178 20659
20659 11178 25009
12909 19478 25701
19478 12909 25701
25701 12909 19478
7026 5041 19371
19371 5041 7026
5041 7026 19371
14141 9809 17469
9809 14141 17469
17469 9809 14141
29366 20290 23283
23283 20290 29366
20290 23283 29366
25883 908 14246
14246 908 25883
908 14246 25883
17843 11294 23107
23107 11294 17843
11294 17843 23107
19793 10974 13186
13186 10974 19793
10974 13186 19793
24618 4265 27244
4265 24618 27244
27244 4265 24618
23346 3804 20755
3804 20755 23346
20755 3804 23346
16815 1469 18043
18043 1469 16815
1469 16815 18043
24323 18367 26879
18367 24323 26879
26879 18367 24323
4402 7439 20395
20395 4402 7439
7439 4402 20395
18169 6226 29696
6226 18169 29696
29696 6226 18169
22633 16463 19449
19449 16463 22633
16463 19449 22633
24485 4683 18323
4683 18323 24485
18323 4683 24485
11044 12161 19637
12161 11044 19637
19637 11044 12161
22954 1816 6841
1816 6841 22954
6841 1816 22954
4993 13838 26526
13838 4993 26526
26526 4993 13838
1217 6143 21057
6143 1217 21057
21057 1217 6143
2295 21114 27785
21114 2295 27785
27785 2295 21114
15734 9088 9327
9088 9327 15734
9327 9088 15734
5408 4442 23237
4442 5408 23237
23237 4442 5408
4177 10254 13725
10254 4177 13725
13725 4177 10254
188 11374 15621
11374 188 15621
15621 188 11374
8427 10488 13765
10488 8427 13765
13765 8427 10488
27998 8670 24905
24905 8670 27998
8670 24905 27998
14590 16299 21169
16299 14590 21169
21169 14590 16299
27194 4963 23683
23683 4963 27194
4963 23683 27194
10372 21892 29929
21892 10372 29929
29929 10372 21892
3288 15913 19883
19883 3288 15913
15913 3288 19883
19740 2541 3658
3658 2541 19740
2541 3658 19740
15043 5962 15355
5962 15043 15355
15355 5962 15043
26408 20697 25588
25588 20697 26408
20697 25588 26408
2938 10811 27926
10811 2938 27926
27926 2938 10811
24009 1397 21482
21482 1397 24009
1397 21482 24009
27787 5500 24492
5500 24492 27787
24492 5500 27787
3540 1704 12358
1704 3540 12358
12358 1704 3540
5271 5741 24933
24933 5271 5741
5741 5271 24933
26616 15512 22331
15512 22331 26616
22331 15512 26616
8329 5627 17721
5627 8329 17721
17721 5627 8329
17219 17580 21699
17580 17219 21699
21699 17219 17580
866 4111 23980
4111 866 23980
23980 866 4111
11944 7272 16089
7272 11944 16089
16089 7272 11944
25966 6023 16740
6023 16740 25966
16740 6023 25966
27438 5262 15595
15595 5262 27438
5262 15595 27438
26654 9778 23245
23245 9778 26654
9778 23245 26654
28332 3295 10734
10734 3295 28332
3295 10734 28332
28280 177 20823
20823 177 28280
177 20823 28280
21370 940 28638
940 21370 28638
28638 940 21370
19725 17294 22530
17294 19725 22530
22530 17294 19725
22777 5111 26485
5111 22777 26485
26485 5111 22777
28462 1463 15365
1463 15365 28462
15365 1463 28462
27199 5126 12100
12100 5126 27199
5126 12100 27199
13759 13454 15866
13454 13759 15866
15866 13454 13759
7404 158 23700
158 7404 23700
23700 158 7404
18513 12440 15258
12440 15258 18513
15258 12440 18513
2574 11110 24300
24300 2574 11110
11110 2574 24300
28466 8682 24782
8682 24782 28466
24782 8682 28466
16457 10205 17152
17152 10205 16457
10205 16457 17152
25517 4936 11205
4936 11205 25517
11205 4936 25517
25481 14430 17814
14430 17814 25481
17814 14430 25481
1464 11766 16136
11766 1464 16136
16136 1464 11766
8441 16155 26896
16155 8441 26896
26896 8441 16155
24955 2468 22109
2468 22109 24955
22109 2468 24955
16004 5995 28617
5995 16004 28617
28617 5995 16004
14292 12263 16116
12263 14292 16116
16116 12263 14292
3999 26983 27911
26983 3999 27911
27911 3999 26983
26235 7101 12604
12604 7101 26235
7101 12604 26235
23806 11641 24251
11641 23806 24251
24251 11641 23806
15127 21997 25576
25576 15127 21997
21997 15127 25576
29330 8140 20162
20162 8140 29330
8140 20162 29330
3428 12403 23801
12403 3428 23801
23801 3428 12403
4626 3231 23805
3231 4626 23805
23805 3231 4626
27009 930 25985
25985 930 27009
930 25985 27009
27537 607 8923
607 8923 27537
8923 607 27537
29588 12067 29456
29456 12067 29588
12067 29456 29588
21894 11389 13468
11389 13468 21894
13468 11389 21894
10155 9688 13472
9688 10155 13472
13472 9688 10155
29766 4422 20703
20703 4422 29766
4422 20703 29766
26008 7513 9437
7513 9437 26008
9437 7513 26008
25559 6772 9114
6772 9114 25559
9114 6772 25559
23962 9451 11728
11728 9451 23962
9451 11728 23962
6668 5618 16743
5618 6668 16743
16743 5618 6668
5619 1993 25638
25638 1993 5619
1993 5619 25638
14897 3397 20946
20946 3397 14897
3397 14897 20946
2441 14309 17734
14309 2441 17734
17734 2441 14309
29800 10482 26145
26145 10482 29800
10482 26145 29800
17458 7110 22757
22757 7110 17458
7110 17458 22757
8803 8601 17975
8601 8803 17975
17975 8601 8803
17848 21534 29783
21534 17848 29783
29783 17848 21534
5154 15268 21723
21723 5154 15268
15268 5154 21723
22110 26200 28781
26200 22110 28781
28781 22110 26200
21912 9776 19195
19195 9776 21912
9776 19195 21912
9259 7957 20743
7957 9259 20743
20743 7957 9259
747 12430 19677
12430 747 19677
19677 747 12430
15242 18052 23406
23406 15242 18052
18052 15242 23406
28283 14301 15513
15513 14301 28283
14301 15513 28283
29987 2860 5700
2860 5700 29987
5700 2860 29987
729 17475 26579
17475 729 26579
26579 729 17475
18846 11160 17377
17377 11160 18846
11160 17377 18846
3435 761 7627
761 3435 7627
7627 761 3435
23252 8599 16826
8599 16826 23252
16826 8599 23252
25072 26971 29329
26971 25072 29329
29329 25072 26971
1351 755 21059
21059 755 1351
755 1351 21059
20359 9195 12174
9195 12174 20359
12174 9195 20359
16785 14548 19918
19918 14548 16785
14548 16785 19918
25521 25280 28305
28305 25280 25521
25280 25521 28305
25370 6608 9138
9138 6608 25370
6608 9138 25370
24286 11731 19470
11731 19470 24286
19470 11731 24286
1686 12824 15970
15970 1686 12824
12824 1686 15970
17321 13809 16355
16355 13809 17321
13809 16355 17321
5003 3033 19595
3033 5003 19595
19595 3033 5003
10498 13963 14872
13963 10498 14872
14872 10498 13963
12536 18440 24806
18440 12536 24806
24806 12536 18440
18394 19797 19987
19987 18394 19797
19797 18394 19987
1390 2365 29294
29294 1390 2365
2365 1390 29294
27429 7451 28632
7451 27429 28632
28632 7451 27429
22325 9851 17010
9851 17010 22325
17010 9851 22325
15726 5563 14386
5563 14386 15726
14386 5563 15726
13724 17725 26167
26167 13724 17725
17725 13724 26167
21671 12340 15469
12340 15469 21671
15469 12340 21671
13217 13208 13695
13695 13208 13217
13208 13217 13695
20572 4489 11165
4489 11165 20572
11165 4489 20572
7552 20340 29685
20340 7552 29685
29685 7552 20340
2253 13964 15233
13964 2253 15233
15233 2253 13964
8134 10572 11334
11334 8134 10572
10572 8134 11334
1236 20224 21856
20224 1236 21856
21856 1236 20224
2383 7208 9238
9238 2383 7208
7208 2383 9238
7084 1530 16184
1530 7084 16184
16184 1530 7084
6587 27465 28409
27465 6587 28409
28409 6587 27465
179 6987 24864
24864 179 6987
6987 179 24864
2959 19326 26989
26989 2959 19326
19326 2959 26989
26460 3381 28299
3381 26460 28299
28299 3381 26460
13579 2636 22353
22353 2636 13579
2636 13579 22353
4665 3330 14570
14570 3330 4665
3330 4665 14570
5152 3582 22453
3582 5152 22453
22453 3582 5152
17314 11256 16062
11256 16062 17314
16062 11256 17314
14521 1383 18634
1383 14521 18634
18634 1383 14521
6711 7246 21322
21322 6711 7246
7246 6711 21322
20830 7332 7384
7384 7332 20830
7332 7384 20830
11087 11962 21600
11962 11087 21600
21600 11087 11962
10288 299 26110
26110 299 10288
299 10288 26110
14367 7465 9563
9563 7465 14367
7465 9563 14367
9927 5938 21419
5938 9927 21419
21419 5938 9927
29657 10633 14471
10633 14471 29657
14471 10633 29657
16806 12939 29117
12939 16806 29117
29117 12939 16806
24594 9709 24297
9709 24297 24594
24297 9709 24594
7603 3744 11762
11762 3744 7603
3744 7603 11762
14025 4932 14760
4932 14025 14760
14760 4932 14025
29768 10615 21386
21386 10615 29768
10615 21386 29768
3731 5733 16330
16330 3731 5733
5733 3731 16330
8989 22118 29219
29219 8989 22118
22118 8989 29219
308 8264 28102
28102 308 8264
8264 308 28102
16433 10321 11021
10321 11021 16433
11021 10321 16433
17518 3758 24997
3758 17518 24997
24997 3758 17518
2536 22257 23010
22257 2536 23010
23010 2536 22257
28216 15914 29401
29401 15914 28216
15914 28216 29401
9993 15296 24161
15296 9993 24161
24161 9993 15296
17244 22189 24917
24917 17244 22189
22189 17244 24917
13027 6152 17107
17107 6152 13027
6152 13027 17107
2273 13161 29933
13161 2273 29933
29933 2273 13161
27929 2771 22045
2771 22045 27929
22045 2771 27929
3467 11679 24393
24393 3467 11679
11679 3467 24393
21686 914 3362
914 3362 21686
3362 914 21686
18001 25604 28985
25604 18001 28985
28985 18001 25604
5254 22639 28927
28927 5254 22639
22639 5254 28927
2331 22940 24650
22940 2331 24650
24650 2331 22940
11756 17375 23564
17375 11756 23564
23564 11756 17375
6027 7590 10282
7590 6027 10282
10282 6027 7590
2400 12108 25511
25511 2400 12108
12108 2400 25511
29829 2898 9895
2898 9895 29829
9895 2898 29829
4084 4210 12746
12746 4084 4210
4210 4084 12746
8781 9746 23694
23694 8781 9746
9746 8781 23694
13294 7560 20411
7560 13294 20411
20411 7560 13294
6238 12802 20805
20805 6238 12802
12802 6238 20805
309 22060 26450
26450 309 22060
22060 309 26450
21954 14841 20076
14841 20076 21954
20076 14841 21954
1677 2396 19138
2396 1677 19138
19138 1677 2396
16873 19518 25424
25424 16873 19518
19518 16873 25424
12748 14209 29406
29406 12748 14209
14209 12748 29406
22771 21434 23798
21434 22771 23798
23798 21434 22771
23775 1302 20243
1302 20243 23775
20243 1302 23775
26461 23809 24275
24275 23809 26461
23809 24275 26461
20695 8662 25141
8662 20695 25141
25141 8662 20695
22865 11873 16005
11873 16005 22865
16005 11873 22865
24296 5189 28516
5189 24296 28516
28516 5189 24296
12816 5764 24508
24508 5764 12816
5764 12816 24508
27273 22462 24277
24277 22462 27273
22462 24277 27273
12577 14044 24033
24033 12577 14044
14044 12577 24033
14459 4876 20101
4876 14459 20101
20101 4876 14459
21546 4525 9040
4525 9040 21546
9040 4525 21546
12197 4191 23786
23786 4191 12197
4191 12197 23786
7495 2772 18876
18876 2772 7495
2772 7495 18876
10584 13881 26316
26316 10584 13881
13881 10584 26316
13728 3434 19265
3434 13728 19265
19265 3434 13728
27296 5765 8443
8443 5765 27296
5765 8443 27296
18399 5631 14961
14961 5631 18399
5631 14961 18399
26092 23461 29302
23461 26092 29302
29302 23461 26092
5695 23572 29361
29361 5695 23572
23572 5695 29361
13877 2011 20199
2011 13877 20199
20199 2011 13877
25340 13985 23171
23171 13985 25340
13985 23171 25340
6084 8138 25925
8138 6084 25925
25925 6084 8138
20961 23901 28546
28546 20961 23901
23901 20961 28546
29711 5012 15676
15676 5012 29711
5012 15676 29711
27784 8111 21125
21125 8111 27784
8111 21125 27784
486 6761 11533
11533 486 6761
6761 486 11533
7646 14850 15465
14850 7646 15465
15465 7646 14850
9016 4529 4658
4529 4658 9016
4658 4529 9016
27067 8498 28679
28679 8498 27067
8498 27067 28679
27064 17587 22422
22422 17587 27064
17587 22422 27064
14029 570 21764
21764 570 14029
570 14029 21764
2451 17744 21013
21013 2451 17744
17744 2451 21013
15995 1602 5128
1602 5128 15995
5128 1602 15995
678 17717 24633
24633 678 17717
17717 678 24633
21748 3519 26253
3519 21748 26253
26253 3519 21748
19298 8025 9649
9649 8025 19298
8025 9649 19298
8678 4711 14425
14425 4711 8678
4711 8678 14425
22156 579 20913
20913 579 22156
579 20913 22156
21588 23623 29597
29597 21588 23623
23623 21588 29597
28157 9346 11864
11864 9346 28157
9346 11864 28157
18782 4072 22113
4072 18782 22113
22113 4072 18782
12356 8048 13829
13829 8048 12356
8048 12356 13829
19086 7303 24159
24159 7303 19086
7303 19086 24159
8350 7625 17411
7625 8350 17411
17411 7625 8350
439 9371 16982
9371 439 16982
16982 439 9371
27329 15899 23941
23941 15899 27329
15899 23941 27329
9407 9693 28150
28150 9407 9693
9693 9407 28150
16767 15724 27190
15724 16767 27190
27190 15724 16767
28584 23827 25346
23827 25346 28584
25346 23827 28584
23996 27416 29477
29477 23996 27416
27416 23996 29477
21019 1087 26838
26838 1087 21019
1087 21019 26838
28630 16797 18797
16797 18797 28630
18797 16797 28630
25636 11008 22740
11008 22740 25636
22740 11008 25636
16971 856 26114
26114 856 16971
856 16971 26114
676 416 3007
3007 416 676
416 676 3007
2280 22403 27339
22403 2280 27339
27339 2280 22403
29275 2167 20454
20454 2167 29275
2167 20454 29275
20321 1838 13926
13926 1838 20321
1838 13926 20321
27607 677 17489
17489 677 27607
677 17489 27607
3740 9565 10925
10925 3740 9565
9565 3740 10925
1296 4449 7666
7666 1296 4449
4449 1296 7666
17226 7304 17303
17303 7304 17226
7304 17226 17303
18426 21974 23400
23400 18426 21974
21974 18426 23400
14359 15991 23173
15991 14359 23173
23173 14359 15991
22775 5804 12310
5804 12310 22775
12310 5804 22775
2901 6108 29350
29350 2901 6108
6108 2901 29350
11371 10164 21324
10164 11371 21324
21324 10164 11371
11752 11908 20891
20891 11752 11908
11908 11752 20891
17539 1862 19311
19311 1862 17539
1862 17539 19311
22903 16542 17895
16542 17895 22903
17895 16542 22903
27317 6857 23108
23108 6857 27317
6857 23108 27317
13862 1927 11096
1927 11096 13862
11096 1927 13862
22965 14460 24989
14460 22965 24989
24989 14460 22965
14080 38 28766
38 14080 28766
28766 38 14080
15410 16652 19784
19784 15410 16652
16652 15410 19784
12769 2941 14876
14876 2941 12769
2941 12769 14876
10950 4630 27790
27790 4630 10950
4630 10950 27790
8154 15105 17630
15105 8154 17630
17630 8154 15105
29127 4661 9053
4661 9053 29127
9053 4661 29127
17476 12351 27222
12351 17476 27222
27222 12351 17476
11187 23627 29332
23627 11187 29332
29332 11187 23627
4016 3070 16642
3070 4016 16642
16642 3070 4016
16255 13906 27665
27665 13906 16255
13906 16255 27665
24312 6319 14992
6319 14992 24312
14992 6319 24312
9747 5868 20250
5868 9747 20250
20250 5868 9747
14345 5526 8070
8070 5526 14345
5526 8070 14345
11780 1259 11776
11776 1259 11780
1259 11776 11780
6210 294 1363
294 1363 6210
1363 294 6210
5774 5384 12868
5384 5774 12868
12868 5384 5774
7559 6508 27249
6508 7559 27249
27249 6508 7559
14344 16453 23992
16453 14344 23992
23992 14344 16453
14630 7944 9452
7944 9452 14630
9452 7944 14630
14054 11403 12512
11403 12512 14054
12512 11403 14054
375 836 21728
21728 375 836
836 375 21728
10843 12744 17538
12744 10843 17538
17538 10843 12744
4371 21382 25876
25876 4371 21382
21382 4371 25876
10928 24702 25610
25610 10928 24702
24702 10928 25610
1434 5404 21532
5404 1434 21532
21532 1434 5404
8339 11448 23772
11448 8339 23772
23772 8339 11448
27418 3328 15287
15287 3328 27418
3328 15287 27418
24573 1321 26578
26578 1321 24573
1321 24573 26578
17438 11957 17070
17070 11957 17438
11957 17070 17438
20631 11751 26335
11751 20631 26335
26335 11751 20631
9871 8906 8987
8987 8906 9871
8906 8987 9871
5057 13080 27858
27858 5057 13080
13080 5057 27858
16823 14657 25376
25376 14657 16823
14657 16823 25376
15596 12372 29571
12372 15596 29571
29571 12372 15596
5969 4170 25633
25633 4170 5969
4170 5969 25633
5800 368 15388
15388 368 5800
368 5800 15388
23212 2968 17949
17949 2968 23212
2968 17949 23212
1628 23 18948
18948 23 1628
23 1628 18948
23822 3750 14200
14200 3750 23822
3750 14200 23822
27576 16488 17479
17479 16488 27576
16488 17479 27576
2357 16065 22497
22497 2357 16065
16065 2357 22497
7455 11120 14744
14744 7455 11120
11120 7455 14744
9659 4357 4433
4433 4357 9659
4357 4433 9659
19709 12142 21895
21895 12142 19709
12142 19709 21895
20936 6177 24528
6177 20936 24528
24528 6177 20936
4369 3400 20744
3400 4369 20744
20744 3400 4369
175 11746 12895
12895 175 11746
11746 175 12895
11850 24941 25406
25406 11850 24941
24941 11850 25406
3893 6830 25692
6830 3893 25692
25692 3893 6830
2055 11112 15624
15624 2055 11112
11112 2055 15624
24398 5911 26246
26246 5911 24398
5911 24398 26246
27771 28023 28154
28023 27771 28154
28154 27771 28023
24959 25074 29464
25074 24959 29464
29464 24959 25074
22103 2570 21660
2570 21660 22103
21660 2570 22103
11264 10992 15497
15497 10992 11264
10992 11264 15497
12311 4732 20918
20918 4732 12311
4732 12311 20918
12979 6554 23262
6554 12979 23262
23262 6554 12979
16668 4819 25088
25088 4819 16668
4819 16668 25088
20134 3986 4187
3986 4187 20134
4187 3986 20134
23642 21138 22959
21138 22959 23642
22959 21138 23642
5403 12741 24019
24019 5403 12741
12741 5403 24019
23416 4845 9126
4845 9126 23416
9126 4845 23416
13893 22493 23913
22493 13893 23913
23913 13893 22493
7865 2553 12778
12778 2553 7865
2553 7865 12778
15975 18594 19285
18594 15975 19285
19285 15975 18594
17214 15789 15900
15789 15900 17214
15900 15789 17214
5972 14084 28476
14084 5972 28476
28476 5972 14084
9921 13334 29654
29654 9921 13334
13334 9921 29654
18566 10220 11726
11726 10220 18566
10220 11726 18566
17805 10381 18600
18600 10381 17805
10381 17805 18600
4044 6062 24356
24356 4044 6062
6062 4044 24356
479 10439 28901
28901 479 10439
10439 479 28901
10706 6358 25314
6358 10706 25314
25314 6358 10706
5067 18101 26208
18101 5067 26208
26208 5067 18101
3660 21203 25762
25762 3660 21203
21203 3660 25762
2274 80 5818
5818 80 2274
80 2274 5818
21583 2323 2360
2360 2323 21583
2323 2360 21583
1093 13564 26499
13564 1093 26499
26499 1093 13564
19532 13021 24404
13021 19532 24404
24404 13021 19532
29872 21840 26681
26681 21840 29872
21840 26681 29872
21070 9739 19433
9739 19433 21070
19433 9739 21070
4693 14451 15816
15816 4693 14451
14451 4693 15816
27488 1215 7984
7984 1215 27488
1215 7984 27488
4600 1051 19526
1051 4600 19526
19526 1051 4600
26570 16598 21266
16598 21266 26570
21266 16598 26570
5341 11117 16482
16482 5341 11117
11117 5341 16482
17280 6240 29601
29601 6240 17280
6240 17280 29601
11517 10329 17903
10329 11517 17903
17903 10329 11517
27010 9143 26085
9143 26085 27010
26085 9143 27010
233 2837 22282
22282 233 2837
2837 233 22282
6530 12603 18865
12603 6530 18865
18865 6530 12603
6298 3411 29577
29577 3411 6298
3411 6298 29577
10258 6033 27862
6033 10258 27862
27862 6033 10258
18908 1936 26992
1936 18908 26992
26992 1936 18908
27769 8322 28267
8322 27769 28267
28267 8322 27769
19019 20937 21002
20937 19019 21002
21002 19019 20937
2840 1495 16069
16069 1495 2840
1495 2840 16069
9299 25696 25903
25696 9299 25903
25903 9299 25696
4884 2146 2888
2888 2146 4884
2146 2888 4884
21594 2545 7580
2545 7580 21594
7580 2545 21594
23224 2516 25778
2516 23224 25778
25778 2516 23224
12287 1002 18419
18419 1002 12287
1002 12287 18419
25972 9274 19453
9274 19453 25972
19453 9274 25972
27681 16533 17498
17498 16533 27681
16533 17498 27681
5797 2267 11922
11922 2267 5797
2267 5797 11922
4512 23029 24271
23029 4512 24271
24271 4512 23029
4708 3774 19759
19759 3774 4708
3774 4708 19759
13872 8352 10298
10298 8352 13872
8352 10298 13872
6969 12697 18798
18798 6969 12697
12697 6969 18798
6140 730 830
730 830 6140
830 730 6140
17040 6031 19047
6031 17040 19047
19047 6031 17040
6910 740 16229
740 6910 16229
16229 740 6910
12297 22593 27755
27755 12297 22593
22593 12297 27755
2584 11478 28887
28887 2584 11478
11478 2584 28887
432 799 22355
799 432 22355
22355 432 799
17359 4904 20560
20560 4904 17359
4904 17359 20560
13936 14746 26076
14746 13936 26076
26076 13936 14746
5230 20871 25230
25230 5230 20871
20871 5230 25230
13643 3670 17922
3670 13643 17922
17922 3670 13643
8752 3579 10121
3579 8752 10121
10121 3579 8752
25708 10100 10580
10100 10580 25708
10580 10100 25708
26221 2994 10256
10256 2994 26221
2994 10256 26221
18011 1020 29357
29357 1020 18011
1020 18011 29357
19095 4827 19154
19154 4827 19095
4827 19095 19154
7073 5725 13144
5725 7073 13144
13144 5725 7073
2839 10671 21017
10671 2839 21017
21017 2839 10671
12384 7821 20362
20362 7821 12384
7821 12384 20362
20753 1018 21119
1018 20753 21119
21119 1018 20753
7111 12300 16849
16849 7111 12300
12300 7111 16849
16450 13514 14995
14995 13514 16450
13514 14995 16450
21988 15570 17798
17798 15570 21988
15570 17798 21988
8996 16362 19734
19734 8996 16362
16362 8996 19734
10968 675 1868
1868 675 10968
675 1868 10968
16476 8229 11955
11955 8229 16476
8229 11955 16476
5853 7686 8559
8559 5853 7686
7686 5853 8559
12489 4465 27118
27118 4465 12489
4465 12489 27118
15370 15314 24487
15314 15370 24487
24487 15314 15370
7447 10838 23366
10838 7447 23366
23366 7447 10838
15807 6690 11943
6690 11943 15807
11943 6690 15807
6481 6523 25843
6523 6481 25843
25843 6481 6523
28224 5501 21360
21360 5501 28224
5501 21360 28224
15531 968 12520
968 12520 15531
12520 968 15531
2037 13031 24269
24269 2037 13031
13031 2037 24269
26303 19399 25008
19399 25008 26303
25008 19399 26303
8460 16732 18410
16732 8460 18410
18410 8460 16732
18017 2484 26426
26426 2484 18017
2484 18017 26426
15362 13183 14613
14613 13183 15362
13183 14613 15362
25291 15245 24096
15245 24096 25291
24096 15245 25291
3605 5118 27789
27789 3605 5118
5118 3605 27789
25047 7287 22370
22370 7287 25047
7287 22370 25047
2573 5390 22452
5390 2573 22452
22452 2573 5390
23008 20369 25637
25637 20369 23008
20369 23008 25637
11545 1224 21257
21257 1224 11545
1224 11545 21257
22139 4910 8219
4910 8219 22139
8219 4910 22139
997 5558 26151
5558 997 26151
26151 997 5558
11416 14465 21346
21346 11416 14465
14465 11416 21346
14571 22579 28193
22579 14571 28193
28193 14571 22579
7596 27348 27675
27348 7596 27675
27675 7596 27348
367 9420 17400
9420 367 17400
17400 367 9420
29769 13022 29148
13022 29148 29769
29148 13022 29769
29962 2649 6045
2649 6045 29962
6045 2649 29962
22298 3529 28225
28225 3529 22298
3529 22298 28225
29029 16900 29032
16900 29029 29032
29032 16900 29029
27442 12907 23328
23328 12907 27442
12907 23328 27442
5873 22384 24460
24460 5873 22384
22384 5873 24460
28340 3422 26131
26131 3422 28340
3422 26131 28340
21891 19037 26876
26876 19037 21891
19037 21891 26876
2660 16507 26320
16507 2660 26320
26320 2660 16507
2784 25213 27096
27096 2784 25213
25213 2784 27096
23474 2305 25049
25049 2305 23474
2305 23474 25049
5540 1892 15919
15919 1892 5540
1892 5540 15919
6485 603 11997
603 6485 11997
11997 603 6485
11067 8289 29303
29303 8289 11067
8289 11067 29303
6970 22175 27042
27042 6970 22175
22175 6970 27042
12793 3932 10509
3932 10509 12793
10509 3932 12793
23840 11504 27599
11504 23840 27599
27599 11504 23840
9127 895 23271
895 9127 23271
23271 895 9127
24406 17293 25823
25823 17293 24406
17293 24406 25823
2615 13337 14854
13337 2615 14854
14854 2615 13337
13719 16621 17605
16621 13719 17605
17605 13719 16621
12180 18639 22049
22049 12180 18639
18639 12180 22049
21896 1774 16002
16002 1774 21896
1774 16002 21896
24495 2760 16348
2760 16348 24495
16348 2760 24495
27052 7766 9390
9390 7766 27052
7766 9390 27052
21177 1272 18885
1272 18885 21177
18885 1272 21177
18240 17979 19807
19807 17979 18240
17979 18240 19807
26084 10733 15206
10733 15206 26084
15206 10733 26084
14259 4662 15754
4662 14259 15754
15754 4662 14259
17308 4281 10510
4281 10510 17308
10510 4281 17308
23071 5200 27663
5200 23071 27663
27663 5200 23071
8288 6159 9303
9303 6159 8288
6159 8288 9303
27970 22870 24498
22870 24498 27970
24498 22870 27970
6732 10221 13164
10221 6732 13164
13164 6732 10221
8303 20694 23995
23995 8303 20694
20694 8303 23995
12079 1526 23803
23803 1526 12079
1526 12079 23803
7233 8035 28175
8035 7233 28175
28175 7233 8035
5281 11506 26717
11506 5281 26717
26717 5281 11506
7913 23115 23743
23743 7913 23115
23115 7913 23743
22720 14918 15558
15558 14918 22720
14918 15558 22720
13078 7082 15262
15262 7082 13078
7082 13078 15262
14945 7672 26372
7672 14945 26372
26372 7672 14945
2891 3177 8349
8349 2891 3177
3177 2891 8349
8226 13289 20043
20043 8226 13289
13289 8226 20043
3696 952 1001
952 1001 3696
1001 952 3696
20370 6256 24340
24340 6256 20370
6256 20370 24340
14499 7748 28947
7748 14499 28947
28947 7748 14499
28408 12149 25413
25413 12149 28408
12149 25413 28408
10772 19605 20399
20399 10772 19605
19605 10772 20399
28990 13303 28345
28345 13303 28990
13303 28345 28990
5932 2277 25323
25323 2277 5932
2277 5932 25323
6451 6665 20877
20877 6451 6665
6665 6451 20877
48 6636 19276
6636 48 19276
19276 48 6636
20976 18054 24310
18054 20976 24310
24310 18054 20976
10508 1562 6570
1562 6570 10508
6570 1562 10508
19141 8363 14660
8363 14660 19141
14660 8363 19141
20632 4628 20014
20014 4628 20632
4628 20014 20632
20422 2218 3031
3031 2218 20422
2218 3031 20422
11559 18609 25458
18609 11559 25458
25458 11559 18609
18271 14500 17881
14500 17881 18271
17881 14500 18271
12796 1301 15319
15319 1301 12796
1301 12796 15319
9911 4731 22619
4731 9911 22619
22619 4731 9911
20874 10765 25755
25755 10765 20874
10765 20874 25755
14649 2405 23946
2405 14649 23946
23946 2405 14649
16669 18277 27545
18277 16669 27545
27545 16669 18277
18301 402 7197
402 7197 18301
7197 402 18301
17084 3065 21066
21066 3065 17084
3065 17084 21066
19039 147 6737
6737 147 19039
147 6737 19039
9583 20431 29047
20431 9583 29047
29047 9583 20431
6040 7040 10062
7040 6040 10062
10062 6040 7040
23079 8409 12213
8409 12213 23079
12213 8409 23079
2346 4749 27033
4749 2346 27033
27033 2346 4749
4155 6160 29012
6160 4155 29012
29012 4155 6160
2799 17582 22983
17582 2799 22983
22983 2799 17582
5632 14562 17965
17965 5632 14562
14562 5632 17965
10138 4849 29263
29263 4849 10138
4849 10138 29263
943 18768 21331
21331 943 18768
18768 943 21331
13155 21141 26150
26150 13155 21141
21141 13155 26150
3675 10423 20776
20776 3675 10423
10423 3675 20776
19788 20530 29747
29747 19788 20530
20530 19788 29747
25112 6172 26146
26146 6172 25112
6172 25112 26146
8161 11890 28695
28695 8161 11890
11890 8161 28695
1451 25462 25840
25462 1451 25840
25840 1451 25462
21290 2198 23209
23209 2198 21290
2198 21290 23209
23871 6924 13086
6924 13086 23871
13086 6924 23871
11352 22149 23361
23361 11352 22149
22149 11352 23361
4663 15334 22458
15334 4663 22458
22458 4663 15334
15630 4230 29318
29318 4230 15630
4230 15630 29318
22707 18807 25164
25164 18807 22707
18807 22707 25164
2997 5546 8367
5546 2997 8367
8367 2997 5546
22683 2152 4607
4607 2152 22683
2152 4607 22683
9596 18482 22755
22755 9596 18482
18482 9596 22755
20439 7364 8223
8223 7364 20439
7364 8223 20439
16811 13333 15680
15680 13333 16811
13333 15680 16811
27984 5380 20117
20117 5380 27984
5380 20117 27984
5075 13006 13635
13635 5075 13006
13006 5075 13635
12572 1840 24295
1840 12572 24295
24295 1840 12572
28646 811 18484
811 18484 28646
18484 811 28646
3823 429 3373
3373 429 3823
429 3373 3823
8354 12320 14869
14869 8354 12320
12320 8354 14869
6001 25143 28247
28247 6001 25143
25143 6001 28247
1848 15348 29050
29050 1848 15348
15348 1848 29050
13045 20120 22912
20120 13045 22912
22912 13045 20120
13592 16638 19638
16638 13592 19638
19638 13592 16638
5670 6861 18346
18346 5670 6861
6861 5670 18346
4010 21782 25082
25082 4010 21782
21782 4010 25082
11782 11311 27627
11311 11782 27627
27627 11311 11782
24935 15998 27338
27338 15998 24935
15998 24935 27338
7966 20267 26690
26690 7966 20267
20267 7966 26690
26612 6095 13407
6095 13407 26612
13407 6095 26612
10114 17134 25575
17134 10114 25575
25575 10114 17134
7643 19171 21752
21752 7643 19171
19171 7643 21752
5715 8935 12777
8935 5715 12777
12777 5715 8935
17198 15957 17393
15957 17198 17393
17393 15957 17198
1869 7176 19006
7176 1869 19006
19006 1869 7176
17621 16183 16844
16183 16844 17621
16844 16183 17621
11856 2701 15219
15219 2701 11856
2701 11856 15219
28112 4863 29416
4863 28112 29416
29416 4863 28112
18547 27716 28396
28396 18547 27716
27716 18547 28396
29220 9068 9752
9752 9068 29220
9068 9752 29220
825 17007 24328
24328 825 17007
17007 825 24328
14321 9792 26620
26620 9792 14321
9792 14321 26620
29282 23175 29993
29993 23175 29282
23175 29282 29993
28127 3737 6618
3737 6618 28127
6618 3737 28127
20177 6688 14237
14237 6688 20177
6688 14237 20177
19770 205 13973
205 13973 19770
13973 205 19770
23114 14588 19739
14588 19739 23114
19739 14588 23114
20231 1728 4552
4552 1728 20231
1728 4552 20231
23971 15901 25724
15901 23971 25724
25724 15901 23971
26172 916 1489
916 1489 26172
1489 916 26172
4279 4321 16473
4321 4279 16473
16473 4279 4321
6395 8030 19874
19874 6395 8030
8030 6395 19874
11657 5423 13008
13008 5423 11657
5423 11657 13008
6100 5940 12677
5940 6100 12677
12677 5940 6100
11599 2301 8843
2301 8843 11599
8843 2301 11599
12730 24802 28992
24802 12730 28992
28992 12730 24802
14957 3151 4423
4423 3151 14957
3151 4423 14957
12847 4629 19959
4629 12847 19959
19959 4629 12847
26885 2073 17612
17612 2073 26885
2073 17612 26885
5895 19780 20715
19780 5895 20715
20715 5895 19780
23812 10590 17715
17715 10590 23812
10590 17715 23812
7283 12975 22641
22641 7283 12975
12975 7283 22641
17394 9055 18076
9055 17394 18076
18076 9055 17394
1999 9870 19826
9870 1999 19826
19826 1999 9870
10227 8779 13682
13682 8779 10227
8779 10227 13682
23874 12849 22561
12849 22561 23874
22561 12849 23874
13905 23582 28448
28448 13905 23582
23582 13905 28448
21876 6729 13344
6729 13344 21876
13344 6729 21876
4036 11665 27279
27279 4036 11665
11665 4036 27279
4551 9824 29633
29633 4551 9824
9824 4551 29633
10958 15449 26880
26880 10958 15449
15449 10958 26880
19540 6591 21463
21463 6591 19540
6591 19540 21463
988 7750 13912
7750 988 13912
13912 988 7750
2414 7832 8586
7832 2414 8586
8586 2414 7832
19372 3743 8570
3743 8570 19372
8570 3743 19372
22952 928 9539
9539 928 22952
928 9539 22952
23215 8377 28780
8377 23215 28780
28780 8377 23215
16582 8084 23385
23385 8084 16582
8084 16582 23385
25505 7312 9528
7312 9528 25505
9528 7312 25505
25914 659 13980
13980 659 25914
659 13980 25914
28533 156 4892
4892 156 28533
156 4892 28533
14478 4285 21996
4285 14478 21996
21996 4285 14478
18241 15054 15981
15054 15981 18241
15981 15054 18241
20773 4450 7059
4450 7059 20773
7059 4450 20773
15550 1949 7843
7843 1949 15550
1949 7843 15550
26134 779 3495
3495 779 26134
779 3495 26134
8506 10985 17012
10985 8506 17012
17012 8506 10985
27089 3652 18850
18850 3652 27089
3652 18850 27089
28249 20078 23560
23560 20078 28249
20078 23560 28249
26236 10708 27518
27518 10708 26236
10708 26236 27518
17757 1229 10789
1229 10789 17757
10789 1229 17757
1176 4929 21481
21481 1176 4929
4929 1176 21481
29504 27817 28463
27817 28463 29504
28463 27817 29504
22054 2149 15147
15147 2149 22054
2149 15147 22054
25205 2902 29977
29977 2902 25205
2902 25205 29977
12221 15879 26355
26355 12221 15879
15879 12221 26355
5199 8783 10864
10864 5199 8783
8783 5199 10864
5941 11119 15800
15800 5941 11119
11119 5941 15800
10349 12659 27397
12659 10349 27397
27397 10349 12659
16092 751 4550
4550 751 16092
751 4550 16092
8643 8066 20933
20933 8066 8643
8066 8643 20933
238 25961 27919
27919 238 25961
25961 238 27919
19403 3450 28265
28265 3450 19403
3450 19403 28265
4518 3339 8957
8957 3339 4518
3339 4518 8957
4429 26269 28860
26269 4429 28860
28860 4429 26269
3617 610 26478
610 3617 26478
26478 610 3617
22987 16876 21797
21797 16876 22987
16876 21797 22987
27960 5697 27583
5697 27583 27960
27583 5697 27960
12133 7765 22041
7765 12133 22041
22041 7765 12133
25556 23885 26540
23885 25556 26540
26540 23885 25556
11225 4990 15156
15156 4990 11225
4990 11225 15156
3590 17736 20077
17736 3590 20077
20077 3590 17736
21652 14833 17335
17335 14833 21652
14833 17335 21652
18285 9149 27765
27765 9149 18285
9149 18285 27765
4843 3198 26655
26655 3198 4843
3198 4843 26655
16083 4461 29552
29552 4461 16083
4461 16083 29552
21768 1712 8065
1712 8065 21768
8065 1712 21768
1844 9199 22240
22240 1844 9199
9199 1844 22240
24600 5170 21827
21827 5170 24600
5170 21827 24600
22425 13840 16513
13840 16513 22425
16513 13840 22425
14315 1124 15100
15100 1124 14315
1124 14315 15100
25813 17067 21280
17067 21280 25813
21280 17067 25813
8903 2833 7516
2833 7516 8903
7516 2833 8903
14437 2800 11643
11643 2800 14437
2800 11643 14437
18988 6545 18259
18259 6545 18988
6545 18259 18988
1978 3283 23689
3283 1978 23689
23689 1978 3283
15337 3307 23738
23738 3307 15337
3307 15337 23738
13783 22667 28914
22667 13783 28914
28914 13783 22667
8654 4257 28119
4257 8654 28119
28119 4257 8654
6476 12482 28999
12482 6476 28999
28999 6476 12482
13354 2486 16504
2486 13354 16504
16504 2486 13354
12846 9167 16720
16720 9167 12846
9167 12846 16720
20298 3205 28109
28109 3205 20298
3205 20298 28109
22336 1438 11754
1438 11754 22336
11754 1438 22336
1248 19084 19543
19084 1248 19543
19543 1248 19084
19720 211 7336
211 7336 19720
7336 211 19720
18025 7863 10331
10331 7863 18025
7863 10331 18025
8335 24132 25232
24132 8335 25232
25232 8335 24132
13625 1195 27101
27101 1195 13625
1195 13625 27101
2884 17712 29099
17712 2884 29099
29099 2884 17712
25247 9246 15085
9246 15085 25247
15085 9246 25247
22514 16345 21190
21190 16345 22514
16345 21190 22514
10342 17450 20497
20497 10342 17450
17450 10342 20497
29944 2439 4809
2439 4809 29944
4809 2439 29944
14098 8550 25898
25898 8550 14098
8550 14098 25898
3387 6128 18624
6128 3387 18624
18624 3387 6128
4723 10471 29474
29474 4723 10471
10471 4723 29474
10643 2333 20665
2333 10643 20665
20665 2333 10643
22395 9373 20859
20859 9373 22395
9373 20859 22395
29458 1566 20528
1566 20528 29458
20528 1566 29458
16443 17916 18120
18120 16443 17916
17916 16443 18120
17278 3636 22800
3636 17278 22800
22800 3636 17278
11180 417 3669
417 3669 11180
3669 417 11180
28649 16551 25180
16551 25180 28649
25180 16551 28649
23911 12285 25815
12285 23911 25815
25815 12285 23911
21684 20102 29320
20102 21684 29320
29320 20102 21684
6201 6032 14740
6032 6201 14740
14740 6032 6201
13945 22152 29006
29006 13945 22152
22152 13945 29006
9333 7941 21127
21127 7941 9333
7941 9333 21127
1533 18638 21055
21055 1533 18638
18638 1533 21055
12727 1695 7785
1695 7785 12727
7785 1695 12727
25891 7483 13150
7483 13150 25891
13150 7483 25891
12095 9695 28353
9695 12095 28353
28353 9695 12095
22273 14455 16162
16162 14455 22273
14455 16162 22273
2738 3942 4604
3942 2738 4604
4604 2738 3942
15613 4291 23429
23429 4291 15613
4291 15613 23429
2076 2671 19428
2671 2076 19428
19428 2076 2671
7749 2625 19659
19659 2625 7749
2625 7749 19659
8164 4590 14285
14285 4590 8164
4590 8164 14285
6024 25080 25553
25553 6024 25080
25080 6024 25553
14383 16416 22727
22727 14383 16416
16416 14383 22727
8917 18791 19613
19613 8917 18791
18791 8917 19613
16396 25227 25590
25590 16396 25227
25227 16396 25590
12427 14772 18539
18539 12427 14772
14772 12427 18539
17637 15551 19999
19999 15551 17637
15551 17637 19999
436 26064 28066
28066 436 26064
26064 436 28066
10379 19412 28881
28881 10379 19412
19412 10379 28881
15700 10551 25564
25564 10551 15700
10551 15700 25564
9377 1152 24083
1152 9377 24083
24083 1152 9377
5038 6595 15443
15443 5038 6595
6595 5038 15443
23236 19147 27773
27773 19147 23236
19147 23236 27773
8740 10044 20109
10044 8740 20109
20109 8740 10044
29854 2540 5814
5814 2540 29854
2540 5814 29854
14497 9640 28494
9640 14497 28494
28494 9640 14497
22998 1445 29396
1445 22998 29396
29396 1445 22998
25396 15387 27377
27377 15387 25396
15387 25396 27377
22131 17407 20579
17407 20579 22131
20579 17407 22131
7311 14212 21809
14212 7311 21809
21809 7311 14212
4589 1548 18524
18524 1548 4589
1548 4589 18524
10356 2908 4695
4695 2908 10356
2908 4695 10356
13419 10017 26022
10017 13419 26022
26022 10017 13419
23188 2155 4775
4775 2155 23188
2155 4775 23188
19887 4273 22086
22086 4273 19887
4273 19887 22086
17876 9612 14458
14458 9612 17876
9612 14458 17876
18084 2269 11242
2269 11242 18084
11242 2269 18084
29411 20957 28328
28328 20957 29411
20957 28328 29411
19352 3526 4255
4255 3526 19352
3526 4255 19352
4495 5169 6011
6011 4495 5169
5169 4495 6011
3471 23854 24247
24247 3471 23854
23854 3471 24247
14757 17918 25825
17918 14757 25825
25825 14757 17918
28734 26823 29642
29642 26823 28734
