28207 10127 18958
18958 10127 28207
10127 18958 28207
28047 13015 24953
24953 13015 28047
13015 24953 28047
3095 1070 14334
1070 3095 14334
14334 1070 3095
9863 1480 16463
1480 9863 16463
16463 1480 9863
23354 2308 26765
26765 2308 23354
2308 23354 26765
22894 8848 24258
8848 22894 24258
24258 8848 22894
19580 8509 27324
8509 19580 27324
27324 8509 19580
26652 4312 14916
4312 14916 26652
14916 4312 26652
25539 16026 27505
16026 25539 27505
27505 16026 25539
1843 20086 20578
20578 1843 20086
20086 1843 20578
20403 134 16408
134 16408 20403
16408 134 20403
25250 20332 23904
20332 23904 25250
23904 20332 25250
16998 12097 17762
17762 12097 16998
12097 16998 17762
6311 8504 21017
8504 6311 21017
21017 6311 8504
7208 13741 17798
17798 7208 13741
13741 7208 17798
17987 2658 22528
2658 17987 22528
22528 2658 17987
1609 920 2875
920 1609 2875
2875 920 1609
21406 19390 29945
19390 21406 29945
29945 19390 21406
14422 1777 3541
1777 3541 14422
3541 1777 14422
5151 8634 9369
8634 5151 9369
9369 5151 8634
11647 679 6332
679 6332 11647
6332 679 11647
946 22499 27782
27782 946 22499
22499 946 27782
10150 25134 27617
25134 10150 27617
27617 10150 25134
13500 10757 13592
13592 10757 13500
10757 13500 13592
5633 2975 4611
4611 2975 5633
2975 4611 5633
10086 7995 8611
8611 7995 10086
7995 8611 10086
11564 5396 25892
5396 11564 25892
25892 5396 11564
21603 4530 27001
27001 4530 21603
4530 21603 27001
6785 19522 26887
26887 6785 19522
19522 6785 26887
7135 5766 14802
5766 7135 14802
14802 5766 7135
21408 14513 23102
23102 14513 21408
14513 21408 23102
27898 28272 28719
28719 27898 28272
28272 27898 28719
7109 5643 22979
22979 5643 7109
5643 7109 22979
25387 24389 25799
24389 25387 25799
25799 24389 25387
14122 9554 28629
28629 9554 14122
9554 14122 28629
2424 11952 16225
11952 2424 16225
16225 2424 11952
29264 15567 16272
16272 15567 29264
15567 16272 29264
25008 2447 22072
2447 22072 25008
22072 2447 25008
12686 11850 19596
19596 11850 12686
11850 12686 19596
14256 7411 20781
7411 14256 20781
20781 7411 14256
3574 13709 28386
13709 3574 28386
28386 3574 13709
17824 11745 24230
11745 17824 24230
24230 11745 17824
2156 11157 27738
27738 2156 11157
11157 2156 27738
11440 11122 16212
16212 11122 11440
11122 11440 16212
7278 1231 22426
1231 7278 22426
22426 1231 7278
28008 19135 20995
20995 19135 28008
19135 20995 28008
8811 2466 21111
2466 8811 21111
21111 2466 8811
7311 2145 4814
2145 4814 7311
4814 2145 7311
22452 11876 19446
19446 11876 22452
11876 19446 22452
2474 16357 25056
25056 2474 16357
16357 2474 25056
16465 5924 29804
5924 16465 29804
29804 5924 16465
29837 16750 19409
16750 19409 29837
19409 16750 29837
3318 17556 24513
24513 3318 17556
17556 3318 24513
23554 22977 28280
28280 22977 23554
22977 23554 28280
3022 10685 16369
16369 3022 10685
10685 3022 16369
21769 13156 15378
13156 15378 21769
15378 13156 21769
9996 12259 13619
12259 9996 13619
13619 9996 12259
9717 371 12358
12358 371 9717
371 9717 12358
424 6842 17557
6842 424 17557
17557 424 6842
903 18335 27932
27932 903 18335
18335 903 27932
25135 7655 10586
10586 7655 25135
7655 10586 25135
25193 13691 24433
13691 24433 25193
24433 13691 25193
19344 22721 25046
22721 19344 25046
25046 19344 22721
1797 4964 26350
26350 1797 4964
4964 1797 26350
16820 15798 20093
15798 16820 20093
20093 15798 16820
21083 12708 25627
25627 12708 21083
12708 21083 25627
3987 12261 27666
27666 3987 12261
12261 3987 27666
8039 512 15377
15377 512 8039
512 8039 15377
2098 18061 26622
18061 2098 26622
26622 2098 18061
5664 19041 22589
22589 5664 19041
19041 5664 22589
7032 11109 14959
14959 7032 11109
11109 7032 14959
24004 1769 11240
11240 1769 24004
1769 11240 24004
16127 8437 24552
8437 16127 24552
24552 8437 16127
20491 20850 23255
20850 20491 23255
23255 20491 20850
3489 2560 23787
23787 2560 3489
2560 3489 23787
15483 17092 24079
24079 15483 17092
17092 15483 24079
2810 1545 4788
1545 2810 4788
4788 1545 2810
21637 6834 24019
6834 21637 24019
24019 6834 21637
11874 4779 14396
14396 4779 11874
4779 11874 14396
15610 18971 21328
21328 15610 18971
18971 15610 21328
9403 9992 13262
13262 9403 9992
9992 9403 13262
4583 17714 25439
25439 4583 17714
17714 4583 25439
20645 13668 23724
23724 13668 20645
13668 20645 23724
12881 1454 13961
13961 1454 12881
1454 12881 13961
8318 19698 20768
19698 8318 20768
20768 8318 19698
9370 10668 13145
10668 9370 13145
13145 9370 10668
7441 13841 19678
13841 7441 19678
19678 7441 13841
14482 12009 21089
12009 14482 21089
21089 12009 14482
16611 9051 13437
13437 9051 16611
9051 13437 16611
25140 14360 27600
14360 25140 27600
27600 14360 25140
3457 13511 27202
13511 3457 27202
27202 3457 13511
29955 3094 9449
9449 3094 29955
3094 9449 29955
16296 4843 29793
29793 4843 16296
4843 16296 29793
15684 10407 21190
10407 15684 21190
21190 10407 15684
8361 2547 18765
18765 2547 8361
2547 8361 18765
8702 1737 29496
1737 8702 29496
29496 1737 8702
12066 12838 20436
20436 12066 12838
12838 12066 20436
10316 13472 15889
15889 10316 13472
13472 10316 15889
2787 1171 23049
23049 1171 2787
1171 2787 23049
13814 2644 18044
2644 13814 18044
18044 2644 13814
22771 10848 28752
28752 10848 22771
10848 22771 28752
19329 7671 25526
25526 7671 19329
7671 19329 25526
4485 12244 14148
14148 4485 12244
12244 4485 14148
6961 9138 18770
18770 6961 9138
9138 6961 18770
20046 3723 17100
17100 3723 20046
3723 17100 20046
5830 9611 23012
23012 5830 9611
9611 5830 23012
21779 11290 13232
11290 13232 21779
13232 11290 21779
18986 9963 15348
9963 15348 18986
15348 9963 18986
24566 12521 17985
12521 17985 24566
17985 12521 24566
10722 8810 27899
8810 10722 27899
27899 8810 10722
27178 133 2057
133 2057 27178
2057 133 27178
28983 3153 24640
24640 3153 28983
3153 24640 28983
14952 274 24452
24452 274 14952
274 14952 24452
23966 12802 13209
12802 13209 23966
13209 12802 23966
9827 5084 7102
7102 5084 9827
5084 7102 9827
27916 3272 20979
3272 20979 27916
20979 3272 27916
27605 5777 24696
5777 24696 27605
24696 5777 27605
9748 11602 25356
11602 9748 25356
25356 9748 11602
16321 6884 21799
6884 16321 21799
21799 6884 16321
16965 15535 27983
27983 15535 16965
15535 16965 27983
10596 505 18415
505 10596 18415
18415 505 10596
3984 10470 13758
10470 3984 13758
13758 3984 10470
2785 7913 19979
19979 2785 7913
7913 2785 19979
22871 14472 18575
14472 18575 22871
18575 14472 22871
3682 11572 20381
11572 3682 20381
20381 3682 11572
20200 10211 25531
10211 20200 25531
25531 10211 20200
4307 11263 14295
14295 4307 11263
11263 4307 14295
18006 19330 24391
24391 18006 19330
19330 18006 24391
15389 5419 15923
15923 5419 15389
5419 15389 15923
17167 10663 27520
27520 10663 17167
10663 17167 27520
20306 8881 20084
8881 20084 20306
20084 8881 20306
13994 25162 27712
25162 13994 27712
27712 13994 25162
15468 20143 27944
27944 15468 20143
20143 15468 27944
9021 8266 24814
24814 8266 9021
8266 9021 24814
801 16471 27480
16471 801 27480
27480 801 16471
8906 13447 27428
13447 8906 27428
27428 8906 13447
27955 14626 29224
14626 27955 29224
29224 14626 27955
19028 9386 10358
10358 9386 19028
9386 10358 19028
16844 10964 14781
14781 10964 16844
10964 14781 16844
15510 20801 27289
20801 15510 27289
27289 15510 20801
22093 9395 23417
23417 9395 22093
9395 22093 23417
18792 2612 22039
2612 18792 22039
22039 2612 18792
20115 3627 11254
11254 3627 20115
3627 11254 20115
26932 17456 24793
24793 17456 26932
17456 24793 26932
11192 6586 9986
6586 9986 11192
9986 6586 11192
23755 2548 20805
20805 2548 23755
2548 20805 23755
15849 1077 17097
17097 1077 15849
1077 15849 17097
8790 10872 14529
14529 8790 10872
10872 8790 14529
3358 900 9149
9149 900 3358
900 3358 9149
24305 1267 22034
22034 1267 24305
1267 22034 24305
20014 12329 26692
12329 20014 26692
26692 12329 20014
2243 10018 12535
12535 2243 10018
10018 2243 12535
20007 22999 28310
28310 20007 22999
22999 20007 28310
2295 9786 11997
9786 2295 11997
11997 2295 9786
10116 5596 19152
19152 5596 10116
5596 10116 19152
14266 6206 20538
6206 14266 20538
20538 6206 14266
22184 25209 25662
25662 22184 25209
25209 22184 25662
20069 9890 23993
23993 9890 20069
9890 20069 23993
22493 23250 28930
23250 22493 28930
28930 22493 23250
16891 2591 27781
27781 2591 16891
2591 16891 27781
16486 9710 18616
9710 16486 18616
18616 9710 16486
18007 4728 13422
13422 4728 18007
4728 13422 18007
27764 13097 25554
13097 25554 27764
25554 13097 27764
27762 22468 27876
22468 27762 27876
27876 22468 27762
23004 15584 23269
15584 23004 23269
23269 15584 23004
26336 2825 19556
2825 19556 26336
19556 2825 26336
9772 12656 18641
12656 9772 18641
18641 9772 12656
22167 12393 14844
14844 12393 22167
12393 14844 22167
25663 15244 20292
15244 20292 25663
20292 15244 25663
18362 3655 6130
3655 6130 18362
6130 3655 18362
26423 16059 18135
16059 18135 26423
18135 16059 26423
23189 586 5393
5393 586 23189
586 5393 23189
27491 27632 29461
27632 27491 29461
29461 27491 27632
17960 3418 8182
8182 3418 17960
3418 8182 17960
18380 11153 25041
11153 18380 25041
25041 11153 18380
15756 15614 22019
22019 15614 15756
15614 15756 22019
12968 11574 23317
11574 12968 23317
23317 11574 12968
10765 24707 29714
29714 10765 24707
24707 10765 29714
28117 3765 16728
3765 16728 28117
16728 3765 28117
11539 20409 27812
27812 11539 20409
20409 11539 27812
3572 17353 20911
17353 3572 20911
20911 3572 17353
27123 14447 25992
25992 14447 27123
14447 25992 27123
29459 11230 11272
11230 11272 29459
11272 11230 29459
6248 4533 17398
17398 4533 6248
4533 6248 17398
298 12274 22335
22335 298 12274
12274 298 22335
15741 1756 19792
19792 1756 15741
1756 15741 19792
12543 2442 2790
2442 2790 12543
2790 2442 12543
24852 7521 24346
7521 24346 24852
24346 7521 24852
29723 676 7807
676 7807 29723
7807 676 29723
9187 13993 21359
13993 9187 21359
21359 9187 13993
10386 6965 9888
6965 9888 10386
9888 6965 10386
9724 10280 27156
27156 9724 10280
10280 9724 27156
26450 14816 25667
25667 14816 26450
14816 25667 26450
20170 15611 17540
17540 15611 20170
15611 17540 20170
26916 7848 24206
7848 24206 26916
24206 7848 26916
11424 18780 25463
18780 11424 25463
25463 11424 18780
15731 2740 23407
2740 15731 23407
23407 2740 15731
7806 21752 28558
28558 7806 21752
21752 7806 28558
1342 17076 24540
24540 1342 17076
17076 1342 24540
12592 8435 9630
9630 8435 12592
8435 9630 12592
1684 21768 29433
29433 1684 21768
21768 1684 29433
7951 7812 25811
25811 7812 7951
7812 7951 25811
18439 3688 27500
27500 3688 18439
3688 18439 27500
18480 7338 7940
7338 7940 18480
7940 7338 18480
24439 11503 28270
28270 11503 24439
11503 24439 28270
8904 17585 21116
21116 8904 17585
17585 8904 21116
16907 14560 18728
18728 14560 16907
14560 16907 18728
783 2650 18326
18326 783 2650
2650 783 18326
28269 4575 28277
28277 4575 28269
4575 28269 28277
13314 16854 19475
16854 13314 19475
19475 13314 16854
28610 15360 22649
15360 22649 28610
22649 15360 28610
4497 1859 13177
13177 1859 4497
1859 4497 13177
29599 4637 5852
4637 5852 29599
5852 4637 29599
29722 16939 18245
16939 18245 29722
18245 16939 29722
24416 20973 28187
20973 24416 28187
28187 20973 24416
18702 4468 16487
16487 4468 18702
4468 16487 18702
4394 3062 8621
3062 4394 8621
8621 3062 4394
21315 6530 21027
21027 6530 21315
6530 21027 21315
857 5722 16836
16836 857 5722
5722 857 16836
19097 21351 28450
28450 19097 21351
21351 19097 28450
29247 2070 21886
2070 21886 29247
21886 2070 29247
9268 755 9401
9401 755 9268
755 9268 9401
6663 27529 27627
27627 6663 27529
27529 6663 27627
27772 9396 12679
12679 9396 27772
9396 12679 27772
25490 10672 15534
15534 10672 25490
10672 15534 25490
19044 9006 25804
25804 9006 19044
9006 19044 25804
5282 951 19801
951 5282 19801
19801 951 5282
28233 11893 19364
19364 11893 28233
11893 19364 28233
18719 3137 13795
13795 3137 18719
3137 13795 18719
259 5415 17406
5415 259 17406
17406 259 5415
12376 1913 2435
1913 2435 12376
2435 1913 12376
16946 15181 25896
25896 15181 16946
15181 16946 25896
19064 23387 25151
23387 19064 25151
25151 19064 23387
14427 5203 7022
5203 7022 14427
7022 5203 14427
27767 7424 9287
7424 9287 27767
9287 7424 27767
20600 18410 23266
18410 20600 23266
23266 18410 20600
1389 6597 16350
16350 1389 6597
6597 1389 16350
7548 11415 18611
11415 7548 18611
18611 7548 11415
17492 22304 27255
22304 17492 27255
27255 17492 22304
20565 3279 27382
3279 20565 27382
27382 3279 20565
12144 4012 9357
4012 9357 12144
9357 4012 12144
16792 6881 17809
6881 16792 17809
17809 6881 16792
25715 4899 24081
4899 24081 25715
24081 4899 25715
9659 15144 18048
15144 9659 18048
18048 9659 15144
27604 61 11292
11292 61 27604
61 11292 27604
15045 13459 21098
13459 15045 21098
21098 13459 15045
29234 11408 15557
11408 15557 29234
15557 11408 29234
24348 27452 29400
27452 24348 29400
29400 24348 27452
5135 14498 20622
20622 5135 14498
14498 5135 20622
12311 9260 17706
17706 9260 12311
9260 12311 17706
11897 21564 24578
24578 11897 21564
21564 11897 24578
22657 5621 21563
5621 21563 22657
21563 5621 22657
29114 8262 18943
18943 8262 29114
8262 18943 29114
27711 22363 25464
22363 25464 27711
25464 22363 27711
13878 698 11037
11037 698 13878
698 11037 13878
18457 21419 24900
24900 18457 21419
21419 18457 24900
26976 5891 9458
5891 9458 26976
9458 5891 26976
15215 10877 23432
23432 10877 15215
10877 15215 23432
19024 3634 9062
9062 3634 19024
3634 9062 19024
397 18848 20236
18848 397 20236
20236 397 18848
13194 8348 8425
8425 8348 13194
8348 8425 13194
16066 6745 28476
6745 16066 28476
28476 6745 16066
8190 1733 25816
1733 8190 25816
25816 1733 8190
10385 10640 25583
10640 10385 25583
25583 10385 10640
6245 15163 17474
15163 6245 17474
17474 6245 15163
21725 7797 15132
7797 15132 21725
15132 7797 21725
21704 13789 25974
13789 21704 25974
25974 13789 21704
23624 14022 24381
14022 23624 24381
24381 14022 23624
10976 18736 24690
18736 10976 24690
24690 10976 18736
21349 8405 29491
29491 8405 21349
8405 21349 29491
14921 24978 28465
24978 14921 28465
28465 14921 24978
27664 19747 27863
19747 27664 27863
27863 19747 27664
18926 1898 5785
1898 5785 18926
5785 1898 18926
15256 11058 14936
11058 14936 15256
14936 11058 15256
6553 8444 20732
8444 6553 20732
20732 6553 8444
19525 2551 17422
2551 17422 19525
17422 2551 19525
3175 26837 27952
27952 3175 26837
26837 3175 27952
16407 1282 10085
1282 10085 16407
10085 1282 16407
25230 1434 22194
22194 1434 25230
1434 22194 25230
28189 20715 24705
20715 24705 28189
24705 20715 28189
5263 7983 20574
7983 5263 20574
20574 5263 7983
19535 16005 27793
27793 16005 19535
16005 19535 27793
12237 3068 5315
3068 5315 12237
5315 3068 12237
25068 7542 18878
7542 18878 25068
18878 7542 25068
19654 572 9437
572 9437 19654
9437 572 19654
10785 2721 3890
2721 3890 10785
3890 2721 10785
20230 17618 28205
17618 20230 28205
28205 17618 20230
27467 3305 9740
3305 9740 27467
9740 3305 27467
12258 4493 27800
27800 4493 12258
4493 12258 27800
16856 8819 23764
8819 16856 23764
23764 8819 16856
24717 3545 6609
3545 6609 24717
6609 3545 24717
27911 21797 27706
27706 21797 27911
21797 27706 27911
5821 4820 29568
4820 5821 29568
29568 4820 5821
5863 1412 9135
9135 1412 5863
1412 5863 9135
19425 5930 15905
5930 15905 19425
15905 5930 19425
3404 13310 16445
16445 3404 13310
13310 3404 16445
6849 6701 17847
17847 6701 6849
6701 6849 17847
422 13460 17431
17431 422 13460
13460 422 17431
9116 18577 24602
18577 9116 24602
24602 9116 18577
29195 1192 25510
25510 1192 29195
1192 25510 29195
27722 959 6854
959 6854 27722
6854 959 27722
9871 9470 21930
9470 9871 21930
21930 9470 9871
11100 4652 29505
29505 4652 11100
4652 11100 29505
16392 12418 22003
22003 12418 16392
12418 16392 22003
20465 12660 29429
29429 12660 20465
12660 20465 29429
898 22387 29190
22387 898 29190
29190 898 22387
21588 19258 21307
19258 21307 21588
21307 19258 21588
19911 16744 24744
16744 19911 24744
24744 16744 19911
21647 1506 29054
1506 21647 29054
29054 1506 21647
12124 2118 23667
2118 12124 23667
23667 2118 12124
11740 4095 13246
13246 4095 11740
4095 11740 13246
8010 6009 7334
7334 6009 8010
6009 7334 8010
10936 8735 11076
11076 8735 10936
8735 10936 11076
20405 2180 27991
27991 2180 20405
2180 20405 27991
8242 14285 27221
27221 8242 14285
14285 8242 27221
3700 10798 22310
22310 3700 10798
10798 3700 22310
27656 11741 19072
19072 11741 27656
11741 19072 27656
18721 26018 29023
29023 18721 26018
26018 18721 29023
2055 1503 18413
1503 2055 18413
18413 1503 2055
13858 20321 24149
24149 13858 20321
20321 13858 24149
182 4516 25283
4516 182 25283
25283 182 4516
20907 6769 26643
26643 6769 20907
6769 20907 26643
26370 7735 16646
7735 16646 26370
16646 7735 26370
910 7779 8800
7779 910 8800
8800 910 7779
12894 3956 29629
29629 3956 12894
3956 12894 29629
2450 8342 10801
10801 2450 8342
8342 2450 10801
25708 10719 17855
17855 10719 25708
10719 17855 25708
7210 8942 18892
8942 7210 18892
18892 7210 8942
23320 17472 27803
27803 17472 23320
17472 23320 27803
8233 2305 16339
16339 2305 8233
2305 8233 16339
2050 14840 17793
14840 2050 17793
17793 2050 14840
11984 13151 20984
20984 11984 13151
13151 11984 20984
25847 1126 11319
11319 1126 25847
1126 11319 25847
22954 7300 7918
7300 7918 22954
7918 7300 22954
18146 3549 13723
13723 3549 18146
3549 13723 18146
7241 6120 29150
29150 6120 7241
6120 7241 29150
19098 1344 19354
1344 19098 19354
19354 1344 19098
20006 13761 23745
23745 13761 20006
13761 20006 23745
1860 330 19807
330 1860 19807
19807 330 1860
15057 14421 27821
14421 15057 27821
27821 14421 15057
25806 19812 20692
20692 19812 25806
19812 20692 25806
1608 6411 16985
6411 1608 16985
16985 1608 6411
7073 1164 19798
1164 7073 19798
19798 1164 7073
10289 807 18426
807 10289 18426
18426 807 10289
797 18505 28977
28977 797 18505
18505 797 28977
27770 6802 18493
18493 6802 27770
6802 18493 27770
863 8851 12507
12507 863 8851
8851 863 12507
28794 11886 17957
17957 11886 28794
11886 17957 28794
6055 11609 26124
11609 6055 26124
26124 6055 11609
16193 11173 21949
11173 16193 21949
21949 11173 16193
10081 2932 15041
2932 10081 15041
15041 2932 10081
5869 3879 15570
3879 5869 15570
15570 3879 5869
9216 8247 16816
8247 9216 16816
16816 8247 9216
3828 15653 20123
20123 3828 15653
15653 3828 20123
14323 2804 14346
14346 2804 14323
2804 14323 14346
25894 24449 27960
24449 25894 27960
27960 24449 25894
5408 19296 22542
22542 5408 19296
19296 5408 22542
9044 1669 25298
25298 1669 9044
1669 9044 25298
19649 7581 27587
27587 7581 19649
7581 19649 27587
28312 16236 23337
16236 23337 28312
23337 16236 28312
15376 19068 24185
19068 15376 24185
24185 15376 19068
18706 5806 14303
14303 5806 18706
5806 14303 18706
9805 3907 12445
12445 3907 9805
3907 9805 12445
7765 2348 8060
8060 2348 7765
2348 7765 8060
7932 8847 17884
8847 7932 17884
17884 7932 8847
976 4999 9300
4999 976 9300
9300 976 4999
14925 10677 11807
11807 10677 14925
10677 11807 14925
27020 12690 19218
19218 12690 27020
12690 19218 27020
1318 9144 11658
11658 1318 9144
9144 1318 11658
4564 4624 25862
25862 4564 4624
4624 4564 25862
23666 9313 21698
21698 9313 23666
9313 21698 23666
8536 10145 10261
10145 8536 10261
10261 8536 10145
20189 5962 9182
5962 9182 20189
9182 5962 20189
24152 3555 25228
25228 3555 24152
3555 24152 25228
10957 6126 19353
6126 10957 19353
19353 6126 10957
7613 3880 13894
3880 7613 13894
13894 3880 7613
29643 8533 11756
11756 8533 29643
8533 11756 29643
4907 5189 27339
5189 4907 27339
27339 4907 5189
7915 9765 19412
19412 7915 9765
9765 7915 19412
11320 28332 28737
28332 11320 28737
28737 11320 28332
15735 3578 23327
3578 15735 23327
23327 3578 15735
20031 9196 20621
9196 20031 20621
20621 9196 20031
19142 11404 28407
11404 19142 28407
28407 11404 19142
7302 3790 29276
3790 7302 29276
29276 3790 7302
21454 3013 9995
9995 3013 21454
3013 9995 21454
11314 12072 24612
24612 11314 12072
12072 11314 24612
19503 10758 21233
10758 19503 21233
21233 10758 19503
4642 22465 22521
22521 4642 22465
22465 4642 22521
22851 9096 22551
9096 22551 22851
22551 9096 22851
18730 8676 23823
8676 18730 23823
23823 8676 18730
7059 7432 11968
11968 7059 7432
7432 7059 11968
21952 11767 29810
29810 11767 21952
11767 21952 29810
4457 449 16862
449 4457 16862
16862 449 4457
23893 3226 8226
3226 8226 23893
8226 3226 23893
8077 12983 18501
18501 8077 12983
12983 8077 18501
7119 3437 12639
12639 3437 7119
3437 7119 12639
432 5363 11143
11143 432 5363
5363 432 11143
17223 2947 24012
2947 17223 24012
24012 2947 17223
4346 6966 15739
6966 4346 15739
15739 4346 6966
27015 13519 18262
13519 18262 27015
18262 13519 27015
11273 199 5241
199 5241 11273
5241 199 11273
27055 5958 22803
22803 5958 27055
5958 22803 27055
10115 15262 27659
15262 10115 27659
27659 10115 15262
18980 16141 20921
16141 18980 20921
20921 16141 18980
14082 7200 12087
7200 12087 14082
12087 7200 14082
4754 15319 24765
15319 4754 24765
24765 4754 15319
15291 18921 22109
22109 15291 18921
18921 15291 22109
17954 20865 27341
20865 17954 27341
27341 17954 20865
15490 11817 23900
11817 15490 23900
23900 11817 15490
6986 16752 19887
16752 6986 19887
19887 6986 16752
22424 9853 15768
9853 15768 22424
15768 9853 22424
23703 9832 26659
26659 9832 23703
9832 23703 26659
28156 1705 27148
27148 1705 28156
1705 27148 28156
17612 20238 23990
23990 17612 20238
20238 17612 23990
6902 3844 9569
9569 3844 6902
3844 6902 9569
25984 23914 29439
29439 23914 25984
23914 25984 29439
12509 3479 26552
3479 12509 26552
26552 3479 12509
3901 7036 23323
23323 3901 7036
7036 3901 23323
7744 28058 28433
28058 7744 28433
28433 7744 28058
29298 11307 23314
23314 11307 29298
11307 23314 29298
22531 1585 11168
11168 1585 22531
1585 11168 22531
4404 23041 23076
23041 4404 23076
23076 4404 23041
13980 5175 22932
5175 13980 22932
22932 5175 13980
3706 20173 27097
27097 3706 20173
20173 3706 27097
15903 4926 5738
5738 4926 15903
4926 5738 15903
29705 820 6786
820 6786 29705
6786 820 29705
26570 7048 27152
7048 26570 27152
27152 7048 26570
28260 21851 26705
26705 21851 28260
21851 26705 28260
25673 17479 20353
20353 17479 25673
17479 20353 25673
25406 16697 27257
27257 16697 25406
16697 25406 27257
21489 6035 20657
20657 6035 21489
6035 20657 21489
15383 5154 27915
27915 5154 15383
5154 15383 27915
175 5840 6291
5840 175 6291
6291 175 5840
24945 1853 16097
1853 16097 24945
16097 1853 24945
14717 11359 27165
11359 14717 27165
27165 11359 14717
27083 7132 9870
9870 7132 27083
7132 9870 27083
26664 14337 21645
21645 14337 26664
14337 21645 26664
26796 15550 23802
23802 15550 26796
15550 23802 26796
10067 11136 24491
24491 10067 11136
11136 10067 24491
15533 16599 23431
23431 15533 16599
16599 15533 23431
22780 1485 3843
3843 1485 22780
1485 3843 22780
3606 7836 9696
7836 3606 9696
9696 3606 7836
14493 16208 27034
27034 14493 16208
16208 14493 27034
13067 394 5050
5050 394 13067
394 5050 13067
4712 6631 21514
6631 4712 21514
21514 4712 6631
21014 20365 24517
24517 20365 21014
20365 21014 24517
9911 5155 13644
5155 9911 13644
13644 5155 9911
27637 5712 14994
14994 5712 27637
5712 14994 27637
23393 15518 23879
15518 23393 23879
23879 15518 23393
9583 13598 28492
28492 9583 13598
13598 9583 28492
12813 268 9212
268 9212 12813
9212 268 12813
14233 1215 26175
1215 14233 26175
26175 1215 14233
25468 1305 12260
12260 1305 25468
1305 12260 25468
6971 20616 21765
21765 6971 20616
20616 6971 21765
23518 5311 28928
5311 23518 28928
28928 5311 23518
17663 25157 27014
25157 17663 27014
27014 17663 25157
95 17352 25906
25906 95 17352
17352 95 25906
22467 19468 27551
27551 19468 22467
19468 22467 27551
15227 515 15210
515 15210 15227
15210 515 15227
15458 10191 24323
10191 15458 24323
24323 10191 15458
4198 828 21557
828 4198 21557
21557 828 4198
17153 15839 29039
29039 15839 17153
15839 17153 29039
11304 8355 8602
8355 8602 11304
8602 8355 11304
10321 5211 28395
5211 10321 28395
28395 5211 10321
15591 15907 28199
28199 15591 15907
15907 15591 28199
11052 10520 11032
10520 11032 11052
11032 10520 11052
26679 683 3969
683 3969 26679
3969 683 26679
6082 2271 14743
14743 2271 6082
2271 6082 14743
476 20390 25426
25426 476 20390
20390 476 25426
16532 2101 2882
2101 2882 16532
2882 2101 16532
22743 7410 28081
7410 22743 28081
28081 7410 22743
7555 13041 14993
14993 7555 13041
13041 7555 14993
2584 13452 18160
13452 2584 18160
18160 2584 13452
25038 15248 21091
15248 21091 25038
21091 15248 25038
9405 10475 27416
10475 9405 27416
27416 9405 10475
5556 17589 24253
24253 5556 17589
17589 5556 24253
27824 5048 6812
5048 6812 27824
6812 5048 27824
6227 12326 19929
12326 6227 19929
19929 6227 12326
22810 200 11379
11379 200 22810
200 11379 22810
27506 18497 24045
24045 18497 27506
18497 24045 27506
26842 4756 22535
4756 22535 26842
22535 4756 26842
13195 13411 17843
13411 13195 17843
17843 13195 13411
20630 12664 19454
12664 19454 20630
19454 12664 20630
8631 1156 27029
27029 1156 8631
1156 8631 27029
16622 15493 24392
15493 16622 24392
24392 15493 16622
4506 16346 27745
27745 4506 16346
16346 4506 27745
20999 7295 20634
20634 7295 20999
7295 20634 20999
10557 20851 28217
28217 10557 20851
20851 10557 28217
20204 10479 29748
10479 20204 29748
29748 10479 20204
21435 14340 18606
14340 18606 21435
18606 14340 21435
3529 6407 29442
29442 3529 6407
6407 3529 29442
4617 6472 23878
6472 4617 23878
23878 4617 6472
17513 3488 8051
8051 3488 17513
3488 8051 17513
7752 12110 24223
24223 7752 12110
12110 7752 24223
12928 373 27987
373 12928 27987
27987 373 12928
13408 13321 14774
14774 13321 13408
13321 13408 14774
8843 14685 24419
14685 8843 24419
24419 8843 14685
6096 167 16597
167 6096 16597
16597 167 6096
15257 11933 27109
11933 15257 27109
27109 11933 15257
4778 22303 25349
22303 4778 25349
25349 4778 22303
28917 3445 22842
22842 3445 28917
3445 22842 28917
5654 8642 24583
8642 5654 24583
24583 5654 8642
19422 695 28096
695 19422 28096
28096 695 19422
5571 2168 20885
2168 5571 20885
20885 2168 5571
13651 2715 18893
18893 2715 13651
2715 13651 18893
20100 388 14011
14011 388 20100
388 14011 20100
21306 2905 23519
23519 2905 21306
2905 21306 23519
18054 15497 16186
16186 15497 18054
15497 16186 18054
20172 9336 14237
9336 14237 20172
14237 9336 20172
14907 1428 22674
22674 1428 14907
1428 14907 22674
14023 1731 6565
1731 6565 14023
6565 1731 14023
89 5112 11981
11981 89 5112
5112 89 11981
22239 18648 25332
18648 22239 25332
25332 18648 22239
17744 764 24358
764 17744 24358
24358 764 17744
18952 7678 28848
7678 18952 28848
28848 7678 18952
29426 9057 23790
9057 23790 29426
23790 9057 29426
8849 15659 16131
15659 8849 16131
16131 8849 15659
29839 1799 27370
1799 27370 29839
27370 1799 29839
12488 9601 28397
28397 9601 12488
9601 12488 28397
17495 9128 21864
21864 9128 17495
9128 17495 21864
20088 16227 18636
16227 18636 20088
18636 16227 20088
5753 25421 29744
29744 5753 25421
25421 5753 29744
24218 610 3147
3147 610 24218
610 3147 24218
10420 5443 24362
5443 10420 24362
24362 5443 10420
12935 12439 18803
12439 12935 18803
18803 12439 12935
15710 20479 29941
29941 15710 20479
20479 15710 29941
11316 15264 29483
29483 11316 15264
15264 11316 29483
22907 1096 21772
21772 1096 22907
1096 21772 22907
21060 10878 11906
11906 10878 21060
10878 11906 21060
9142 5184 26577
26577 5184 9142
5184 9142 26577
12266 16995 25928
16995 12266 25928
25928 12266 16995
7517 4186 19590
4186 7517 19590
19590 4186 7517
15796 18998 27033
18998 15796 27033
27033 15796 18998
27565 9648 28762
9648 27565 28762
28762 9648 27565
28893 12972 18510
12972 18510 28893
18510 12972 28893
5313 11137 20875
11137 5313 20875
20875 5313 11137
16437 1851 29445
29445 1851 16437
1851 16437 29445
15748 21746 28555
28555 15748 21746
21746 15748 28555
7246 3045 7142
7142 3045 7246
3045 7142 7246
22847 10676 26306
26306 10676 22847
10676 22847 26306
24962 7480 23478
7480 23478 24962
23478 7480 24962
12996 6686 26868
6686 12996 26868
26868 6686 12996
28884 11306 24361
11306 24361 28884
24361 11306 28884
26473 19069 20719
20719 19069 26473
19069 20719 26473
13678 4333 29807
4333 13678 29807
29807 4333 13678
2335 1728 13608
1728 2335 13608
13608 1728 2335
11475 23736 27813
27813 11475 23736
23736 11475 27813
10802 6343 18698
6343 10802 18698
18698 6343 10802
739 14931 19229
14931 739 19229
19229 739 14931
11508 9868 26322
26322 9868 11508
9868 11508 26322
9512 804 10036
10036 804 9512
804 9512 10036
10258 20199 26310
20199 10258 26310
26310 10258 20199
10038 15187 24378
24378 10038 15187
15187 10038 24378
10055 4090 27311
27311 4090 10055
4090 10055 27311
24008 2046 23678
23678 2046 24008
2046 23678 24008
11506 26551 28751
28751 11506 26551
26551 11506 28751
25054 5368 21230
5368 21230 25054
21230 5368 25054
23590 6695 25985
6695 23590 25985
25985 6695 23590
15250 18763 27038
18763 15250 27038
27038 15250 18763
10026 15504 22081
15504 10026 22081
22081 10026 15504
3726 1132 14596
14596 1132 3726
1132 3726 14596
5074 3363 22757
3363 5074 22757
22757 3363 5074
25697 20957 22235
20957 22235 25697
22235 20957 25697
26561 4377 14075
14075 4377 26561
4377 14075 26561
24250 15312 19171
19171 15312 24250
15312 19171 24250
29317 20440 29867
20440 29317 29867
29867 20440 29317
25307 1225 4552
1225 4552 25307
4552 1225 25307
12888 5530 15820
5530 12888 15820
15820 5530 12888
17009 980 18391
18391 980 17009
980 17009 18391
19008 7146 12730
12730 7146 19008
7146 12730 19008
25265 5839 12192
5839 12192 25265
12192 5839 25265
10476 7852 10129
7852 10129 10476
10129 7852 10476
1371 10819 29078
10819 1371 29078
29078 1371 10819
14757 687 24955
687 14757 24955
24955 687 14757
26086 21183 25350
25350 21183 26086
21183 25350 26086
22573 22440 29884
29884 22440 22573
22440 22573 29884
2389 20798 29525
20798 2389 29525
29525 2389 20798
2454 2060 27715
27715 2060 2454
2060 2454 27715
8753 16974 22779
16974 8753 22779
22779 8753 16974
24052 11413 16912
11413 16912 24052
16912 11413 24052
20151 10039 17558
10039 17558 20151
17558 10039 20151
14460 13569 19938
13569 14460 19938
19938 13569 14460
4758 10655 14760
14760 4758 10655
10655 4758 14760
27907 3166 18665
3166 18665 27907
18665 3166 27907
9148 22539 28743
22539 9148 28743
28743 9148 22539
16340 29163 29859
29163 16340 29859
29859 16340 29163
7759 3728 6578
6578 3728 7759
3728 6578 7759
3801 6778 16576
16576 3801 6778
6778 3801 16576
29375 14722 26425
26425 14722 29375
14722 26425 29375
8164 1478 16332
1478 8164 16332
16332 1478 8164
17276 7891 22187
22187 7891 17276
7891 17276 22187
27496 14425 20117
14425 20117 27496
20117 14425 27496
84 9984 27004
9984 84 27004
27004 84 9984
14232 14545 25070
14545 14232 25070
25070 14232 14545
29613 4339 28564
28564 4339 29613
4339 28564 29613
21853 25150 29611
25150 21853 29611
29611 21853 25150
23858 5684 9256
5684 9256 23858
9256 5684 23858
4694 15015 22560
22560 4694 15015
15015 4694 22560
27920 8762 27492
27492 8762 27920
8762 27492 27920
12577 17952 21734
17952 12577 21734
21734 12577 17952
1008 3658 23948
3658 1008 23948
23948 1008 3658
5045 3181 10403
3181 5045 10403
10403 3181 5045
27609 1431 15940
15940 1431 27609
1431 15940 27609
19203 9974 28775
28775 9974 19203
9974 19203 28775
8363 616 12986
616 8363 12986
12986 616 8363
7465 1648 18624
18624 1648 7465
1648 7465 18624
18163 5356 21713
21713 5356 18163
5356 18163 21713
21249 6290 11642
11642 6290 21249
6290 11642 21249
14059 21452 25600
25600 14059 21452
21452 14059 25600
1741 2504 5906
2504 1741 5906
5906 1741 2504
8720 9230 12994
12994 8720 9230
9230 8720 12994
24541 8955 15120
15120 8955 24541
8955 15120 24541
10253 3875 25018
3875 10253 25018
25018 3875 10253
23032 4269 4792
4792 4269 23032
4269 4792 23032
5150 6308 20352
20352 5150 6308
6308 5150 20352
27417 7593 18817
18817 7593 27417
7593 18817 27417
26007 6419 23262
6419 23262 26007
23262 6419 26007
28359 10876 12321
12321 10876 28359
10876 12321 28359
14108 5764 25996
25996 5764 14108
5764 14108 25996
8569 28967 29465
28967 8569 29465
29465 8569 28967
4757 6550 20867
6550 4757 20867
20867 4757 6550
14563 6327 25323
6327 14563 25323
25323 6327 14563
4767 13329 16251
16251 4767 13329
13329 4767 16251
241 7346 7381
7346 241 7381
7381 241 7346
7845 6741 24341
6741 7845 24341
24341 6741 7845
26800 10365 14500
14500 10365 26800
10365 14500 26800
5355 11488 24207
24207 5355 11488
11488 5355 24207
272 13417 24702
13417 272 24702
24702 272 13417
19003 6566 21320
6566 19003 21320
21320 6566 19003
6667 2437 3958
3958 2437 6667
2437 3958 6667
11224 18311 29581
29581 11224 18311
18311 11224 29581
25122 10613 20382
20382 10613 25122
10613 20382 25122
17738 899 1967
899 1967 17738
1967 899 17738
25099 24664 29846
24664 25099 29846
29846 24664 25099
10756 13119 13571
13571 10756 13119
13119 10756 13571
8999 4696 20099
4696 8999 20099
20099 4696 8999
8334 23861 26602
23861 8334 26602
26602 8334 23861
5876 10764 19470
10764 5876 19470
19470 5876 10764
13254 24406 28344
28344 13254 24406
24406 13254 28344
22441 7096 7598
7096 7598 22441
7598 7096 22441
14029 21759 24930
21759 14029 24930
24930 14029 21759
4731 6600 24224
24224 4731 6600
6600 4731 24224
13163 1169 12896
1169 12896 13163
12896 1169 13163
6660 28244 28337
28337 6660 28244
28244 6660 28337
2838 1308 12168
12168 1308 2838
1308 2838 12168
27556 22748 28319
28319 22748 27556
22748 27556 28319
23154 9200 12496
12496 9200 23154
9200 12496 23154
20725 8501 21019
8501 20725 21019
21019 8501 20725
20819 22522 23598
23598 20819 22522
22522 20819 23598
19411 6635 19253
19253 6635 19411
6635 19253 19411
11662 3099 22328
3099 11662 22328
22328 3099 11662
1517 621 12932
12932 621 1517
621 1517 12932
18223 24776 26962
24776 18223 26962
26962 18223 24776
27514 22428 28370
22428 27514 28370
28370 22428 27514
28654 23952 25072
23952 25072 28654
25072 23952 28654
13108 13595 23169
13595 13108 23169
23169 13108 13595
28619 3513 29325
29325 3513 28619
3513 28619 29325
10350 10113 26218
26218 10113 10350
10113 10350 26218
17872 1457 12943
12943 1457 17872
1457 12943 17872
11460 13040 28068
13040 11460 28068
28068 11460 13040
24436 17624 21034
17624 21034 24436
21034 17624 24436
21686 14677 16091
14677 16091 21686
16091 14677 21686
3370 26754 28349
26754 3370 28349
28349 3370 26754
21701 22364 26228
26228 21701 22364
22364 21701 26228
26028 26374 29257
29257 26028 26374
26374 26028 29257
25563 4080 21430
4080 21430 25563
21430 4080 25563
19848 23258 28071
28071 19848 23258
23258 19848 28071
11965 6272 26793
6272 11965 26793
26793 6272 11965
24399 4830 28961
4830 24399 28961
28961 4830 24399
3155 463 7164
7164 463 3155
463 3155 7164
8168 4164 7799
4164 7799 8168
7799 4164 8168
14504 97 29675
97 14504 29675
29675 97 14504
27051 13851 25161
25161 13851 27051
13851 25161 27051
9508 11550 14841
14841 9508 11550
11550 9508 14841
18761 1309 29679
1309 18761 29679
29679 1309 18761
3554 8070 18137
8070 3554 18137
18137 3554 8070
12647 20135 25201
25201 12647 20135
20135 12647 25201
27704 2136 2343
2136 2343 27704
2343 2136 27704
23987 10832 24772
24772 10832 23987
10832 23987 24772
23374 12604 22536
22536 12604 23374
12604 22536 23374
5484 349 29305
29305 349 5484
349 5484 29305
10813 10982 28422
10982 10813 28422
28422 10813 10982
859 21238 28512
21238 859 28512
28512 859 21238
2759 10737 29662
10737 2759 29662
29662 2759 10737
11380 7123 27052
27052 7123 11380
7123 11380 27052
9022 947 2568
2568 947 9022
947 2568 9022
6124 13152 23215
23215 6124 13152
13152 6124 23215
17750 17108 23010
17108 17750 23010
23010 17108 17750
26936 6200 13820
13820 6200 26936
6200 13820 26936
8162 7184 11218
11218 7184 8162
7184 8162 11218
2080 1011 7606
1011 2080 7606
7606 1011 2080
9752 19504 21700
19504 9752 21700
21700 9752 19504
10728 7520 20156
20156 7520 10728
7520 10728 20156
5204 3449 20643
20643 3449 5204
3449 5204 20643
526 21989 29878
29878 526 21989
21989 526 29878
399 11177 19604
11177 399 19604
19604 399 11177
3477 22380 26239
22380 3477 26239
26239 3477 22380
12160 12344 29356
12344 12160 29356
29356 12160 12344
14586 17107 25657
25657 14586 17107
17107 14586 25657
2444 7996 25549
25549 2444 7996
7996 2444 25549
1868 5952 13300
13300 1868 5952
5952 1868 13300
21525 5939 27134
27134 5939 21525
5939 21525 27134
5046 1241 28423
28423 1241 5046
1241 5046 28423
22700 5188 12618
12618 5188 22700
5188 12618 22700
17867 17833 18065
18065 17833 17867
17833 17867 18065
17473 14 14972
14 14972 17473
14972 14 17473
10840 8202 18343
18343 8202 10840
8202 10840 18343
23730 4319 15106
4319 15106 23730
15106 4319 23730
20556 8261 15978
15978 8261 20556
8261 15978 20556
10579 8289 15224
15224 8289 10579
8289 10579 15224
27755 1200 8127
1200 8127 27755
8127 1200 27755
5696 5642 21798
21798 5642 5696
5642 5696 21798
26620 13871 28371
28371 13871 26620
13871 26620 28371
327 16567 29875
16567 327 29875
29875 327 16567
15289 1409 7169
1409 7169 15289
7169 1409 15289
10739 13342 18799
13342 10739 18799
18799 10739 13342
23118 2689 29070
2689 23118 29070
29070 2689 23118
3841 17059 29712
29712 3841 17059
17059 3841 29712
1594 11673 20074
11673 1594 20074
20074 1594 11673
2798 2849 18404
18404 2798 2849
2849 2798 18404
13361 8681 12206
8681 12206 13361
12206 8681 13361
22790 13381 27635
13381 22790 27635
27635 13381 22790
10077 10724 22556
10724 10077 22556
22556 10077 10724
23887 13898 17065
13898 17065 23887
17065 13898 23887
13125 917 24011
917 13125 24011
24011 917 13125
13975 12736 22874
22874 12736 13975
12736 13975 22874
20309 14695 21346
21346 14695 20309
14695 20309 21346
15928 627 27503
27503 627 15928
627 15928 27503
12443 4985 17747
4985 12443 17747
17747 4985 12443
20000 19099 27834
27834 19099 20000
19099 20000 27834
46 22256 24917
22256 46 24917
24917 46 22256
16783 3017 6123
3017 6123 16783
6123 3017 16783
26098 1759 14738
1759 14738 26098
14738 1759 26098
21005 14969 15114
14969 15114 21005
15114 14969 21005
3287 8937 26177
26177 3287 8937
8937 3287 26177
14146 2019 9063
9063 2019 14146
2019 9063 14146
22357 11751 16198
16198 11751 22357
11751 16198 22357
5089 20255 28403
28403 5089 20255
20255 5089 28403
10443 3377 27266
27266 3377 10443
3377 10443 27266
24637 5914 10320
10320 5914 24637
5914 10320 24637
19952 20947 26913
26913 19952 20947
20947 19952 26913
28073 2363 13179
13179 2363 28073
2363 13179 28073
2058 5680 26189
26189 2058 5680
5680 2058 26189
23462 5581 14884
5581 14884 23462
14884 5581 23462
2587 23120 26634
23120 2587 26634
26634 2587 23120
16416 24781 26136
26136 16416 24781
24781 16416 26136
12253 11054 25442
11054 12253 25442
25442 11054 12253
18853 6088 29512
6088 18853 29512
29512 6088 18853
17753 12063 26462
12063 17753 26462
26462 12063 17753
17996 16707 21444
21444 16707 17996
16707 17996 21444
2864 5546 12832
12832 2864 5546
5546 2864 12832
10279 3038 20283
20283 3038 10279
3038 10279 20283
409 1510 29401
29401 409 1510
1510 409 29401
29687 3423 10726
3423 10726 29687
10726 3423 29687
27809 2833 16235
2833 16235 27809
16235 2833 27809
11649 9312 15874
9312 11649 15874
15874 9312 11649
307 3911 23658
3911 307 23658
23658 307 3911
24120 7927 25519
25519 7927 24120
7927 24120 25519
7400 16953 25397
16953 7400 25397
25397 7400 16953
2061 18381 25771
25771 2061 18381
18381 2061 25771
27524 7991 16061
7991 16061 27524
16061 7991 27524
3927 5431 13251
5431 3927 13251
13251 3927 5431
18298 417 5177
417 5177 18298
5177 417 18298
8102 6642 27344
27344 6642 8102
6642 8102 27344
665 448 5471
448 665 5471
5471 448 665
7843 4418 19291
19291 4418 7843
4418 7843 19291
9040 6590 11108
11108 6590 9040
6590 9040 11108
5098 2152 4079
2152 4079 5098
4079 2152 5098
4134 404 19711
404 4134 19711
19711 404 4134
27296 1321 14920
14920 1321 27296
1321 14920 27296
12306 19721 24803
24803 12306 19721
19721 12306 24803
9657 17936 24363
24363 9657 17936
17936 9657 24363
21741 4507 6633
4507 6633 21741
6633 4507 21741
13009 4259 25956
4259 13009 25956
25956 4259 13009
2306 7869 8530
7869 2306 8530
8530 2306 7869
5725 20812 27113
27113 5725 20812
20812 5725 27113
19940 13716 26300
26300 13716 19940
13716 19940 26300
26957 9505 9534
9534 9505 26957
9505 9534 26957
26415 8322 12636
12636 8322 26415
8322 12636 26415
13744 11214 28294
11214 13744 28294
28294 11214 13744
14463 7536 27791
27791 7536 14463
7536 14463 27791
14446 17362 21484
17362 14446 21484
21484 14446 17362
15138 2436 21743
2436 15138 21743
21743 2436 15138
26494 13344 18042
18042 13344 26494
13344 18042 26494
12250 2279 22986
2279 12250 22986
22986 2279 12250
888 29340 29418
29340 888 29418
29418 888 29340
11551 1363 6190
1363 6190 11551
6190 1363 11551
16797 2258 3044
3044 2258 16797
2258 3044 16797
17707 2643 7610
2643 7610 17707
7610 2643 17707
