1728 984 1704
984 1704 1728
1704 984 1728
814 659 2728
2728 659 814
659 814 2728
138 1662 1685
1685 138 1662
1662 138 1685
69 182 561
561 69 182
182 69 561
2804 1185 1311
1311 1185 2804
1185 1311 2804
1109 1495 1963
1963 1109 1495
1495 1109 1963
158 530 2400
530 158 2400
2400 158 530
477 2146 2297
2297 477 2146
2146 477 2297
42 1693 2998
1693 42 2998
2998 42 1693
178 418 2039
2039 178 418
418 178 2039
1274 246 323
323 246 1274
246 323 1274
2990 1206 2222
1206 2222 2990
2222 1206 2990
1997 122 1650
1650 122 1997
122 1650 1997
2111 521 1118
521 1118 2111
1118 521 2111
2726 78 2646
2646 78 2726
78 2646 2726
1191 2670 2733
2670 1191 2733
2733 1191 2670
2362 44 2313
2313 44 2362
44 2313 2362
91 261 574
574 91 261
261 91 574
2635 2109 2849
2109 2635 2849
2849 2109 2635
1418 356 1390
1390 356 1418
356 1390 1418
2836 1286 2899
2899 1286 2836
1286 2836 2899
65 786 1136
786 65 1136
1136 65 786
2511 487 490
487 490 2511
490 487 2511
1192 567 2604
567 1192 2604
2604 567 1192
1880 1597 1657
1657 1597 1880
1597 1657 1880
2113 1572 2101
1572 2101 2113
2101 1572 2113
2985 1250 2394
2394 1250 2985
1250 2394 2985
615 1599 1935
1935 615 1599
1599 615 1935
2628 386 476
476 386 2628
386 476 2628
2688 1467 2348
2348 1467 2688
1467 2348 2688
2857 80 512
512 80 2857
80 512 2857
2599 1680 2721
2721 1680 2599
1680 2599 2721
2369 94 430
94 430 2369
430 94 2369
167 396 701
701 167 396
396 167 701
2986 2624 2768
2624 2768 2986
2768 2624 2986
676 175 1891
175 676 1891
1891 175 676
2873 2469 2524
2469 2524 2873
2524 2469 2873
1073 1030 1371
1030 1073 1371
1371 1030 1073
1980 365 869
365 869 1980
869 365 1980
1020 779 1193
1193 779 1020
779 1020 1193
2631 784 2507
2507 784 2631
784 2507 2631
1165 924 1983
1983 924 1165
924 1165 1983
2071 1937 2493
1937 2071 2493
2493 1937 2071
818 1186 1901
1186 818 1901
1901 818 1186
37 2495 2920
2920 37 2495
2495 37 2920
2344 573 1925
1925 573 2344
573 1925 2344
324 560 2414
2414 324 560
560 324 2414
2066 1074 2807
1074 2066 2807
2807 1074 2066
2992 1282 2799
2799 1282 2992
1282 2799 2992
2409 2244 2732
2732 2244 2409
2244 2409 2732
2250 1149 2738
1149 2250 2738
2738 1149 2250
2097 1943 2020
1943 2020 2097
2020 1943 2097
670 325 1559
325 670 1559
1559 325 670
2527 99 2973
2973 99 2527
99 2527 2973
1836 1614 2894
1614 1836 2894
2894 1614 1836
2309 334 775
334 775 2309
775 334 2309
1224 2354 2840
2354 1224 2840
2840 1224 2354
1884 699 1973
699 1884 1973
1973 699 1884
89 1940 1946
1946 89 1940
1940 89 1946
372 1456 1660
1456 372 1660
1660 372 1456
2549 1083 1251
1083 1251 2549
1251 1083 2549
1183 684 2049
2049 684 1183
684 1183 2049
1855 764 1049
1049 764 1855
764 1049 1855
2321 165 937
937 165 2321
165 937 2321
738 230 806
230 738 806
806 230 738
1759 831 2108
2108 831 1759
831 1759 2108
998 1071 2981
1071 998 2981
2981 998 1071
1090 1184 1852
1184 1090 1852
1852 1090 1184
127 134 1076
134 127 1076
1076 127 134
1350 463 2445
463 1350 2445
2445 463 1350
873 529 939
529 873 939
939 529 873
1220 1356 1755
1356 1220 1755
1755 1220 1356
1978 705 2550
705 1978 2550
2550 705 1978
297 2426 2657
2426 297 2657
2657 297 2426
2011 1077 2911
1077 2011 2911
2911 1077 2011
2028 2331 2749
2749 2028 2331
2331 2028 2749
1319 409 2481
409 1319 2481
2481 409 1319
773 889 2155
889 773 2155
2155 773 889
1803 267 890
267 890 1803
890 267 1803
1900 13 1672
13 1672 1900
1672 13 1900
713 635 1776
1776 635 713
635 713 1776
1166 8 120
120 8 1166
8 120 1166
1837 55 1545
55 1545 1837
1545 55 1837
2328 808 2969
808 2328 2969
2969 808 2328
845 104 1280
1280 104 845
104 845 1280
1287 162 427
162 427 1287
427 162 1287
2332 498 2713
2713 498 2332
498 2332 2713
2506 29 137
137 29 2506
29 137 2506
2192 1590 2755
2755 1590 2192
1590 2192 2755
1194 1601 2110
2110 1194 1601
1601 1194 2110
243 2569 2848
2848 243 2569
2569 243 2848
248 972 1912
1912 248 972
972 248 1912
1749 287 1628
287 1628 1749
1628 287 1749
1658 1939 1977
1939 1658 1977
1977 1658 1939
777 896 1434
896 777 1434
1434 777 896
1462 2534 2839
2534 1462 2839
2839 1462 2534
2206 470 2623
2623 470 2206
470 2206 2623
1115 2139 2291
2139 1115 2291
2291 1115 2139
514 2095 2345
2345 514 2095
2095 514 2345
2693 540 2302
2302 540 2693
540 2302 2693
686 2017 2451
2451 686 2017
2017 686 2451
2303 554 2467
2467 554 2303
554 2303 2467
2867 1962 2577
2577 1962 2867
1962 2577 2867
2917 366 472
472 366 2917
366 472 2917
1384 200 1052
1052 200 1384
200 1052 1384
86 1278 2379
1278 86 2379
2379 86 1278
704 1040 1766
1040 704 1766
1766 704 1040
652 935 2412
2412 652 935
935 652 2412
1528 626 1857
1857 626 1528
626 1528 1857
1273 1668 1722
1668 1273 1722
1722 1273 1668
387 1514 1971
1971 387 1514
1514 387 1971
2175 698 732
698 732 2175
732 698 2175
2835 1122 1441
1441 1122 2835
1122 1441 2835
1161 311 877
877 311 1161
311 877 1161
1401 1417 2525
2525 1401 1417
1417 1401 2525
791 1157 2859
2859 791 1157
1157 791 2859
860 750 2061
750 860 2061
2061 750 860
364 375 2197
2197 364 375
375 364 2197
1673 1785 1791
1785 1673 1791
1791 1673 1785
1618 327 1325
1325 327 1618
327 1325 1618
562 273 1138
1138 273 562
273 562 1138
1947 1270 2006
2006 1270 1947
1270 1947 2006
1602 410 2236
2236 410 1602
410 1602 2236
341 708 2638
2638 341 708
708 341 2638
978 467 2200
467 978 2200
2200 467 978
2470 548 1821
548 1821 2470
1821 548 2470
2707 255 1333
1333 255 2707
255 1333 2707
1050 197 232
232 197 1050
197 232 1050
707 1252 1965
1252 707 1965
1965 707 1252
453 2531 2972
2972 453 2531
2531 453 2972
1816 1471 2683
1471 1816 2683
2683 1471 1816
1015 119 2541
119 1015 2541
2541 119 1015
1633 1326 2338
2338 1326 1633
1326 1633 2338
2275 436 2415
2415 436 2275
436 2275 2415
384 537 1312
537 384 1312
1312 384 537
107 28 872
28 107 872
872 28 107
321 157 2717
2717 157 321
157 321 2717
555 2089 2356
2089 555 2356
2356 555 2089
715 729 2319
2319 715 729
729 715 2319
68 254 2292
254 68 2292
2292 68 254
2902 832 1748
1748 832 2902
832 1748 2902
2304 994 2513
994 2304 2513
2513 994 2304
2203 1889 2719
1889 2203 2719
2719 1889 2203
2450 1171 1713
1713 1171 2450
1171 1713 2450
946 1938 1974
1938 946 1974
1974 946 1938
1754 121 2856
121 1754 2856
2856 121 1754
60 464 1198
464 60 1198
1198 60 464
2742 2209 2523
2523 2209 2742
2209 2523 2742
70 1485 1875
1875 70 1485
1485 70 1875
1113 1921 2554
2554 1113 1921
1921 1113 2554
1404 2270 2449
2449 1404 2270
2270 1404 2449
1102 510 2862
510 1102 2862
2862 510 1102
1156 1690 2562
2562 1156 1690
1690 1156 2562
1747 967 2125
967 1747 2125
2125 967 1747
1571 1383 2233
1383 1571 2233
2233 1383 1571
170 772 1519
772 170 1519
1519 170 772
434 903 2711
903 434 2711
2711 434 903
331 1012 1957
1957 331 1012
1012 331 1957
838 974 2062
2062 838 974
974 838 2062
752 351 421
421 351 752
351 421 752
2619 474 2300
474 2300 2619
2300 474 2619
1324 711 975
975 711 1324
711 975 1324
280 2047 2148
2047 280 2148
2148 280 2047
2877 1525 1868
1525 1868 2877
1868 1525 2877
206 1838 2105
1838 206 2105
2105 206 1838
914 1223 2949
1223 914 2949
2949 914 1223
164 2231 2971
2231 164 2971
2971 164 2231
966 1674 2159
2159 966 1674
1674 966 2159
460 482 2940
2940 460 482
482 460 2940
7 1180 2431
1180 7 2431
2431 7 1180
2752 976 1153
976 1153 2752
1153 976 2752
2962 1840 2154
2154 1840 2962
1840 2154 2962
2567 2834 2963
2963 2567 2834
2834 2567 2963
643 1780 2558
2558 643 1780
1780 643 2558
2988 221 306
221 306 2988
306 221 2988
799 1812 2475
1812 799 2475
2475 799 1812
1163 236 915
915 236 1163
236 915 1163
1424 262 849
262 849 1424
849 262 1424
2098 1021 1533
1021 1533 2098
1533 1021 2098
1498 1205 2317
2317 1205 1498
1205 1498 2317
2026 591 1235
1235 591 2026
591 1235 2026
1310 1644 1926
1644 1310 1926
1926 1310 1644
843 917 2461
917 843 2461
2461 843 917
2398 2483 2996
2996 2398 2483
2483 2398 2996
2831 532 550
532 550 2831
550 532 2831
1213 1710 2821
1710 1213 2821
2821 1213 1710
2349 118 2522
118 2349 2522
2522 118 2349
350 252 1581
1581 252 350
252 350 1581
1491 362 2235
362 1491 2235
2235 362 1491
1143 2843 2858
2858 1143 2843
2843 1143 2858
1374 2082 2259
2082 1374 2259
2259 1374 2082
887 692 716
692 716 887
716 692 887
2063 776 1721
776 1721 2063
1721 776 2063
2639 1060 1322
1322 1060 2639
1060 1322 2639
295 981 1392
1392 295 981
981 295 1392
1885 1636 1739
1636 1739 1885
1739 1636 1885
2465 1380 1725
1725 1380 2465
1380 1725 2465
1222 1197 2929
1197 1222 2929
2929 1197 1222
1260 1493 1827
1827 1260 1493
1493 1260 1827
2243 198 2622
2622 198 2243
198 2243 2622
940 1663 1702
1663 940 1702
1702 940 1663
733 1649 2329
1649 733 2329
2329 733 1649
619 695 2510
695 619 2510
2510 619 695
2107 136 536
136 536 2107
536 136 2107
943 1034 1105
1034 943 1105
1105 943 1034
2709 1781 1992
1992 1781 2709
1781 1992 2709
90 309 2476
2476 90 309
309 90 2476
1142 694 1472
1472 694 1142
694 1142 1472
2901 1391 2281
1391 2281 2901
2281 1391 2901
1701 2120 2373
2120 1701 2373
2373 1701 2120
1027 199 1659
199 1027 1659
1659 199 1027
1261 2714 2884
2714 1261 2884
2884 1261 2714
1579 336 2229
336 1579 2229
2229 336 1579
214 639 2951
639 214 2951
2951 214 639
657 1470 1862
1470 657 1862
1862 657 1470
2407 830 2762
830 2407 2762
2762 830 2407
991 1506 1788
1506 991 1788
1788 991 1506
1773 130 1750
130 1750 1773
1750 130 1773
227 1762 2463
1762 227 2463
2463 227 1762
2258 1202 2861
1202 2258 2861
2861 1202 2258
2122 1861 1967
1861 1967 2122
1967 1861 2122
745 1010 1345
1345 745 1010
1010 745 1345
2202 161 2829
2829 161 2202
161 2202 2829
2308 222 1619
222 1619 2308
1619 222 2308
2325 785 1449
785 1449 2325
1449 785 2325
2268 1175 2498
2498 1175 2268
1175 2268 2498
128 970 1133
1133 128 970
970 128 1133
2898 1941 2240
2240 1941 2898
1941 2240 2898
382 377 1007
377 382 1007
1007 377 382
45 552 2545
2545 45 552
552 45 2545
2171 226 1698
226 1698 2171
1698 226 2171
743 425 507
507 425 743
425 507 743
2055 145 2391
145 2055 2391
2391 145 2055
1454 204 359
204 359 1454
359 204 1454
1536 1835 2046
2046 1536 1835
1835 1536 2046
753 1547 1841
1547 753 1841
1841 753 1547
1591 2059 2944
2059 1591 2944
2944 1591 2059
2571 437 1407
437 1407 2571
1407 437 2571
1888 945 2351
2351 945 1888
945 1888 2351
749 15 956
15 749 956
956 15 749
1740 575 1335
1335 575 1740
575 1335 1740
1469 483 1126
483 1126 1469
1126 483 1469
504 228 1349
228 504 1349
1349 228 504
282 1091 2518
2518 282 1091
1091 282 2518
936 2343 2815
2343 936 2815
2815 936 2343
6 330 2700
2700 6 330
330 6 2700
1987 628 2679
2679 628 1987
628 1987 2679
1994 95 802
95 802 1994
802 95 1994
1120 92 1497
1497 92 1120
92 1120 1497
2794 38 2364
38 2364 2794
2364 38 2794
1953 1751 2570
2570 1751 1953
1751 1953 2570
2596 1189 1715
1715 1189 2596
1189 1715 2596
19 1877 2249
2249 19 1877
1877 19 2249
2381 864 1923
1923 864 2381
864 1923 2381
794 792 897
792 794 897
897 792 794
2287 294 751
751 294 2287
294 751 2287
2393 622 2934
622 2393 2934
2934 622 2393
2367 663 2327
663 2327 2367
2327 663 2367
26 14 385
385 14 26
14 26 385
1641 2038 2565
2038 1641 2565
2565 1641 2038
2405 527 1622
527 1622 2405
1622 527 2405
2887 143 759
759 143 2887
143 759 2887
258 2121 2686
2686 258 2121
2121 258 2686
2073 303 2320
2320 303 2073
303 2073 2320
995 1811 2775
1811 995 2775
2775 995 1811
2712 1315 2561
2561 1315 2712
1315 2561 2712
1737 891 2855
2855 891 1737
891 1737 2855
251 98 1041
98 251 1041
1041 98 251
2816 688 1403
688 1403 2816
1403 688 2816
571 1320 1465
1320 571 1465
1465 571 1320
1807 1831 2339
1831 1807 2339
2339 1807 1831
2142 545 2744
2744 545 2142
545 2142 2744
310 1871 2845
1871 310 2845
2845 310 1871
1999 886 1954
1954 886 1999
886 1954 1999
2553 2126 2842
2842 2126 2553
2126 2553 2842
1436 52 193
193 52 1436
52 193 1436
1329 2458 2923
2923 1329 2458
2458 1329 2923
2019 641 2012
2012 641 2019
641 2012 2019
908 2337 2658
2337 908 2658
2658 908 2337
2852 149 1277
149 1277 2852
1277 149 2852
393 682 1794
682 393 1794
1794 393 682
2793 2786 2964
2786 2793 2964
2964 2786 2793
358 703 2922
703 358 2922
2922 358 703
2919 373 1626
373 1626 2919
1626 373 2919
969 2305 2833
2305 969 2833
2833 969 2305
335 2099 2984
2984 335 2099
2099 335 2984
1225 977 2254
2254 977 1225
977 1225 2254
766 1432 2760
2760 766 1432
1432 766 2760
2892 2033 2927
2033 2892 2927
2927 2033 2892
965 780 923
923 780 965
780 923 965
1670 621 816
816 621 1670
621 816 1670
1813 1412 2045
1412 1813 2045
2045 1412 1813
1979 718 2583
2583 718 1979
718 1979 2583
2224 289 449
449 289 2224
289 449 2224
2725 947 2790
947 2725 2790
2790 947 2725
2765 2186 2447
2186 2447 2765
2447 2186 2765
2421 192 2311
2311 192 2421
192 2311 2421
1386 2823 2869
2869 1386 2823
2823 1386 2869
1079 452 1055
1055 452 1079
452 1055 1079
1313 407 2844
407 1313 2844
2844 407 1313
2027 135 2299
135 2027 2299
2299 135 2027
2772 1608 2002
2002 1608 2772
1608 2002 2772
741 1087 1775
1775 741 1087
1087 741 1775
2003 496 2809
2809 496 2003
496 2003 2809
1154 299 1647
1647 299 1154
299 1154 1647
1466 2411 2743
2743 1466 2411
2411 1466 2743
1291 320 2968
2968 320 1291
320 1291 2968
2273 990 1760
990 1760 2273
1760 990 2273
2156 778 1088
778 1088 2156
1088 778 2156
2874 685 2116
2116 685 2874
685 2116 2874
2504 405 804
804 405 2504
405 804 2504
948 1603 2846
2846 948 1603
1603 948 2846
1437 662 1703
1703 662 1437
662 1437 1703
2668 856 1605
1605 856 2668
856 1605 2668
687 417 1382
417 687 1382
1382 417 687
2024 993 1093
1093 993 2024
993 1093 2024
2456 1011 1463
1011 1463 2456
1463 1011 2456
796 81 142
81 142 796
142 81 796
1000 82 450
82 450 1000
450 82 1000
2715 1101 2651
1101 2651 2715
2651 1101 2715
654 678 1181
678 654 1181
1181 654 678
1032 369 2134
369 1032 2134
2134 369 1032
2262 720 1242
1242 720 2262
720 1242 2262
1082 2090 2361
2090 1082 2361
2361 1082 2090
2068 1135 1848
1135 1848 2068
1848 1135 2068
885 126 486
486 126 885
126 486 885
2312 811 1100
811 1100 2312
1100 811 2312
2132 361 511
361 511 2132
511 361 2132
2741 1839 2198
1839 2198 2741
2198 1839 2741
59 292 1777
292 59 1777
1777 59 292
1358 640 1017
640 1017 1358
1017 640 1358
150 1640 1671
1671 150 1640
1640 150 1671
2284 1004 2767
1004 2284 2767
2767 1004 2284
1972 1834 2043
1834 1972 2043
2043 1834 1972
2946 1684 2958
2958 1684 2946
1684 2946 2958
66 2472 2791
2472 66 2791
2791 66 2472
1307 624 1832
624 1307 1832
1832 624 1307
665 1818 2497
1818 665 2497
2497 665 1818
1336 1488 2034
2034 1336 1488
1488 1336 2034
404 36 651
651 36 404
36 404 651
2557 481 1354
1354 481 2557
481 1354 2557
2080 2380 2853
2853 2080 2380
2380 2080 2853
2425 314 2477
2477 314 2425
314 2425 2477
2191 380 1542
1542 380 2191
380 1542 2191
2987 2051 2341
2341 2051 2987
2051 2341 2987
2496 1443 1595
1443 1595 2496
1595 1443 2496
1988 239 681
681 239 1988
239 681 1988
2778 1203 1913
1203 1913 2778
1913 1203 2778
700 1600 2158
2158 700 1600
1600 700 2158
2083 1256 2010
2010 1256 2083
1256 2010 2083
649 2193 2457
2457 649 2193
2193 649 2457
144 235 1872
235 144 1872
1872 144 235
809 1627 1924
1924 809 1627
1627 809 1924
2580 2014 2551
2014 2551 2580
2551 2014 2580
316 2293 2808
2293 316 2808
2808 316 2293
2208 1393 1903
1903 1393 2208
1393 1903 2208
2335 1902 2818
2818 1902 2335
1902 2335 2818
586 810 1548
1548 586 810
810 586 1548
590 1134 2773
1134 590 2773
2773 590 1134
2787 1624 2930
2930 1624 2787
1624 2787 2930
2841 522 1919
522 1919 2841
1919 522 2841
2416 1526 2573
1526 2416 2573
2573 1526 2416
2396 305 577
577 305 2396
305 577 2396
2779 949 2382
949 2382 2779
2382 949 2779
546 225 429
429 225 546
225 429 546
1895 1611 2798
1611 1895 2798
2798 1611 1895
583 84 1802
1802 84 583
84 583 1802
2001 506 1700
506 1700 2001
1700 506 2001
2959 159 2883
159 2883 2959
2883 159 2959
2672 1706 2137
2137 1706 2672
1706 2137 2672
1502 244 2696
244 1502 2696
2696 244 1502
2505 557 789
789 557 2505
557 789 2505
497 1476 2100
1476 497 2100
2100 497 1476
2983 1022 1478
1478 1022 2983
1022 1478 2983
1119 1512 2866
2866 1119 1512
1512 1119 2866
2032 1178 2433
1178 2032 2433
2433 1178 2032
468 960 2716
960 468 2716
2716 468 960
454 50 2149
50 454 2149
2149 50 454
2290 1631 2346
1631 2290 2346
2346 1631 2290
2739 1516 2372
1516 2372 2739
2372 1516 2739
1237 194 2574
2574 194 1237
194 1237 2574
1623 395 2417
2417 395 1623
395 1623 2417
172 2283 2310
2283 172 2310
2310 172 2283
420 345 1378
345 420 1378
1378 345 420
2057 503 680
503 680 2057
680 503 2057
392 1489 2724
2724 392 1489
1489 392 2724
2075 242 2806
2806 242 2075
242 2075 2806
2212 1112 2661
2661 1112 2212
1112 2212 2661
160 383 582
582 160 383
383 160 582
403 833 2650
833 403 2650
2650 403 833
2722 679 2912
679 2722 2912
2912 679 2722
2482 492 2886
492 2482 2886
2886 492 2482
2878 2210 2485
2485 2210 2878
2210 2485 2878
2440 1293 2289
1293 2289 2440
2289 1293 2440
767 868 1634
868 767 1634
1634 767 868
997 1328 1562
1562 997 1328
1328 997 1562
765 1139 1763
1763 765 1139
1139 765 1763
2366 285 1433
285 1433 2366
1433 285 2366
1490 2042 2353
2042 1490 2353
2353 1490 2042
1724 938 1771
938 1724 1771
1771 938 1724
1200 1731 2151
2151 1200 1731
1731 1200 2151
1505 2637 2723
2637 1505 2723
2723 1505 2637
2811 2168 2761
2761 2168 2811
2168 2761 2811
264 2008 2736
2008 264 2736
2736 264 2008
1991 1272 2370
2370 1272 1991
1272 1991 2370
918 520 2427
520 918 2427
2427 520 918
1615 268 763
763 268 1615
268 763 1615
20 237 2255
2255 20 237
237 20 2255
2056 1756 2053
2053 1756 2056
1756 2053 2056
1054 1144 2813
1144 1054 2813
2813 1054 1144
257 389 2897
2897 257 389
389 257 2897
1517 411 2535
2535 411 1517
411 1517 2535
105 534 1170
534 105 1170
1170 105 534
2439 277 929
277 929 2439
929 277 2439
2374 54 859
859 54 2374
54 859 2374
754 1201 1439
1439 754 1201
1201 754 1439
2076 484 851
484 851 2076
851 484 2076
2077 2164 2601
2601 2077 2164
2164 2077 2601
771 76 1317
76 771 1317
1317 76 771
2195 739 1942
1942 739 2195
739 1942 2195
1452 21 2953
21 1452 2953
2953 21 1452
2961 9 2420
2420 9 2961
9 2420 2961
1630 899 2526
899 1630 2526
2526 899 1630
260 793 2803
793 260 2803
2803 260 793
909 1927 2975
2975 909 1927
1927 909 2975
2230 569 593
593 569 2230
569 593 2230
2950 834 2766
834 2766 2950
2766 834 2950
1817 176 1629
1629 176 1817
176 1629 1817
761 357 1081
357 761 1081
1081 357 761
596 1162 1635
1635 596 1162
1162 596 1635
648 614 1842
614 648 1842
1842 614 648
2454 1290 1682
1290 1682 2454
1682 1290 2454
758 607 1897
607 758 1897
1897 607 758
77 1783 2438
1783 77 2438
2438 77 1783
1337 893 1504
893 1337 1504
1504 893 1337
1167 669 1448
1448 669 1167
669 1167 1448
266 229 1515
229 266 1515
1515 229 266
2675 812 2184
812 2184 2675
2184 812 2675
2740 432 2667
2667 432 2740
432 2667 2740
2079 1825 2517
2517 1825 2079
1825 2079 2517
955 471 2334
2334 471 955
471 955 2334
788 67 240
240 67 788
67 240 788
291 2286 2997
2286 291 2997
2997 291 2286
1744 97 1037
1037 97 1744
97 1037 1744
2473 1583 2375
1583 2375 2473
2375 1583 2473
2538 1549 2418
2418 1549 2538
1549 2418 2538
2817 556 2294
2294 556 2817
556 2294 2817
1675 837 2759
2759 837 1675
837 1675 2759
2274 201 2913
2913 201 2274
201 2274 2913
2378 46 1044
46 1044 2378
1044 46 2378
1543 941 1002
1002 941 1543
941 1002 1543
367 1435 1613
1613 367 1435
1435 367 1613
926 901 1168
1168 901 926
901 926 1168
133 1304 1989
1304 133 1989
1989 133 1304
2384 928 1365
1365 928 2384
928 1365 2384
1110 1726 2129
2129 1110 1726
1726 1110 2129
1578 848 2072
848 1578 2072
2072 848 1578
1667 388 1483
388 1483 1667
1483 388 1667
2295 1539 2769
2769 1539 2295
1539 2295 2769
2423 645 874
645 874 2423
874 645 2423
270 253 1560
253 270 1560
1560 253 270
876 963 1428
963 876 1428
1428 876 963
2016 2796 2805
2805 2016 2796
2796 2016 2805
882 448 2127
448 882 2127
2127 448 882
1262 1014 2552
1014 1262 2552
2552 1014 1262
523 553 1426
1426 523 553
553 523 1426
286 1388 2205
1388 286 2205
2205 286 1388
2620 1066 1375
1066 1375 2620
1375 1066 2620
1790 1152 1899
1899 1152 1790
1152 1790 1899
1269 1323 1951
1951 1269 1323
1323 1269 1951
250 1589 2989
2989 250 1589
1589 250 2989
2443 315 1786
315 1786 2443
1786 315 2443
2633 1255 2301
2301 1255 2633
1255 2301 2633
1395 515 2324
515 1395 2324
2324 515 1395
1809 636 2376
636 1809 2376
2376 636 1809
1258 443 1028
443 1028 1258
1028 443 1258
1453 123 1318
1318 123 1453
123 1318 1453
1414 1569 1683
1683 1414 1569
1569 1414 1683
108 398 2357
398 108 2357
2357 108 398
2160 1421 2664
2664 1421 2160
1421 2160 2664
1406 629 1107
1107 629 1406
629 1107 1406
1172 1789 2395
1789 1172 2395
2395 1172 1789
857 528 2701
2701 528 857
528 857 2701
2918 1460 2673
2673 1460 2918
1460 2673 2918
2756 163 1267
1267 163 2756
163 1267 2756
2279 717 2556
717 2279 2556
2556 717 2279
613 1540 2607
1540 613 2607
2607 613 1540
191 519 2537
519 191 2537
2537 191 519
1422 1782 2466
2466 1422 1782
1782 1422 2466
2546 1351 2084
1351 2084 2546
2084 1351 2546
152 1858 2770
1858 152 2770
2770 152 1858
2612 1207 1892
1892 1207 2612
1207 1892 2612
2315 329 526
526 329 2315
329 526 2315
942 1067 1808
1808 942 1067
1067 942 1808
1210 597 1402
1402 597 1210
597 1210 1402
428 74 1770
1770 74 428
74 428 1770
827 174 2542
2542 174 827
174 827 2542
1908 1851 2383
1851 1908 2383
2383 1851 1908
1408 2163 2914
2914 1408 2163
2163 1408 2914
153 17 2692
17 153 2692
2692 17 153
611 932 2539
932 611 2539
2539 611 932
263 630 1106
630 263 1106
1106 263 630
2699 2582 2618
2582 2618 2699
2618 2582 2699
2590 846 1793
846 1793 2590
1793 846 2590
415 1521 2480
1521 415 2480
2480 415 1521
650 440 1024
440 650 1024
1024 440 650
1681 1639 2238
1639 1681 2238
2238 1639 1681
2022 617 2185
617 2022 2185
2185 617 2022
423 1529 2050
1529 423 2050
2050 423 1529
1051 971 2214
2214 971 1051
971 1051 2214
2677 516 1738
1738 516 2677
516 1738 2677
485 1530 2215
1530 485 2215
2215 485 1530
1544 658 2103
658 1544 2103
2103 658 1544
2086 1063 2455
2455 1063 2086
1063 2086 2455
1607 805 2021
805 1607 2021
2021 805 1607
2048 1295 1734
1734 1295 2048
1295 1734 2048
1846 3 879
879 3 1846
3 879 1846
957 973 2957
973 957 2957
2957 957 973
727 2528 2704
2528 727 2704
2704 727 2528
2939 328 1522
328 1522 2939
1522 328 2939
57 1757 2272
1757 57 2272
2272 57 1757
847 1177 2685
2685 847 1177
1177 847 2685
931 835 2131
835 931 2131
2131 835 931
710 697 2731
2731 697 710
697 710 2731
2564 241 592
241 592 2564
592 241 2564
1332 442 2115
2115 442 1332
442 1332 2115
2471 755 1656
755 1656 2471
1656 755 2471
233 208 217
217 208 233
208 217 233
106 2490 2729
2729 106 2490
2490 106 2729
326 1284 1509
1509 326 1284
1284 326 1509
841 213 2797
213 841 2797
2797 213 841
2298 1369 1688
1369 1688 2298
1688 1369 2298
2705 2267 2340
2340 2267 2705
2267 2340 2705
1687 43 2784
2784 43 1687
43 1687 2784
1933 2069 3000
3000 1933 2069
2069 1933 3000
445 660 902
660 445 902
902 445 660
173 675 1062
1062 173 675
675 173 1062
337 1655 1998
1655 337 1998
1998 337 1655
1870 2448 2592
2448 1870 2592
2592 1870 2448
1367 447 1285
1285 447 1367
447 1285 1367
736 360 2931
360 736 2931
2931 360 736
790 579 1204
579 790 1204
1204 579 790
2863 1018 2617
2617 1018 2863
1018 2617 2863
139 952 2096
2096 139 952
952 139 2096
2306 1340 2544
1340 2306 2544
2544 1340 2306
2241 1735 2316
2316 1735 2241
1735 2241 2316
169 760 913
760 169 913
913 169 760
1907 1612 2916
1612 1907 2916
2916 1612 1907
1873 1158 1164
1158 1164 1873
1164 1158 1873
1092 2 2605
2 1092 2605
2605 2 1092
1031 719 1281
1281 719 1031
719 1031 1281
1057 215 249
215 249 1057
249 215 1057
2204 647 2781
2781 647 2204
647 2204 2781
558 730 1741
1741 558 730
730 558 1741
2157 1314 2216
1314 2157 2216
2216 1314 2157
459 1009 2446
2446 459 1009
1009 459 2446
1850 63 83
63 83 1850
83 63 1850
2642 1306 2261
1306 2261 2642
2261 1306 2642
1420 1574 2161
2161 1420 1574
1574 1420 2161
2178 401 2333
2333 401 2178
401 2178 2333
352 2543 2980
2980 352 2543
2543 352 2980
2868 154 1646
1646 154 2868
154 1646 2868
1727 823 2256
2256 823 1727
823 1727 2256
238 1800 1887
1887 238 1800
1800 238 1887
2560 959 2253
959 2253 2560
2253 959 2560
2492 1008 1566
1008 1566 2492
1566 1008 2492
871 1949 2890
1949 871 2890
2890 871 1949
340 1503 1554
1503 340 1554
1554 340 1503
1061 1219 2608
1219 1061 2608
2608 1061 1219
1959 129 181
181 129 1959
129 181 1959
499 1587 1697
1697 499 1587
1587 499 1697
132 2181 2647
2181 132 2647
2647 132 2181
1696 1006 1964
1964 1006 1696
1006 1696 1964
2189 10 2180
10 2180 2189
2180 10 2189
1368 2248 2982
2248 1368 2982
2982 1368 2248
368 1216 1729
1729 368 1216
1216 368 1729
348 1853 2663
1853 348 2663
2663 348 1853
2265 185 1632
1632 185 2265
185 1632 2265
852 34 333
333 34 852
34 333 852
2615 565 734
565 734 2615
734 565 2615
2820 1343 2182
1343 2182 2820
2182 1343 2820
1364 696 1253
1253 696 1364
696 1253 1364
1652 1882 2702
1882 1652 2702
2702 1652 1882
1084 177 446
446 177 1084
177 446 1084
1481 900 1719
900 1481 1719
1719 900 1481
313 1327 2789
2789 313 1327
1327 313 2789
921 2318 2648
2318 921 2648
2648 921 2318
2221 667 2792
2792 667 2221
667 2221 2792
1398 30 2190
2190 30 1398
30 1398 2190
2365 1500 2871
1500 2365 2871
2871 1500 2365
2636 1268 2860
1268 2636 2860
2860 1268 2636
2419 1230 1723
1230 1723 2419
1723 1230 2419
2924 1085 2144
1085 2144 2924
2144 1085 2924
2600 2404 2822
2404 2600 2822
2822 2404 2600
1883 881 1761
881 1761 1883
1761 881 1883
419 1045 2162
2162 419 1045
1045 419 2162
2389 1486 2932
2932 1486 2389
1486 2389 2932
5 1212 1982
1982 5 1212
1212 5 1982
2519 1584 2933
1584 2519 2933
2933 1584 2519
1642 4 2746
2746 4 1642
4 1642 2746
2895 424 2147
424 2147 2895
2147 424 2895
1179 216 983
216 983 1179
983 216 1179
1396 1586 1621
1621 1396 1586
1586 1396 1621
1969 563 2432
2432 563 1969
563 1969 2432
1373 456 1922
1922 456 1373
456 1373 1922
1772 338 2566
2566 338 1772
338 1772 2566
1195 2488 2665
2488 1195 2665
2665 1195 2488
212 1551 2385
1551 212 2385
2385 212 1551
1339 473 2183
2183 473 1339
473 1339 2183
1127 539 2009
539 1127 2009
2009 539 1127
979 2174 2296
2174 979 2296
2296 979 2174
1400 1025 2812
2812 1025 1400
1025 1400 2812
2837 23 2656
2656 23 2837
23 2656 2837
103 1308 1711
1308 103 1711
1711 103 1308
1355 543 2644
2644 543 1355
543 1355 2644
919 124 1116
1116 124 919
124 919 1116
439 989 1535
1535 439 989
989 439 1535
668 723 2595
723 668 2595
2595 668 723
2800 495 1910
1910 495 2800
495 1910 2800
493 1464 1508
1464 493 1508
1508 493 1464
116 1218 1338
1338 116 1218
1218 116 1338
288 2135 2478
2135 288 2478
2478 288 2135
1298 179 1442
1442 179 1298
179 1298 1442
1714 72 2889
72 1714 2889
2889 72 1714
231 616 2999
616 231 2999
2999 231 616
2044 462 2879
2879 462 2044
462 2044 2879
2176 2217 2462
2217 2176 2462
2462 2176 2217
1297 115 2851
2851 115 1297
115 1297 2851
100 1209 1431
1431 100 1209
1209 100 1431
1679 1238 2172
1238 1679 2172
2172 1238 1679
1231 1492 1507
1492 1231 1507
1507 1231 1492
895 1758 2611
1758 895 2611
2611 895 1758
49 747 1376
1376 49 747
747 49 1376
2826 196 637
637 196 2826
196 637 2826
2434 795 2118
2118 795 2434
795 2118 2434
234 2652 2737
2652 234 2737
2737 234 2652
1931 1779 1881
1881 1779 1931
1779 1881 1931
1208 269 1648
1648 269 1208
269 1208 1648
1541 580 1130
1130 580 1541
580 1130 1541
2814 469 1716
469 1716 2814
1716 469 2814
370 1736 2025
2025 370 1736
1736 370 2025
188 2226 2251
2251 188 2226
2226 188 2251
156 1265 2282
2282 156 1265
1265 156 2282
344 2627 2956
2627 344 2956
2956 344 2627
2710 691 1826
691 1826 2710
1826 691 2710
2464 1944 2632
2632 1944 2464
1944 2464 2632
2387 461 2824
2824 461 2387
461 2387 2824
2555 1929 2764
2764 1929 2555
1929 2555 2764
1645 518 1176
1176 518 1645
518 1176 1645
646 1513 2167
1513 646 2167
2167 646 1513
524 746 1874
746 524 1874
1874 524 746
1096 517 756
756 517 1096
517 756 1096
2684 1849 1958
1849 1958 2684
1958 1849 2684
2801 655 2277
655 2277 2801
2277 655 2801
1819 457 1331
457 1331 1819
1331 457 1819
2119 1588 2218
1588 2119 2218
2218 1588 2119
2774 2832 2926
2832 2774 2926
2926 2774 2832
2479 513 1086
513 1086 2479
1086 513 2479
1241 587 1344
1344 587 1241
587 1241 1344
2606 141 2896
141 2606 2896
2896 141 2606
2734 354 1665
1665 354 2734
354 1665 2734
1799 930 1743
1743 930 1799
930 1743 1799
768 478 1394
478 768 1394
1394 478 768
93 399 962
962 93 399
399 93 962
2948 307 2691
307 2691 2948
2691 307 2948
1917 414 1078
414 1078 1917
1078 414 1917
1860 494 2751
494 1860 2751
2751 494 1860
2609 1023 1550
1550 1023 2609
1023 1550 2609
2377 140 2165
140 2165 2377
2165 140 2377
2246 1128 2074
1128 2074 2246
2074 1128 2246
53 916 1705
1705 53 916
916 53 1705
1752 1387 2993
1387 1752 2993
2993 1387 1752
2194 821 2276
821 2194 2276
2276 821 2194
1347 343 1695
1695 343 1347
343 1347 1695
2196 61 2169
2169 61 2196
61 2169 2196
73 1334 1712
1334 73 1712
1712 73 1334
1606 1966 2938
1966 1606 2938
2938 1606 1966
318 572 2065
572 318 2065
2065 318 572
2266 892 1111
892 1111 2266
1111 892 2266
603 455 1961
455 603 1961
1961 455 603
1103 1854 2140
1854 1103 2140
2140 1103 1854
2830 824 1094
1094 824 2830
824 1094 2830
958 1131 1718
1131 958 1718
1718 958 1131
1510 774 2112
2112 774 1510
774 1510 2112
1457 1820 1993
1993 1457 1820
1820 1457 1993
2314 435 2435
2435 435 2314
435 2314 2435
413 2106 2802
2106 413 2802
2802 413 2106
968 502 2502
2502 502 968
502 968 2502
2428 2509 2885
2509 2428 2885
2885 2428 2509
2408 62 2653
2653 62 2408
62 2408 2653
1292 584 2091
584 1292 2091
2091 584 1292
2575 402 1399
1399 402 2575
402 1399 2575
2058 602 2499
602 2058 2499
2499 602 2058
1357 1363 1423
1423 1357 1363
1363 1357 1423
880 488 1072
1072 488 880
488 880 1072
1419 39 2128
39 1419 2128
2128 39 1419
1594 633 1609
1609 633 1594
633 1594 1609
2153 102 2581
2581 102 2153
102 2153 2581
2406 438 1956
1956 438 2406
438 1956 2406
1455 1411 1444
1444 1411 1455
1411 1444 1455
2088 2489 2900
2900 2088 2489
2489 2088 2900
2597 599 1440
1440 599 2597
599 1440 2597
2825 1038 1361
1361 1038 2825
1038 1361 2825
2977 283 2559
2559 283 2977
283 2559 2977
1438 1039 1844
1039 1438 1844
1844 1039 1438
2330 2484 2586
2484 2330 2586
2586 2330 2484
2036 1263 1814
1263 1814 2036
1814 1263 2036
1501 1911 2593
2593 1501 1911
1911 1501 2593
1409 1707 2952
2952 1409 1707
1707 1409 2952
1856 2000 2474
2000 1856 2474
2474 1856 2000
631 117 815
117 631 815
815 117 631
195 1494 2143
2143 195 1494
1494 195 2143
570 458 683
458 570 683
683 458 570
2225 581 2629
2629 581 2225
581 2225 2629
1059 588 2915
588 1059 2915
2915 588 1059
1532 1534 2533
1534 1532 2533
2533 1532 1534
1248 712 2368
712 1248 2368
2368 712 1248
1360 1266 2649
2649 1266 1360
1266 1360 2649
1450 855 1173
855 1173 1450
1173 855 1450
312 58 1904
1904 58 312
58 312 1904
2928 987 2888
987 2888 2928
2888 987 2928
1769 319 2087
2087 319 1769
319 1769 2087
627 1068 1451
1451 627 1068
1068 627 1451
1847 839 1123
1123 839 1847
839 1123 1847
1240 714 2659
2659 714 1240
714 1240 2659
1145 219 980
980 219 1145
219 980 1145
1945 218 1764
218 1764 1945
1764 218 1945
878 1150 1254
1254 878 1150
1150 878 1254
677 544 1385
544 677 1385
1385 544 677
1863 2123 2399
2123 1863 2399
2399 1863 2123
2213 2678 2905
2905 2213 2678
2678 2213 2905
620 1691 2925
1691 620 2925
2925 620 1691
634 585 666
585 634 666
666 585 634
2687 131 1397
131 1397 2687
1397 131 2687
308 1482 2645
1482 308 2645
2645 308 1482
1299 820 1795
820 1299 1795
1795 820 1299
559 1876 2152
2152 559 1876
1876 559 2152
1069 27 951
27 951 1069
951 27 1069
925 109 1893
1893 109 925
109 925 1893
1593 1305 1936
1936 1305 1593
1305 1593 1936
638 211 1217
211 638 1217
1217 211 638
1970 346 2893
2893 346 1970
346 1970 2893
906 1132 1520
1520 906 1132
1132 906 1520
1484 184 2227
184 1484 2227
2227 184 1484
605 1474 2141
2141 605 1474
1474 605 2141
1898 205 2093
205 1898 2093
2093 205 1898
2257 2342 2468
2468 2257 2342
2342 2257 2468
1047 1346 2352
1346 1047 2352
2352 1047 1346
1689 944 2516
944 1689 2516
2516 944 1689
1214 2041 2780
2780 1214 2041
2041 1214 2780
2669 1886 2242
1886 2242 2669
2242 1886 2669
2078 1592 2576
1592 2078 2576
2576 1592 2078
11 853 2578
2578 11 853
853 11 2578
905 1372 2850
2850 905 1372
1372 905 2850
48 426 2695
426 48 2695
2695 48 426
317 693 1664
693 317 1664
1664 317 693
1233 911 1625
911 1233 1625
1625 911 1233
2589 1906 2429
2429 1906 2589
1906 2429 2589
2671 110 148
110 148 2671
148 110 2671
1976 2201 2453
2201 1976 2453
2453 1976 2201
1878 1787 2882
1787 1878 2882
2882 1787 1878
840 661 1567
1567 661 840
661 840 1567
783 71 1555
1555 71 783
71 783 1555
1283 531 2610
2610 531 1283
531 1283 2610
1828 203 302
302 203 1828
203 302 1828
1477 31 1301
31 1301 1477
1301 31 1477
371 601 1275
601 371 1275
1275 371 601
1930 75 2390
2390 75 1930
75 1930 2390
2323 2223 2910
2223 2323 2910
2910 2223 2323
2698 16 1527
16 1527 2698
1527 16 2698
2703 298 2674
2674 298 2703
298 2674 2703
2018 836 2521
2521 836 2018
836 2018 2521
2207 41 2441
2441 41 2207
41 2207 2441
1033 748 1148
1148 748 1033
748 1033 1148
1537 433 1570
433 1537 1570
1570 433 1537
1330 1362 1558
1362 1330 1558
1558 1330 1362
1577 722 1026
1026 722 1577
722 1026 1577
1182 397 1778
1778 397 1182
397 1182 1778
422 293 2035
2035 293 422
293 422 2035
1 1228 2810
2810 1 1228
1228 1 2810
803 1289 1990
1990 803 1289
1289 803 1990
2430 2179 2402
2402 2179 2430
2179 2402 2430
817 542 600
600 542 817
542 600 817
1473 1294 1822
1822 1294 1473
1294 1473 1822
1968 1036 1864
1036 1864 1968
1864 1036 1968
1288 1745 1829
1829 1288 1745
1745 1288 1829
2397 1890 2060
1890 2060 2397
2060 1890 2397
673 1247 2245
1247 673 2245
2245 673 1247
353 564 1576
1576 353 564
564 353 1576
934 85 114
85 114 934
114 85 934
2995 1246 2336
2336 1246 2995
1246 2336 2995
2264 275 2177
2177 275 2264
275 2177 2264
24 1499 2613
2613 24 1499
1499 24 2613
1815 907 1531
1531 907 1815
907 1531 1815
632 166 2040
2040 166 632
166 632 2040
1447 2150 2529
2150 1447 2529
2529 1447 2150
2145 2004 2795
2004 2145 2795
2795 2004 2145
828 96 1425
96 828 1425
1425 96 828
1013 740 2037
2037 740 1013
740 1013 2037
2697 1792 2358
1792 2358 2697
2358 1792 2697
798 1617 1643
1643 798 1617
1617 798 1643
1070 2237 2239
2237 1070 2239
2239 1070 2237
933 151 1352
151 933 1352
1352 151 933
706 1121 1955
1955 706 1121
1121 706 1955
1370 1140 2626
2626 1140 1370
1140 1370 2626
2865 2133 2219
2133 2219 2865
2219 2133 2865
725 1065 2634
2634 725 1065
1065 725 2634
964 1585 1692
1692 964 1585
1585 964 1692
800 606 1952
606 800 1952
1952 606 800
819 32 2568
2568 32 819
32 819 2568
2515 861 1784
1784 861 2515
861 1784 2515
2904 1638 2666
1638 2666 2904
2666 1638 2904
2350 1095 1564
1095 1564 2350
1564 1095 2350
781 2085 2532
2085 781 2532
2532 781 2085
2540 988 1568
988 1568 2540
1568 988 2540
2978 950 2252
2252 950 2978
950 2252 2978
1798 2501 2643
2643 1798 2501
2501 1798 2643
2436 1410 1879
1879 1410 2436
1410 1879 2436
2935 1016 2909
2909 1016 2935
1016 2909 2935
2676 1518 2487
2487 1518 2676
1518 2487 2676
2908 2138 2771
2771 2138 2908
2138 2771 2908
2388 47 1415
1415 47 2388
47 1415 2388
1244 2727 2754
2754 1244 2727
2727 1244 2754
265 256 1487
256 265 1487
1487 256 265
1986 1823 2602
1823 1986 2602
2602 1823 1986
500 1147 1765
1147 500 1765
1765 500 1147
757 296 2052
2052 296 757
296 757 2052
1366 444 1984
1984 444 1366
444 1366 1984
1553 595 2117
595 1553 2117
2117 595 1553
2508 671 1824
671 1824 2508
1824 671 2508
1932 379 961
961 379 1932
379 961 1932
2005 56 1869
56 1869 2005
1869 56 2005
1125 2776 2943
2776 1125 2943
2943 1125 2776
1155 1511 2758
2758 1155 1511
1511 1155 2758
1245 113 2136
2136 113 1245
113 1245 2136
985 623 1720
623 985 1720
1720 623 985
1108 1894 1981
1981 1108 1894
1894 1108 1981
2708 568 2023
568 2023 2708
2023 568 2708
2234 858 1227
1227 858 2234
858 1227 2234
509 826 2547
2547 509 826
826 509 2547
1405 501 2788
2788 501 1405
501 1405 2788
904 608 2220
608 904 2220
2220 608 904
1097 797 1653
1653 797 1097
797 1097 1653
2444 1637 2536
1637 2444 2536
2536 1637 2444
247 549 801
549 247 801
801 247 549
862 491 2199
491 862 2199
2199 491 862
2585 689 2682
689 2585 2682
2682 689 2585
2520 1730 2967
2967 1730 2520
1730 2520 2967
731 374 1075
1075 374 731
374 731 1075
2572 656 2228
2228 656 2572
656 2228 2572
1146 272 551
272 551 1146
551 272 1146
1300 51 304
51 304 1300
304 51 1300
702 209 2630
209 702 2630
2630 209 702
709 224 2847
224 709 2847
2847 224 709
1985 2102 2875
2875 1985 2102
2102 1985 2875
1661 274 1089
1089 274 1661
274 1089 1661
982 1151 1416
1151 982 1416
1416 982 1151
2363 2360 2594
2594 2360 2363
2360 2363 2594
920 87 598
598 87 920
87 598 920
1845 566 1620
1620 566 1845
566 1620 1845
1995 996 1767
1767 996 1995
996 1767 1995
1677 2280 2750
2280 1677 2750
2750 1677 2280
1866 2598 2654
2654 1866 2598
2598 1866 2654
625 301 1561
301 625 1561
1561 301 625
2720 1348 2976
2976 1348 2720
1348 2720 2976
1461 207 842
207 842 1461
842 207 1461
2067 1342 2359
2359 1342 2067
1342 2067 2359
2955 744 2747
2747 744 2955
744 2747 2955
576 782 2954
782 576 2954
2954 576 782
2921 1413 1916
1413 1916 2921
1916 1413 2921
844 339 2819
2819 339 844
339 844 2819
1686 1056 1796
1796 1056 1686
1056 1686 1796
1445 829 2491
2491 829 1445
829 1445 2491
2974 1934 2263
1934 2263 2974
2263 1934 2974
2757 290 2092
2092 290 2757
290 2092 2757
2271 1104 2680
1104 2271 2680
2680 1104 2271
1459 79 1129
1129 79 1459
79 1129 1459
2621 2371 2452
2371 2452 2621
2452 2371 2621
2891 999 2681
2681 999 2891
999 2681 2891
910 190 1669
1669 190 910
190 910 1669
1159 101 2347
101 1159 2347
2347 101 1159
883 875 2114
2114 875 883
875 883 2114
541 332 2947
2947 332 541
332 541 2947
1523 1742 1865
1742 1523 1865
1865 1523 1742
1264 475 653
653 475 1264
475 653 1264
867 954 1699
1699 867 954
954 867 1699
2285 609 953
609 953 2285
953 609 2285
342 210 1524
1524 210 342
210 342 1524
927 1188 1598
1188 927 1598
1598 927 1188
2503 1806 2247
1806 2247 2503
2247 1806 2503
2013 1174 1249
1174 1249 2013
1249 1174 2013
1805 1259 1389
1389 1259 1805
1259 1389 1805
40 1341 1429
1341 40 1429
1429 40 1341
735 441 2029
441 735 2029
2029 441 735
594 1117 1190
1190 594 1117
1117 594 1190
2941 33 2614
2614 33 2941
33 2614 2941
390 408 2991
2991 390 408
408 390 2991
1005 1475 2413
1475 1005 2413
2413 1005 1475
2979 376 1003
1003 376 2979
376 1003 2979
762 12 278
278 12 762
12 278 762
1563 1064 1099
1099 1064 1563
1064 1099 1563
35 1053 1381
1381 35 1053
1053 35 1381
1753 2641 2689
2689 1753 2641
2641 1753 2689
912 724 2782
724 912 2782
2782 724 912
1303 2007 2326
2326 1303 2007
2007 1303 2326
1302 1556 2070
2070 1302 1556
1556 1302 2070
2410 466 1316
466 1316 2410
1316 466 2410
1221 349 1001
1001 349 1221
349 1001 1221
922 610 1774
1774 610 922
610 922 1774
322 2392 2881
2392 322 2881
2881 322 2392
1479 533 2130
533 1479 2130
2130 533 1479
1187 2170 2876
2876 1187 2170
2170 1187 2876
2232 769 813
769 813 2232
813 769 2232
431 1124 1279
1124 431 1279
1279 431 1124
168 807 2307
807 168 2307
2307 168 807
355 2104 2828
2104 355 2828
2828 355 2104
1480 406 2706
2706 406 1480
406 1480 2706
1080 189 1160
1160 189 1080
189 1080 1160
742 147 363
147 363 742
363 147 742
2785 489 1196
489 1196 2785
1196 489 2785
2625 1610 2942
1610 2625 2942
2942 1610 2625
2870 525 2970
2970 525 2870
525 2870 2970
2945 538 1169
538 1169 2945
1169 538 2945
187 1810 1830
1810 187 1830
1830 187 1810
2422 347 726
347 726 2422
726 347 2422
578 300 642
300 578 642
642 300 578
850 825 2640
825 850 2640
2640 825 850
2081 865 1804
1804 865 2081
865 1804 2081
2735 381 1379
1379 381 2735
381 1379 2735
271 1236 1651
1651 271 1236
1236 271 1651
2563 202 1468
202 1468 2563
1468 202 2563
2655 480 1732
480 1732 2655
1732 480 2655
674 986 1746
986 674 1746
1746 674 986
2960 412 1377
412 1377 2960
1377 412 2960
2937 1573 2015
2015 1573 2937
1573 2015 2937
171 1309 1430
1309 171 1430
1430 171 1309
1321 1048 2094
2094 1048 1321
1048 1321 2094
88 1694 2994
1694 88 2994
2994 88 1694
1226 25 223
25 223 1226
223 25 1226
284 1446 2260
2260 284 1446
1446 284 2260
1232 612 863
863 612 1232
612 863 1232
2269 690 2166
690 2166 2269
2166 690 2269
2424 1137 2903
1137 2424 2903
2903 1137 2424
1353 1296 2763
2763 1296 1353
1296 1353 2763
64 125 2386
2386 64 125
125 64 2386
1427 111 400
111 400 1427
400 111 1427
18 888 2745
888 18 2745
2745 18 888
1654 787 992
787 992 1654
992 787 1654
1616 22 1928
1928 22 1616
22 1616 1928
1215 1905 2838
2838 1215 1905
1905 1215 2838
245 2486 2936
2936 245 2486
2486 245 2936
2459 2322 2500
2500 2322 2459
2322 2459 2500
1676 1582 2616
1582 1676 2616
2616 1582 1676
508 604 2660
604 508 2660
2660 508 604
1950 1359 2124
1359 1950 2124
2124 1359 1950
1797 589 672
672 589 1797
589 672 1797
1717 618 1915
1915 618 1717
618 1717 1915
822 737 2355
2355 737 822
737 822 2355
505 1580 1920
1580 505 1920
1920 505 1580
1199 1678 1960
1960 1199 1678
1678 1199 1960
2730 2403 2690
