1470 1234 1535
1234 1470 1535
1535 1234 1470
2394 1299 2300
1299 2300 2394
2300 1299 2394
2437 1088 1810
1810 1088 2437
1088 1810 2437
703 360 2012
2012 360 703
360 703 2012
1426 181 1085
181 1085 1426
1085 181 1426
201 755 2629
755 201 2629
2629 201 755
2481 71 1255
71 1255 2481
1255 71 2481
981 1010 2100
1010 981 2100
2100 981 1010
2161 104 2997
104 2161 2997
2997 104 2161
411 922 1974
922 411 1974
1974 411 922
279 935 1917
1917 279 935
935 279 1917
1358 604 1540
1540 604 1358
604 1358 1540
1905 969 2993
2993 969 1905
969 1905 2993
260 959 2399
959 260 2399
2399 260 959
1293 1454 2636
2636 1293 1454
1454 1293 2636
450 1651 2925
2925 450 1651
1651 450 2925
842 221 2180
221 842 2180
2180 221 842
2646 74 1804
74 1804 2646
1804 74 2646
830 331 2790
2790 331 830
331 830 2790
2045 369 2622
369 2045 2622
2622 369 2045
1592 2497 2985
2497 1592 2985
2985 1592 2497
2982 954 1736
954 1736 2982
1736 954 2982
1437 1153 2759
2759 1153 1437
1153 1437 2759
125 1518 2945
2945 125 1518
1518 125 2945
2948 1812 2796
1812 2796 2948
2796 1812 2948
923 822 1505
822 923 1505
1505 822 923
1824 438 2430
2430 438 1824
438 1824 2430
2537 1555 2566
1555 2537 2566
2566 1555 2537
606 841 940
841 606 940
940 606 841
846 1128 2885
2885 846 1128
1128 846 2885
2146 4 444
4 444 2146
444 4 2146
2333 1121 2404
1121 2333 2404
2404 1121 2333
1857 2419 2915
2915 1857 2419
2419 1857 2915
1031 974 1893
974 1031 1893
1893 974 1031
1572 2593 2825
2825 1572 2593
2593 1572 2825
178 2177 2989
2989 178 2177
2177 178 2989
2278 748 903
903 748 2278
748 903 2278
764 1171 1399
1171 764 1399
1399 764 1171
2373 2167 2703
2703 2167 2373
2167 2373 2703
2585 1951 2966
1951 2585 2966
2966 1951 2585
811 1337 2887
2887 811 1337
1337 811 2887
1400 1213 2083
1213 1400 2083
2083 1213 1400
552 965 2801
965 552 2801
2801 552 965
1516 2659 2831
2831 1516 2659
2659 1516 2831
2014 1387 1522
1387 1522 2014
1522 1387 2014
368 57 194
57 194 368
194 57 368
1112 285 2995
285 1112 2995
2995 285 1112
2843 1662 2900
2900 1662 2843
1662 2843 2900
628 979 2166
2166 628 979
979 628 2166
489 725 2733
725 489 2733
2733 489 725
1146 481 1102
1102 481 1146
481 1102 1146
611 1261 1680
1680 611 1261
1261 611 1680
671 232 2501
2501 232 671
232 671 2501
727 1249 2057
2057 727 1249
1249 727 2057
2658 2044 2190
2044 2190 2658
2190 2044 2658
358 566 2924
566 358 2924
2924 358 566
2032 1083 2209
1083 2032 2209
2209 1083 2032
2941 714 1297
714 1297 2941
1297 714 2941
2048 1950 2346
2346 1950 2048
1950 2048 2346
2758 197 2440
2440 197 2758
197 2440 2758
1134 2077 2434
2434 1134 2077
2077 1134 2434
782 1117 2150
1117 782 2150
2150 782 1117
492 1057 2036
1057 492 2036
2036 492 1057
2992 204 2051
2051 204 2992
204 2051 2992
236 1160 1900
1160 236 1900
1900 236 1160
1976 1318 2380
2380 1318 1976
1318 1976 2380
2754 1615 2595
2595 1615 2754
1615 2595 2754
2970 352 423
423 352 2970
352 423 2970
2243 1081 1595
1081 1595 2243
1595 1081 2243
1257 1570 1599
1599 1257 1570
1570 1257 1599
1019 1634 2001
1634 1019 2001
2001 1019 1634
2136 400 1897
1897 400 2136
400 1897 2136
519 1368 1714
1368 519 1714
1714 519 1368
948 1836 2665
2665 948 1836
1836 948 2665
1340 534 1376
534 1340 1376
1376 534 1340
1432 151 920
151 920 1432
920 151 1432
1086 1448 1725
1448 1086 1725
1725 1086 1448
1775 1282 1798
1798 1282 1775
1282 1775 1798
570 1706 2584
2584 570 1706
1706 570 2584
501 607 2937
2937 501 607
607 501 2937
2457 82 458
458 82 2457
82 458 2457
511 2832 2834
2832 511 2834
2834 511 2832
1939 2016 2675
2675 1939 2016
2016 1939 2675
1901 2403 2475
2403 1901 2475
2475 1901 2403
1743 402 869
869 402 1743
402 869 1743
2384 1101 2862
1101 2384 2862
2862 1101 2384
848 205 2956
2956 205 848
205 848 2956
1420 245 1266
1266 245 1420
245 1266 1420
1681 1346 1924
1346 1681 1924
1924 1346 1681
1887 538 824
538 824 1887
824 538 1887
1783 733 2647
733 1783 2647
2647 733 1783
337 1284 2666
1284 337 2666
2666 337 1284
234 958 2518
2518 234 958
958 234 2518
1916 1061 1543
1061 1543 1916
1543 1061 1916
1381 240 362
362 240 1381
240 362 1381
2068 339 1795
339 1795 2068
1795 339 2068
705 115 2398
2398 115 705
115 705 2398
2325 1874 2637
1874 2325 2637
2637 1874 2325
1013 22 1394
22 1013 1394
1394 22 1013
2863 975 2489
975 2489 2863
2489 975 2863
1813 995 1323
1323 995 1813
995 1323 1813
1959 1670 2691
2691 1670 1959
1670 1959 2691
2441 188 2027
188 2027 2441
2027 188 2441
717 174 1975
174 717 1975
1975 174 717
1165 1843 2631
1843 1165 2631
2631 1165 1843
1859 341 353
341 353 1859
353 341 1859
2898 96 2991
2991 96 2898
96 2898 2991
2823 130 2856
2856 130 2823
130 2823 2856
2762 302 1820
302 1820 2762
1820 302 2762
2471 2151 2555
2151 2471 2555
2555 2151 2471
39 108 2781
108 39 2781
2781 39 108
865 1911 2065
1911 865 2065
2065 865 1911
707 171 2950
171 707 2950
2950 171 707
274 8 1347
1347 8 274
8 274 1347
1187 551 1807
551 1187 1807
1807 551 1187
2157 1048 1814
1048 1814 2157
1814 1048 2157
398 482 497
482 398 497
497 398 482
973 2204 2946
2204 973 2946
2946 973 2204
225 721 893
721 225 893
893 225 721
1199 421 1473
1473 421 1199
421 1199 1473
2527 54 682
54 682 2527
682 54 2527
1479 1514 2961
2961 1479 1514
1514 1479 2961
1236 814 2371
814 1236 2371
2371 814 1236
2958 385 1227
1227 385 2958
385 1227 2958
1252 58 2893
2893 58 1252
58 1252 2893
1965 161 2218
161 1965 2218
2218 161 1965
2000 170 320
320 170 2000
170 320 2000
146 852 881
881 146 852
852 146 881
951 553 2078
2078 553 951
553 951 2078
1875 1761 2797
1761 1875 2797
2797 1761 1875
2259 334 585
334 585 2259
585 334 2259
1921 1753 2041
2041 1753 1921
1753 1921 2041
2572 272 884
884 272 2572
272 884 2572
931 1225 1767
1767 931 1225
1225 931 1767
1397 348 2772
2772 348 1397
348 1397 2772
2449 451 825
451 825 2449
825 451 2449
2490 1663 2213
1663 2213 2490
2213 1663 2490
1497 150 2076
2076 150 1497
150 1497 2076
1565 2030 2987
2030 1565 2987
2987 1565 2030
2578 1056 2852
2852 1056 2578
1056 2578 2852
2476 1073 1865
1865 1073 2476
1073 1865 2476
2328 849 1632
849 1632 2328
1632 849 2328
2461 877 932
932 877 2461
877 932 2461
2439 850 1407
1407 850 2439
850 1407 2439
2055 510 2803
510 2055 2803
2803 510 2055
2170 1260 2118
1260 2118 2170
2118 1260 2170
2996 549 1009
549 1009 2996
1009 549 2996
1445 994 2020
2020 994 1445
994 1445 2020
2978 1442 2223
1442 2223 2978
2223 1442 2978
614 1991 2610
1991 614 2610
2610 614 1991
2253 1059 1677
1677 1059 2253
1059 1677 2253
1581 132 254
132 254 1581
254 132 1581
2953 20 569
20 569 2953
569 20 2953
1180 1729 2752
1729 1180 2752
2752 1180 1729
2573 239 2487
239 2487 2573
2487 239 2573
2401 1162 2850
2850 1162 2401
1162 2401 2850
1217 829 2615
2615 829 1217
829 1217 2615
390 934 2745
2745 390 934
934 390 2745
2553 859 1724
1724 859 2553
859 1724 2553
286 2281 2521
2521 286 2281
2281 286 2521
2007 1316 2387
1316 2007 2387
2387 1316 2007
2933 429 1172
1172 429 2933
429 1172 2933
2910 6 1716
6 1716 2910
1716 6 2910
1817 2031 2709
2031 1817 2709
2709 1817 2031
2897 1343 1730
1343 1730 2897
1730 1343 2897
1276 781 1212
781 1212 1276
1212 781 1276
966 691 1344
691 966 1344
1344 691 966
739 1111 2879
1111 739 2879
2879 739 1111
863 1038 2019
2019 863 1038
1038 863 2019
785 1339 1862
1862 785 1339
1339 785 1862
76 2046 2556
2556 76 2046
2046 76 2556
1841 166 653
653 166 1841
166 653 1841
500 484 2128
2128 484 500
484 500 2128
1303 1220 1324
1220 1303 1324
1324 1220 1303
377 1164 2069
1164 377 2069
2069 377 1164
158 561 2806
561 158 2806
2806 158 561
1262 1584 2129
1584 1262 2129
2129 1262 1584
1809 597 1937
597 1809 1937
1937 597 1809
2109 1474 2673
1474 2109 2673
2673 1474 2109
1107 1702 2047
2047 1107 1702
1702 1107 2047
961 307 2626
2626 307 961
307 961 2626
1478 502 1384
502 1384 1478
1384 502 1478
1431 810 2981
810 1431 2981
2981 810 1431
1091 544 2770
2770 544 1091
544 1091 2770
2517 535 677
677 535 2517
535 677 2517
264 1229 2973
1229 264 2973
2973 264 1229
540 143 291
143 291 540
291 143 540
627 1300 2784
2784 627 1300
1300 627 2784
2005 970 1285
970 1285 2005
1285 970 2005
610 888 1080
888 610 1080
1080 610 888
1846 1186 2089
1186 1846 2089
2089 1186 1846
2455 845 2827
2827 845 2455
845 2455 2827
340 807 1063
807 340 1063
1063 340 807
1800 574 1450
574 1450 1800
1450 574 1800
897 256 1355
256 897 1355
1355 256 897
1920 1345 2864
1345 1920 2864
2864 1345 1920
2858 445 2172
2172 445 2858
445 2172 2858
1886 372 1987
1987 372 1886
372 1886 1987
2369 1793 1968
1793 1968 2369
1968 1793 2369
1413 1192 1880
1880 1192 1413
1192 1413 1880
2741 1834 2101
2101 1834 2741
1834 2101 2741
1138 128 1241
128 1138 1241
1241 128 1138
742 1369 1554
1369 742 1554
1554 742 1369
2661 206 633
633 206 2661
206 633 2661
95 1210 2375
2375 95 1210
1210 95 2375
250 1715 2538
2538 250 1715
1715 250 2538
1891 1480 2186
1480 1891 2186
2186 1480 1891
2251 2458 2743
2743 2251 2458
2458 2251 2743
1190 2288 2983
2288 1190 2983
2983 1190 2288
684 300 2219
2219 300 684
300 684 2219
2189 2188 2763
2188 2189 2763
2763 2188 2189
403 1640 2565
2565 403 1640
1640 403 2565
1130 443 1230
443 1130 1230
1230 443 1130
2848 645 1765
1765 645 2848
645 1765 2848
184 2464 2516
2516 184 2464
2464 184 2516
2116 1550 1590
1550 1590 2116
1590 1550 2116
2986 554 2135
2135 554 2986
554 2135 2986
909 750 768
768 750 909
750 768 909
2613 1475 2836
1475 2613 2836
2836 1475 2613
692 69 775
69 692 775
775 69 692
2877 1774 2133
1774 2133 2877
2133 1774 2877
2226 165 1946
165 1946 2226
1946 165 2226
2653 912 984
984 912 2653
912 984 2653
1247 356 1382
356 1247 1382
1382 356 1247
347 1173 1600
1600 347 1173
1173 347 1600
33 126 765
126 33 765
765 33 126
1882 669 2574
669 1882 2574
2574 669 1882
2841 1408 2203
2203 1408 2841
1408 2203 2841
1132 60 1603
1603 60 1132
60 1132 1603
2751 116 2774
2774 116 2751
116 2751 2774
531 1827 2465
1827 531 2465
2465 531 1827
2522 241 1332
1332 241 2522
241 1332 2522
244 1695 2728
1695 244 2728
2728 244 1695
2187 560 892
892 560 2187
560 892 2187
2582 228 2130
2130 228 2582
228 2130 2582
1198 1444 1797
1444 1198 1797
1797 1198 1444
2901 277 2507
2507 277 2901
277 2507 2901
563 11 1545
1545 11 563
11 563 1545
1295 1482 1688
1688 1295 1482
1482 1295 1688
1513 1617 2073
2073 1513 1617
1617 1513 2073
212 1215 2386
2386 212 1215
1215 212 2386
1622 440 1938
1938 440 1622
440 1622 1938
638 404 1721
404 638 1721
1721 404 638
2782 598 2026
598 2026 2782
2026 598 2782
397 1966 2405
2405 397 1966
1966 397 2405
454 648 1370
1370 454 648
648 454 1370
494 1034 1163
1163 494 1034
1034 494 1163
1385 2726 2896
2726 1385 2896
2896 1385 2726
1390 2715 2723
2715 1390 2723
2723 1390 2715
1253 2341 2635
2635 1253 2341
2341 1253 2635
1411 1844 2809
2809 1411 1844
1844 1411 2809
2090 910 1613
910 1613 2090
1613 910 2090
617 794 2968
794 617 2968
2968 617 794
697 826 1430
826 697 1430
1430 697 826
650 359 2438
359 650 2438
2438 359 650
1742 1642 1656
1656 1642 1742
1642 1656 1742
2936 1564 1972
1564 1972 2936
1972 1564 2936
211 1525 2904
2904 211 1525
1525 211 2904
515 1292 2472
2472 515 1292
1292 515 2472
949 1144 2506
2506 949 1144
1144 949 2506
1872 860 2147
860 1872 2147
2147 860 1872
1801 25 2485
25 1801 2485
2485 25 1801
1608 1152 2280
1152 1608 2280
2280 1152 1608
1768 261 879
261 879 1768
879 261 1768
1248 944 1142
1142 944 1248
944 1142 1248
2467 64 1981
64 1981 2467
1981 64 2467
1837 2540 2732
2540 1837 2732
2732 1837 2540
1559 724 2788
724 1559 2788
2788 724 1559
419 1641 2824
1641 419 2824
2824 419 1641
1586 1456 1552
1552 1456 1586
1456 1552 1586
925 678 1980
678 925 1980
1980 678 925
2883 1320 2977
2977 1320 2883
1320 2883 2977
477 685 1169
1169 477 685
685 477 1169
2407 2201 2238
2201 2238 2407
2238 2201 2407
2738 1748 2563
2563 1748 2738
1748 2563 2738
1314 1341 1654
1654 1314 1341
1341 1314 1654
63 2263 2914
2914 63 2263
2263 63 2914
1780 363 1717
1717 363 1780
363 1717 1780
2592 1427 1852
1427 1852 2592
1852 1427 2592
1731 118 459
459 118 1731
118 459 1731
154 1310 2427
1310 154 2427
2427 154 1310
431 371 2630
371 431 2630
2630 371 431
2376 117 1958
117 1958 2376
1958 117 2376
37 72 97
97 37 72
72 37 97
2508 223 926
926 223 2508
223 926 2508
967 2056 2974
2974 967 2056
2056 967 2974
890 1621 2478
2478 890 1621
1621 890 2478
1264 589 817
817 589 1264
589 817 1264
15 1328 2807
1328 15 2807
2807 15 1328
2510 1129 1191
1129 1191 2510
1191 1129 2510
1754 917 1483
1483 917 1754
917 1483 1754
2298 870 2698
870 2298 2698
2698 870 2298
113 895 915
895 113 915
915 113 895
1322 92 2414
92 1322 2414
2414 92 1322
2559 1403 2600
2600 1403 2559
1403 2559 2600
1895 2305 2616
2616 1895 2305
2305 1895 2616
546 2519 2769
2769 546 2519
2519 546 2769
2820 1963 2951
2951 1963 2820
1963 2820 2951
1630 2818 2967
2967 1630 2818
2818 1630 2967
793 318 1126
318 793 1126
1126 318 793
2370 2249 2287
2249 2287 2370
2287 2249 2370
2241 1840 2064
2064 1840 2241
1840 2064 2241
2454 2317 2998
2998 2317 2454
2317 2454 2998
683 1828 2902
2902 683 1828
1828 683 2902
43 73 854
854 43 73
73 43 854
2408 23 1277
1277 23 2408
23 1277 2408
1156 1649 1709
1709 1156 1649
1649 1156 1709
2940 478 1359
1359 478 2940
478 1359 2940
1519 127 2614
2614 127 1519
127 1519 2614
1491 592 1065
1065 592 1491
592 1065 1491
2267 2080 2412
2080 2267 2412
2412 2080 2267
838 1947 2104
2104 838 1947
1947 838 2104
2207 1071 1751
1071 1751 2207
1751 1071 2207
2798 760 2447
760 2447 2798
2447 760 2798
991 1563 2720
1563 991 2720
2720 991 1563
1646 706 2567
706 1646 2567
2567 706 1646
2830 918 976
976 918 2830
918 976 2830
2938 2789 2889
2889 2789 2938
2789 2889 2938
2934 1648 2139
1648 2139 2934
2139 1648 2934
644 2154 2162
2162 644 2154
2154 644 2162
2884 456 1237
1237 456 2884
456 1237 2884
1189 209 722
209 722 1189
722 209 1189
1816 1066 2526
1066 1816 2526
2526 1066 1816
1025 1849 2799
2799 1025 1849
1849 1025 2799
605 1356 2706
1356 605 2706
2706 605 1356
1047 541 1271
541 1047 1271
1271 541 1047
1268 924 1194
924 1194 1268
1194 924 1268
227 1043 1935
1935 227 1043
1043 227 1935
2780 986 2283
2283 986 2780
986 2283 2780
1188 1679 2359
1679 1188 2359
2359 1188 1679
2049 394 513
394 513 2049
513 394 2049
2156 1301 2874
2874 1301 2156
1301 2156 2874
2980 1544 2468
2468 1544 2980
1544 2468 2980
1216 2290 2469
2469 1216 2290
2290 1216 2469
2928 1360 2453
1360 2453 2928
2453 1360 2928
2620 599 1913
1913 599 2620
599 1913 2620
1231 490 2145
2145 490 1231
490 1231 2145
2512 364 2022
364 2022 2512
2022 364 2512
894 2385 2429
2385 894 2429
2429 894 2385
114 1389 2816
1389 114 2816
2816 114 1389
2193 2679 2964
2679 2193 2964
2964 2193 2679
53 1037 2757
2757 53 1037
1037 53 2757
1005 803 1278
1278 803 1005
803 1005 1278
1275 1930 2270
1930 1275 2270
2270 1275 1930
218 2230 2688
2688 218 2230
2230 218 2688
2913 349 871
871 349 2913
349 871 2913
1587 2295 2564
2295 1587 2564
2564 1587 2295
1520 2169 2597
2169 1520 2597
2597 1520 2169
1823 224 1020
1020 224 1823
224 1020 1823
1185 704 1591
704 1185 1591
1591 704 1185
2351 2246 2812
2812 2246 2351
2246 2351 2812
2228 1363 2411
1363 2228 2411
2411 1363 2228
2420 821 1940
821 1940 2420
1940 821 2420
355 2532 2811
2811 355 2532
2532 355 2811
207 634 2554
2554 207 634
634 207 2554
2939 1291 1402
1402 1291 2939
1291 1402 2939
2878 2576 2849
2576 2849 2878
2849 2576 2878
2546 629 2783
2783 629 2546
629 2546 2783
2692 1000 2355
2355 1000 2692
1000 2355 2692
2275 243 1635
243 1635 2275
1635 243 2275
518 816 2750
816 518 2750
2750 518 816
133 866 1120
866 133 1120
1120 133 866
1139 942 2886
942 1139 2886
2886 942 1139
2311 2470 2547
2547 2311 2470
2470 2311 2547
1726 1127 1569
1569 1127 1726
1127 1569 1726
1069 867 1560
1560 867 1069
867 1069 1560
2102 716 1141
716 1141 2102
1141 716 2102
1422 1105 1193
1193 1105 1422
1105 1193 1422
2484 800 2445
2445 800 2484
800 2445 2484
2581 1713 2988
2988 1713 2581
1713 2581 2988
1197 1150 1471
1471 1150 1197
1150 1197 1471
1902 1701 2183
1701 1902 2183
2183 1701 1902
586 1118 2880
2880 586 1118
1118 586 2880
1771 908 2081
908 1771 2081
2081 908 1771
1658 715 1354
715 1354 1658
1354 715 1658
896 220 284
220 284 896
284 220 896
2382 1258 1618
1618 1258 2382
1258 1618 2382
1910 2237 2657
2657 1910 2237
2237 1910 2657
657 718 1696
718 657 1696
1696 657 718
1484 2059 2749
2749 1484 2059
2059 1484 2749
98 579 2318
2318 98 579
579 98 2318
2023 1876 2603
2603 1876 2023
1876 2023 2603
253 1593 1989
1989 253 1593
1593 253 1989
499 66 455
66 455 499
455 66 499
152 545 2596
545 152 2596
2596 152 545
1970 1094 2921
1094 1970 2921
2921 1094 1970
483 1690 2860
1690 483 2860
2860 483 1690
2279 449 1429
1429 449 2279
449 1429 2279
2413 1058 1425
1058 1425 2413
1425 1058 2413
9 81 2839
81 9 2839
2839 9 81
2689 1263 1723
1723 1263 2689
1263 1723 2689
875 1124 2294
2294 875 1124
1124 875 2294
1773 2082 2273
2082 1773 2273
2273 1773 2082
933 1203 1507
1507 933 1203
1203 933 1507
1750 90 2531
90 1750 2531
2531 90 1750
983 269 1539
1539 269 983
269 983 1539
1990 435 1428
435 1428 1990
1428 435 1990
2098 1860 2865
1860 2098 2865
2865 1860 2098
1218 1918 2017
1918 1218 2017
2017 1218 1918
950 1945 2861
2861 950 1945
1945 950 2861
2009 913 1594
1594 913 2009
913 1594 2009
2002 463 2787
463 2002 2787
2787 463 2002
839 486 902
902 486 839
486 839 902
2220 177 317
177 317 2220
317 177 2220
1791 508 2607
508 1791 2607
2607 508 1791
771 1943 2339
1943 771 2339
2339 771 1943
2734 1626 1927
1927 1626 2734
1626 1927 2734
41 2711 2817
2817 41 2711
2711 41 2817
2276 1089 2176
1089 2176 2276
2176 1089 2276
2477 2260 2755
2260 2477 2755
2755 2260 2477
1298 1760 2920
2920 1298 1760
1760 1298 2920
432 952 1685
952 432 1685
1685 432 952
1084 1995 2132
1995 1084 2132
2132 1084 1995
929 666 853
666 853 929
853 666 929
2656 670 2085
2085 670 2656
670 2085 2656
1245 550 2552
2552 550 1245
550 1245 2552
555 153 2304
153 555 2304
2304 153 555
1620 89 1747
1747 89 1620
89 1620 1747
1093 1657 2695
2695 1093 1657
1657 1093 2695
891 1405 2067
1405 891 2067
2067 891 1405
1668 941 1434
941 1434 1668
1434 941 1668
485 122 2800
2800 122 485
122 485 2800
299 1419 1457
1457 299 1419
1419 299 1457
1659 1741 2084
2084 1659 1741
1741 1659 2084
190 34 145
145 34 190
34 145 190
2676 2342 2716
2716 2342 2676
2342 2676 2716
2200 1602 2159
1602 2159 2200
2159 1602 2200
2160 882 1949
1949 882 2160
882 1949 2160
2960 1383 2685
2685 1383 2960
1383 2685 2960
2358 467 1366
1366 467 2358
467 1366 2358
2321 2079 2119
2079 2119 2321
2119 2079 2321
2463 1607 1786
1786 1607 2463
1607 1786 2463
2013 1157 2274
1157 2013 2274
2274 1157 2013
1803 675 1962
1962 675 1803
675 1803 1962
2233 548 2103
2103 548 2233
548 2103 2233
2029 533 1178
533 1178 2029
1178 533 2029
1720 408 2451
2451 408 1720
408 1720 2451
172 168 1894
168 172 1894
1894 168 172
1233 1749 2779
1749 1233 2779
2779 1233 1749
1997 937 2548
2548 937 1997
937 1997 2548
2736 2400 2624
2624 2400 2736
2400 2624 2736
428 517 1877
517 428 1877
1877 428 517
506 2674 2810
2674 506 2810
2810 506 2674
783 1838 2838
2838 783 1838
1838 783 2838
2627 914 2957
2957 914 2627
914 2627 2957
413 1854 2330
1854 413 2330
2330 413 1854
730 1064 2524
2524 730 1064
1064 730 2524
1104 889 962
962 889 1104
889 962 1104
740 1280 1531
1531 740 1280
1280 740 1531
2486 726 1326
1326 726 2486
726 1326 2486
745 215 1335
215 745 1335
1335 215 745
2389 195 1781
195 1781 2389
1781 195 2389
2509 1792 2859
1792 2509 2859
2859 1792 2509
2149 968 2835
2835 968 2149
968 2149 2835
248 1625 2730
1625 248 2730
2730 248 1625
2474 689 980
980 689 2474
689 980 2474
2299 31 79
79 31 2299
31 79 2299
2990 523 2735
2735 523 2990
523 2735 2990
1170 2424 2542
2424 1170 2542
2542 1170 2424
289 2644 2975
2975 289 2644
2644 289 2975
2345 442 1616
442 1616 2345
1616 442 2345
446 189 2240
189 446 2240
2240 189 446
473 698 2198
698 473 2198
2198 473 698
2588 1412 1418
1412 1418 2588
1418 1412 2588
1235 1728 2821
1728 1235 2821
2821 1235 1728
652 507 2708
2708 507 652
507 652 2708
2121 1674 2829
1674 2121 2829
2829 1674 2121
2943 558 1017
558 1017 2943
1017 558 2943
2634 1718 2383
1718 2383 2634
2383 1718 2634
1476 381 1936
381 1476 1936
1936 381 1476
2432 1256 2971
1256 2432 2971
2971 1256 2432
1605 1042 1168
1042 1168 1605
1168 1042 1605
2126 2205 2959
2205 2126 2959
2959 2126 2205
747 470 504
470 504 747
504 470 747
1287 527 792
527 792 1287
792 527 1287
2729 1504 1647
1647 1504 2729
1504 1647 2729
2906 351 1855
351 1855 2906
1855 351 2906
16 2580 2923
2923 16 2580
2580 16 2923
326 2680 2765
2680 326 2765
2765 326 2680
2870 294 2712
2712 294 2870
294 2712 2870
1678 520 2705
2705 520 1678
520 1678 2705
1933 2349 2632
2349 1933 2632
2632 1933 2349
1032 696 1694
1694 696 1032
696 1032 1694
325 198 2888
198 325 2888
2888 198 325
1008 123 988
123 988 1008
988 123 1008
1003 868 2917
2917 868 1003
868 1003 2917
2113 734 2612
734 2113 2612
2612 734 2113
1598 1110 2236
1110 1598 2236
2236 1110 1598
911 18 2310
2310 18 911
18 911 2310
2499 1907 2122
1907 2122 2499
2122 1907 2499
1362 1463 1871
1871 1362 1463
1463 1362 1871
2589 193 1794
1794 193 2589
193 1794 2589
2802 676 732
676 732 2802
732 676 2802
2257 276 1738
276 1738 2257
1738 276 2257
186 491 2591
491 186 2591
2591 186 491
56 229 1789
229 56 1789
1789 56 229
2623 1485 2882
2882 1485 2623
1485 2623 2882
2072 626 939
626 939 2072
939 626 2072
1785 1549 2008
2008 1549 1785
1549 1785 2008
493 263 2286
263 493 2286
2286 263 493
708 24 1333
24 708 1333
1333 24 708
530 526 1028
526 530 1028
1028 526 530
295 639 1499
1499 295 639
639 295 1499
1131 67 2039
67 1131 2039
2039 67 1131
898 862 2010
2010 862 898
862 898 2010
1822 1211 1294
1211 1294 1822
1294 1211 1822
121 1971 2365
1971 121 2365
2365 121 1971
512 957 1145
957 512 1145
1145 512 957
1082 673 1645
673 1082 1645
1645 673 1082
1624 1015 2969
1015 1624 2969
2969 1015 1624
1357 851 1364
1364 851 1357
851 1357 1364
1601 1036 2840
2840 1036 1601
1036 1601 2840
907 844 2227
844 907 2227
2227 844 907
1892 415 1708
1708 415 1892
415 1708 1892
790 2050 2378
2050 790 2378
2378 790 2050
214 1850 2327
1850 214 2327
2327 214 1850
1778 2058 2672
2058 1778 2672
2672 1778 2058
1244 202 2805
2805 202 1244
202 1244 2805
1269 964 1719
1719 964 1269
964 1269 1719
384 1021 1746
1021 384 1746
1746 384 1021
1050 963 1398
1398 963 1050
963 1050 1398
2175 52 2747
52 2175 2747
2747 52 2175
1568 581 2868
581 1568 2868
2868 581 1568
1049 1242 1839
1242 1049 1839
1839 1049 1242
1465 2491 2866
2491 1465 2866
2866 1465 2491
2826 93 282
93 282 2826
282 93 2826
2590 2853 2916
2853 2590 2916
2916 2590 2853
528 1097 2242
1097 528 2242
2242 528 1097
524 344 997
997 344 524
344 524 997
1379 582 2742
582 1379 2742
2742 582 1379
480 1367 2320
1367 480 2320
2320 480 1367
426 702 1948
1948 426 702
702 426 1948
17 529 1861
529 17 1861
1861 17 529
1113 1542 2350
1542 1113 2350
2350 1113 1542
2909 2134 2239
2134 2239 2909
2239 2134 2909
1501 1288 1306
1288 1306 1501
1306 1288 1501
1631 1675 1752
1752 1631 1675
1675 1631 1752
766 103 1993
1993 103 766
103 766 1993
179 107 2602
2602 107 179
107 179 2602
786 185 2196
185 786 2196
2196 185 786
55 1929 2302
1929 55 2302
2302 55 1929
636 306 2664
2664 306 636
306 636 2664
2710 1511 2206
1511 2206 2710
2206 1511 2710
2306 323 1449
1449 323 2306
323 1449 2306
1779 1159 2495
1159 1779 2495
2495 1159 1779
2605 547 2255
2255 547 2605
547 2255 2605
621 1224 2214
2214 621 1224
1224 621 2214
588 396 2498
396 588 2498
2498 396 588
780 278 2528
278 780 2528
2528 278 780
2930 1175 2855
2855 1175 2930
1175 2855 2930
1041 433 1404
433 1041 1404
1404 433 1041
557 393 2837
393 557 2837
2837 393 557
630 44 1209
44 630 1209
1209 44 630
2963 395 2197
395 2197 2963
2197 395 2963
2911 85 1440
85 1440 2911
1440 85 2911
805 2460 2611
2460 805 2611
2611 805 2460
2153 762 1022
762 1022 2153
1022 762 2153
1351 600 1181
600 1181 1351
1181 600 1351
2006 699 1934
1934 699 2006
699 1934 2006
119 164 2096
2096 119 164
164 119 2096
1903 167 2221
2221 167 1903
167 1903 2221
1052 713 1994
713 1052 1994
1994 713 1052
1148 802 2777
802 1148 2777
2777 802 1148
1925 275 2340
2340 275 1925
275 1925 2340
2718 196 2804
2804 196 2718
196 2718 2804
2727 62 1609
62 1609 2727
1609 62 2727
2515 602 1184
602 1184 2515
1184 602 2515
315 2091 2334
2091 315 2334
2334 315 2091
1745 424 2435
2435 424 1745
424 1745 2435
1673 1023 2549
1023 1673 2549
2549 1023 1673
1739 1805 2707
2707 1739 1805
1805 1739 2707
2965 989 2529
989 2529 2965
2529 989 2965
2678 1206 1926
1926 1206 2678
1206 1926 2678
835 173 674
674 173 835
173 674 835
321 10 1961
10 321 1961
1961 10 321
2388 1557 2117
2117 1557 2388
1557 2117 2388
1547 2181 2903
2181 1547 2903
2903 1547 2181
1944 1759 2609
1759 1944 2609
2609 1759 1944
1757 401 612
401 612 1757
612 401 1757
1035 1982 2314
2314 1035 1982
1982 1035 2314
1119 987 2379
987 1119 2379
2379 987 1119
2935 936 1579
1579 936 2935
936 1579 2935
1317 407 2504
407 1317 2504
2504 407 1317
1919 1831 2211
1831 1919 2211
2211 1831 1919
142 899 2312
899 142 2312
2312 142 899
2927 388 1830
1830 388 2927
388 1830 2927
2557 522 2331
522 2331 2557
2331 522 2557
471 1070 1885
1885 471 1070
1070 471 1885
1319 778 1311
1311 778 1319
778 1311 1319
2194 737 2844
2844 737 2194
737 2194 2844
2324 900 1692
1692 900 2324
900 1692 2324
1644 947 1524
947 1524 1644
1524 947 1644
2329 231 2545
2545 231 2329
231 2329 2545
2393 1254 2731
1254 2393 2731
2731 1254 2393
329 251 2208
251 329 2208
2208 251 329
746 2271 2303
2303 746 2271
2271 746 2303
2473 311 834
834 311 2473
311 834 2473
258 774 2869
774 258 2869
2869 258 774
542 843 1815
1815 542 843
843 542 1815
1452 618 1179
618 1179 1452
1179 618 1452
319 1541 2639
2639 319 1541
1541 319 2639
2423 641 2195
2195 641 2423
641 2195 2423
2292 1338 2040
1338 2040 2292
2040 1338 2292
2152 562 1334
562 1334 2152
1334 562 2152
769 916 1610
1610 769 916
916 769 1610
1770 591 2894
2894 591 1770
591 1770 2894
2756 338 2494
338 2494 2756
2494 338 2756
147 813 1763
813 147 1763
1763 147 813
1307 1461 2120
1461 1307 2120
2120 1307 1461
1251 836 2760
836 1251 2760
2760 836 1251
2178 1054 2677
2677 1054 2178
1054 2178 2677
392 622 1481
622 392 1481
1481 392 622
1655 182 382
382 182 1655
182 382 1655
1325 1490 1538
1538 1325 1490
1490 1325 1538
754 112 655
655 112 754
112 655 754
246 2309 2931
2309 246 2931
2931 246 2309
1424 1508 2326
2326 1424 1508
1508 1424 2326
503 1267 2402
1267 503 2402
2402 503 1267
163 1567 2645
1567 163 2645
2645 163 1567
192 157 1530
157 192 1530
1530 157 192
904 1438 2266
1438 904 2266
2266 904 1438
1914 84 1577
84 1577 1914
1577 84 1914
2377 729 1296
1296 729 2377
729 1296 2377
1707 1758 2778
2778 1707 1758
1758 1707 2778
465 632 2638
632 465 2638
2638 465 632
2842 136 464
136 464 2842
464 136 2842
919 2619 2768
2768 919 2619
2619 919 2768
1060 259 2604
2604 259 1060
259 1060 2604
2643 374 2872
2872 374 2643
374 2643 2872
2662 439 1633
1633 439 2662
439 1633 2662
427 1704 2534
1704 427 2534
2534 427 1704
301 631 1279
631 301 1279
1279 301 631
367 736 2250
2250 367 736
736 367 2250
1576 406 2502
406 1576 2502
2502 406 1576
1796 29 2356
2356 29 1796
29 1796 2356
1686 425 759
759 425 1686
425 759 1686
1067 972 2199
2199 972 1067
972 1067 2199
1154 387 1764
1764 387 1154
387 1154 1764
1182 2185 2857
2185 1182 2857
2857 1182 2185
1977 1772 2053
2053 1772 1977
1772 1977 2053
1597 2168 2560
2560 1597 2168
2168 1597 2560
1546 728 1342
728 1342 1546
1342 728 1546
2663 124 2942
2942 124 2663
124 2663 2942
1952 1029 2123
1029 1952 2123
2123 1029 1952
1155 791 2352
2352 791 1155
791 1155 2352
2822 159 1984
1984 159 2822
159 1984 2822
149 1466 2410
1466 149 2410
2410 149 1466
2972 1534 2262
2262 1534 2972
1534 2262 2972
2265 2625 2912
2912 2265 2625
2625 2265 2912
749 409 2505
409 749 2505
2505 409 749
1687 761 1436
1436 761 1687
761 1436 1687
2336 328 2004
328 2004 2336
2004 328 2336
2015 219 1108
219 1108 2015
1108 219 2015
322 1515 2348
1515 322 2348
2348 322 1515
2452 99 679
99 679 2452
679 99 2452
609 1076 2536
1076 609 2536
2536 609 1076
88 2024 2215
2215 88 2024
2024 88 2215
2739 798 2062
798 2062 2739
2062 798 2739
2794 2060 2681
2681 2060 2794
2060 2681 2794
2086 885 2396
2396 885 2086
885 2086 2396
992 436 2766
436 992 2766
2766 436 992
1122 687 1864
1864 687 1122
687 1122 1864
1776 1223 3000
3000 1223 1776
1223 1776 3000
1744 1393 2284
1393 1744 2284
2284 1393 1744
646 1027 2694
1027 646 2694
2694 646 1027
744 208 2061
208 744 2061
2061 208 744
1096 808 1548
1548 808 1096
808 1096 1548
2947 536 2316
2316 536 2947
536 2316 2947
537 571 2511
571 537 2511
2511 537 571
672 2115 2575
2115 672 2575
2575 672 2115
1558 1883 2034
1883 1558 2034
2034 1558 1883
2070 101 590
590 101 2070
101 590 2070
1250 111 580
111 580 1250
580 111 1250
169 293 812
812 169 293
293 169 812
2737 1435 2601
2601 1435 2737
1435 2601 2737
1928 1619 1787
1619 1787 1928
1787 1619 1928
42 2364 2544
2544 42 2364
2364 42 2544
2488 2003 2786
2003 2488 2786
2786 2003 2488
2962 488 1932
1932 488 2962
488 1932 2962
1964 1012 1660
1660 1012 1964
1012 1660 1964
2579 2210 2459
2210 2459 2579
2459 2210 2579
1769 335 990
335 990 1769
990 335 1769
2686 235 2018
235 2018 2686
2018 235 2686
757 2165 2719
2719 757 2165
2165 757 2719
2724 608 1270
608 1270 2724
1270 608 2724
711 1528 2833
1528 711 2833
2833 711 1528
1881 577 1890
1890 577 1881
577 1881 1890
379 2191 2308
2191 379 2308
2308 379 2191
668 1588 2496
2496 668 1588
1588 668 2496
1517 1782 2641
2641 1517 1782
1782 1517 2641
1495 556 2179
2179 556 1495
556 1495 2179
2697 623 2503
2503 623 2697
623 2503 2697
2932 1967 2446
2446 1967 2932
1967 2446 2932
5 938 1735
938 5 1735
1735 5 938
887 2293 2598
2293 887 2598
2598 887 2293
777 1147 1455
1455 777 1147
1147 777 1455
1992 1458 1853
1853 1458 1992
1458 1853 1992
1978 106 828
106 828 1978
828 106 1978
2871 876 1512
1512 876 2871
876 1512 2871
2232 2530 2586
2530 2232 2586
2586 2232 2530
2142 1109 1272
1272 1109 2142
1109 1272 2142
1092 140 1051
1051 140 1092
140 1051 1092
2480 1653 1682
1682 1653 2480
1653 1682 2480
28 2277 2976
2277 28 2976
2976 28 2277
2323 856 1863
856 1863 2323
1863 856 2323
1312 1374 1566
1374 1312 1566
1566 1312 1374
1388 156 1711
1711 156 1388
156 1388 1711
784 2353 2395
2353 784 2395
2395 784 2353
1503 137 144
137 144 1503
144 137 1503
105 273 2406
2406 105 273
273 105 2406
2640 1040 1733
1040 1733 2640
1733 1040 2640
80 389 596
596 80 389
389 80 596
1509 461 1098
1098 461 1509
461 1098 1509
2929 288 2021
2021 288 2929
288 2021 2929
370 731 2301
2301 370 731
731 370 2301
2667 1149 1614
1614 1149 2667
1149 1614 2667
1289 1151 2247
1151 1289 2247
2247 1151 1289
2873 595 1079
1079 595 2873
595 1079 2873
927 2360 2390
2360 927 2390
2390 927 2360
615 26 2867
2867 26 615
26 615 2867
1090 342 2617
342 1090 2617
2617 342 1090
1353 50 2687
2687 50 1353
50 1353 2687
1349 1477 2642
1477 1349 2642
2642 1349 1477
2252 620 1469
620 1469 2252
1469 620 2252
2426 110 763
110 763 2426
763 110 2426
345 619 1462
1462 345 619
619 345 1462
2143 1302 2608
2608 1302 2143
1302 2143 2608
594 2561 2700
2700 594 2561
2561 594 2700
2701 281 658
281 658 2701
658 281 2701
1578 2105 2229
2105 1578 2229
2229 1578 2105
262 1415 2225
1415 262 2225
2225 262 1415
2164 304 2562
2562 304 2164
304 2164 2562
982 83 1024
1024 83 982
83 982 1024
1957 2217 2428
2217 1957 2428
2428 1957 2217
741 2577 2944
2944 741 2577
2577 741 2944
187 955 2354
955 187 2354
2354 187 955
2095 297 1077
1077 297 2095
297 1077 2095
2628 1585 2361
1585 2361 2628
2361 1585 2628
603 999 2391
999 603 2391
2391 603 999
505 476 1896
476 505 1896
1896 476 505
2258 12 2654
12 2258 2654
2654 12 2258
447 354 2671
2671 354 447
354 447 2671
2682 1676 2899
2899 1676 2682
1676 2682 2899
2163 1826 2854
2854 1826 2163
1826 2163 2854
2847 1304 2568
1304 2568 2847
2568 1304 2847
1433 65 87
87 65 1433
65 87 1433
1493 799 1638
1638 799 1493
799 1493 1638
1870 2138 2669
2669 1870 2138
2138 1870 2669
2381 1447 2771
1447 2381 2771
2771 1447 2381
70 213 1999
213 70 1999
1999 70 213
1348 832 1574
1574 832 1348
832 1348 1574
1336 310 1026
310 1026 1336
1026 310 1336
1143 1140 2776
2776 1140 1143
1140 1143 2776
2137 48 857
857 48 2137
48 857 2137
735 1327 2235
2235 735 1327
1327 735 2235
647 1536 2338
1536 647 2338
2338 647 1536
468 1372 1784
1372 468 1784
1784 468 1372
233 203 2415
203 233 2415
2415 203 233
1985 333 1529
333 1529 1985
1529 333 1985
1703 257 1693
1693 257 1703
257 1693 1703
61 175 2366
2366 61 175
175 61 2366
414 601 2297
2297 414 601
601 414 2297
2285 1489 1628
1628 1489 2285
1489 1628 2285
651 753 1988
753 651 1988
1988 651 753
2422 956 1986
1986 956 2422
956 1986 2422
2483 659 723
723 659 2483
659 723 2483
1062 226 773
773 226 1062
226 773 1062
2792 878 1361
878 1361 2792
1361 878 2792
1161 2343 2650
2343 1161 2650
2650 1161 2343
2690 1446 2269
2269 1446 2690
1446 2269 2690
2571 1652 2108
2108 1652 2571
1652 2108 2571
1441 13 287
13 287 1441
287 13 1441
38 457 804
804 38 457
457 38 804
776 498 1931
498 776 1931
1931 498 776
2466 1623 2876
1623 2466 2876
2876 1623 2466
2994 255 2558
255 2558 2994
2558 255 2994
453 1100 2713
1100 453 2713
2713 453 1100
2282 809 1575
1575 809 2282
809 1575 2282
1386 1200 1472
1200 1386 1472
1472 1200 1386
2315 767 2141
767 2141 2315
2141 767 2315
2570 1421 2433
2433 1421 2570
1421 2433 2570
2234 1174 2895
1174 2234 2895
2895 1174 2234
2272 469 2124
2124 469 2272
469 2124 2272
1811 222 1439
222 1439 1811
1439 222 1811
1611 59 1672
1672 59 1611
59 1611 1672
2793 1044 1068
1068 1044 2793
1044 1068 2793
91 1459 2289
1459 91 2289
2289 91 1459
474 681 1350
1350 474 681
681 474 1350
1851 2148 2367
2148 1851 2367
2367 1851 2148
2704 1114 2773
2773 1114 2704
1114 2704 2773
265 47 77
77 47 265
47 77 265
1464 102 2696
2696 102 1464
102 1464 2696
720 1039 2753
2753 720 1039
1039 720 2753
2322 249 2245
249 2245 2322
2245 249 2322
298 2372 2775
2372 298 2775
2775 298 2372
100 1002 2618
1002 100 2618
2618 100 1002
346 238 1727
1727 238 346
238 346 1727
1643 46 2594
2594 46 1643
46 1643 2594
883 525 1960
1960 525 883
525 883 1960
2261 587 649
649 587 2261
587 649 2261
2363 1240 1553
1240 1553 2363
1553 1240 2363
1414 2815 2952
2952 1414 2815
2815 1414 2952
1167 129 1808
129 1167 1808
1808 129 1167
2362 1589 2397
1589 2362 2397
2397 1589 2362
815 441 2182
441 815 2182
2182 441 815
1492 1207 1661
1207 1492 1661
1661 1207 1492
667 176 350
350 176 667
176 350 667
1506 864 1906
864 1506 1906
1906 864 1506
378 1380 2011
1380 378 2011
2011 378 1380
1571 901 2918
901 1571 2918
2918 901 1571
309 1135 1226
1135 309 1226
1226 309 1135
1802 1030 1183
1183 1030 1802
1030 1183 1802
75 496 1395
1395 75 496
496 75 1395
662 663 787
787 662 663
663 662 787
2660 1137 1669
1137 1669 2660
1669 1137 2660
823 946 1115
946 823 1115
1115 823 946
996 78 1755
78 996 1755
1755 78 996
564 200 2418
2418 200 564
200 564 2418
2699 833 977
977 833 2699
833 977 2699
1125 1321 2264
1321 1125 2264
2264 1125 1321
1526 694 2954
694 1526 2954
2954 694 1526
2721 1014 2514
1014 2514 2721
2514 1014 2721
1806 1556 2621
2621 1556 1806
1556 1806 2621
2174 719 1222
719 1222 2174
1222 719 2174
383 420 1612
1612 383 420
420 383 1612
2684 1371 2851
2851 1371 2684
1371 2684 2851
1734 1246 1899
1246 1734 1899
1899 1246 1734
1423 148 1705
148 1423 1705
1705 148 1423
1684 210 462
210 462 1684
462 210 1684
1915 1305 1912
1305 1912 1915
1912 1305 1915
365 2093 2425
2093 365 2425
2425 365 2093
2110 399 770
399 770 2110
770 399 2110
267 314 2492
2492 267 314
314 267 2492
2111 712 943
712 943 2111
943 712 2111
1006 1331 1683
1331 1006 1683
1683 1006 1331
2493 1409 2212
1409 2212 2493
2212 1409 2493
1510 1075 2231
2231 1075 1510
1075 1510 2231
434 135 1177
1177 135 434
135 434 1177
2513 313 1315
1315 313 2513
313 1315 2513
2173 1417 1842
1842 1417 2173
1417 1842 2173
138 559 1904
559 138 1904
1904 138 559
1502 94 305
94 305 1502
305 94 1502
820 1239 2222
2222 820 1239
1239 820 2222
1202 1923 2025
1923 1202 2025
2025 1202 1923
1777 1265 2443
2443 1265 1777
1265 1777 2443
1636 1671 2717
1671 1636 2717
2717 1636 1671
1352 661 2949
661 1352 2949
2949 661 1352
1201 1527 2335
1527 1201 2335
2335 1201 1527
1018 801 886
801 886 1018
886 801 1018
855 2746 2926
2746 855 2926
2926 855 2746
1011 872 2767
872 1011 2767
2767 872 1011
2421 479 709
709 479 2421
479 709 2421
366 953 2368
953 366 2368
2368 366 953
1196 466 743
743 466 1196
466 743 1196
2525 86 324
86 324 2525
324 86 2525
2071 567 1737
567 1737 2071
1737 567 2071
2979 1866 2550
2550 1866 2979
1866 2550 2979
2651 568 1604
1604 568 2651
568 1604 2651
1869 2785 2892
2785 1869 2892
2892 1869 2785
2344 1829 1954
1954 1829 2344
1829 1954 2344
139 418 788
418 139 788
788 139 418
1689 405 2668
2668 405 1689
405 1689 2668
2725 625 1884
625 1884 2725
1884 625 2725
308 417 2028
2028 308 417
417 308 2028
1888 2052 2112
2112 1888 2052
2052 1888 2112
49 2125 2606
2125 49 2606
2606 49 2125
637 693 1443
693 637 1443
1443 637 693
2035 1103 2054
2054 1103 2035
1103 2035 2054
120 330 1973
1973 120 330
330 120 1973
1788 410 861
410 861 1788
861 410 1788
45 573 880
880 45 573
573 45 880
532 1046 1698
1046 532 1698
1698 532 1046
1732 162 643
643 162 1732
162 643 1732
2890 2479 2845
2479 2845 2890
2845 2479 2890
2268 51 1406
51 1406 2268
1406 51 2268
797 416 2875
416 797 2875
2875 416 797
665 583 751
583 665 751
751 583 665
1521 283 2984
283 1521 2984
2984 283 1521
642 1537 2114
1537 642 2114
2114 642 1537
2224 700 2033
2033 700 2224
700 2033 2224
1078 565 985
565 985 1078
985 565 1078
858 1221 1487
1487 858 1221
1221 858 1487
1330 296 2448
296 1330 2448
2448 296 1330
2337 945 2374
2374 945 2337
945 2337 2374
1979 19 2094
19 1979 2094
2094 19 1979
2184 268 1072
268 1072 2184
1072 268 2184
1712 1467 2442
1467 1712 2442
2442 1467 1712
217 1106 2569
1106 217 2569
2569 217 1106
2828 1053 2416
1053 2416 2828
2416 1053 2828
2216 1243 1898
1243 1898 2216
1898 1243 2216
1176 1856 2535
2535 1176 1856
1856 1176 2535
1996 1821 2088
1821 1996 2088
2088 1821 1996
1740 1700 2813
1700 1740 2813
2813 1700 1740
1392 1136 2244
2244 1136 1392
1136 1392 2244
2539 422 819
422 819 2539
819 422 2539
2037 160 2456
160 2037 2456
2456 160 2037
795 230 539
539 230 795
230 539 795
2296 1329 2140
1329 2140 2296
2140 1329 2296
336 688 960
960 336 688
688 336 960
437 1290 2649
1290 437 2649
2649 437 1290
35 1095 1391
1095 35 1391
1391 35 1095
1832 2171 2319
2319 1832 2171
2171 1832 2319
616 327 460
327 460 616
460 327 616
1204 1562 2087
2087 1204 1562
1562 1204 2087
2063 1259 2099
2099 1259 2063
1259 2063 2099
1309 584 1281
584 1281 1309
1281 584 1309
1580 1 2409
1 1580 2409
2409 1 1580
2633 332 1583
332 1583 2633
1583 332 2633
1818 36 576
576 36 1818
36 576 1818
2881 1045 1451
1451 1045 2881
1045 1451 2881
312 660 1956
660 312 1956
1956 312 660
1133 7 475
7 475 1133
475 7 1133
131 1396 2764
1396 131 2764
2764 131 1396
2523 68 373
373 68 2523
68 373 2523
32 1205 2908
1205 32 2908
2908 32 1205
2043 280 1365
280 1365 2043
1365 280 2043
758 1099 1573
1099 758 1573
1573 758 1099
1453 1639 2307
1639 1453 2307
2307 1453 1639
1879 1665 1766
1766 1665 1879
1665 1766 1879
380 1998 2450
2450 380 1998
1998 380 2450
2106 361 874
874 361 2106
361 874 2106
2551 1219 1500
1219 1500 2551
1500 1219 2551
1873 452 840
840 452 1873
452 840 1873
2097 806 2587
806 2097 2587
2587 806 2097
316 2144 2599
2599 316 2144
2144 316 2599
2392 27 2155
27 2155 2392
2155 27 2392
1460 1606 1664
1606 1460 1664
1664 1460 1606
930 701 2462
701 930 2462
2462 701 930
921 710 2192
710 921 2192
2192 710 921
242 448 978
448 242 978
978 242 448
1561 247 2347
247 1561 2347
2347 247 1561
2748 847 1016
847 1016 2748
1016 847 2748
1629 1488 2092
2092 1488 1629
1488 1629 2092
237 1087 2357
1087 237 2357
2357 237 1087
2655 1055 2891
1055 2655 2891
2891 1055 2655
2332 1158 1533
1533 1158 2332
1158 1533 2332
2814 1666 2444
2444 1666 2814
1666 2444 2814
1532 593 2846
593 1532 2846
2846 593 1532
2417 1232 1650
1650 1232 2417
1232 1650 2417
183 343 1908
343 183 1908
1908 183 343
1845 386 1375
386 1375 1845
1375 386 1845
572 1004 1377
1004 572 1377
1377 572 1004
873 635 2744
635 873 2744
2744 635 873
640 2042 2431
2431 640 2042
2042 640 2431
1825 654 2520
654 1825 2520
2520 654 1825
1238 1627 2482
1627 1238 2482
2482 1238 1627
2722 1468 2907
1468 2722 2907
2907 1468 2722
796 141 199
199 141 796
141 199 796
290 14 1942
1942 14 290
14 290 1942
1868 695 1496
1496 695 1868
695 1496 1868
1494 516 1722
516 1494 1722
1722 516 1494
1033 376 1523
376 1033 1523
1523 376 1033
1953 252 1699
1699 252 1953
252 1699 1953
2808 575 1878
575 1878 2808
1878 575 2808
656 1308 1941
1308 656 1941
1941 656 1308
3 624 1835
1835 3 624
624 3 1835
1922 1847 2107
1847 1922 2107
2107 1847 1922
270 1116 2075
2075 270 1116
1116 270 2075
2291 1166 2533
1166 2291 2533
2533 1166 2291
