2602 482 666
666 482 2602
482 666 2602
219 2335 2584
2584 219 2335
2335 219 2584
2751 1106 2895
1106 2751 2895
2895 1106 2751
1118 2180 2297
2180 1118 2297
2297 1118 2180
2676 987 2504
2504 987 2676
987 2504 2676
854 1558 2917
1558 854 2917
2917 854 1558
1345 375 2221
375 1345 2221
2221 375 1345
236 134 1546
134 236 1546
1546 134 236
2197 363 1566
1566 363 2197
363 1566 2197
1300 1359 2134
1359 1300 2134
2134 1300 1359
2208 818 1082
1082 818 2208
818 1082 2208
661 1663 1716
1716 661 1663
1663 661 1716
2985 1086 2386
2386 1086 2985
1086 2386 2985
172 963 2420
2420 172 963
963 172 2420
484 198 1895
198 484 1895
1895 198 484
112 1096 2106
2106 112 1096
1096 112 2106
515 706 2485
706 515 2485
2485 515 706
513 1340 1462
1340 513 1462
1462 513 1340
2366 1370 1480
1370 1480 2366
1480 1370 2366
2160 589 751
589 751 2160
751 589 2160
2204 977 2835
977 2204 2835
2835 977 2204
1402 1243 2116
1243 1402 2116
2116 1243 1402
1167 1965 1969
1965 1167 1969
1969 1167 1965
571 1335 2999
1335 571 2999
2999 571 1335
2024 790 2686
790 2024 2686
2686 790 2024
2175 247 1095
247 1095 2175
1095 247 2175
1383 11 1181
11 1181 1383
1181 11 1383
1401 485 1193
485 1193 1401
1193 485 1401
291 972 1141
1141 291 972
972 291 1141
80 32 2195
32 80 2195
2195 32 80
2354 100 1211
100 1211 2354
1211 100 2354
760 495 2440
495 760 2440
2440 495 760
1779 1768 1902
1902 1768 1779
1768 1779 1902
21 162 529
529 21 162
162 21 529
1407 1336 2639
2639 1336 1407
1336 1407 2639
1366 2805 2840
2840 1366 2805
2805 1366 2840
695 1002 2189
2189 695 1002
1002 695 2189
1796 1166 1262
1262 1166 1796
1166 1262 1796
615 183 1110
1110 183 615
183 615 1110
212 525 2247
2247 212 525
525 212 2247
1922 391 1059
391 1059 1922
1059 391 1922
1360 361 1463
361 1360 1463
1463 361 1360
1016 1748 2056
1748 1016 2056
2056 1016 1748
1776 1217 2642
2642 1217 1776
1217 1776 2642
1520 394 2371
2371 394 1520
394 1520 2371
126 313 917
313 126 917
917 126 313
1563 1421 2567
2567 1421 1563
1421 1563 2567
2308 1585 1677
1585 1677 2308
1677 1585 2308
678 325 739
739 325 678
325 678 739
2968 395 2084
2084 395 2968
395 2084 2968
2419 851 2613
851 2419 2613
2613 851 2419
245 88 670
670 88 245
88 245 670
1204 1178 2490
2490 1178 1204
1178 1204 2490
1026 718 2733
2733 718 1026
718 1026 2733
1786 518 2469
2469 518 1786
518 1786 2469
2369 1458 1963
1458 1963 2369
1963 1458 2369
254 2825 2909
2909 254 2825
2825 254 2909
2337 1715 1777
1715 1777 2337
1777 1715 2337
98 1133 2753
2753 98 1133
1133 98 2753
2426 1214 2604
1214 2426 2604
2604 1214 2426
2152 1848 2798
1848 2152 2798
2798 1848 2152
331 215 1172
215 331 1172
1172 215 331
754 1147 2412
1147 754 2412
2412 754 1147
2260 132 2202
2202 132 2260
132 2202 2260
2989 1215 2012
1215 2012 2989
2012 1215 2989
641 663 2062
663 641 2062
2062 641 663
1553 1403 2741
2741 1403 1553
1403 1553 2741
1962 1606 2129
1606 1962 2129
2129 1606 1962
316 654 1818
654 316 1818
1818 316 654
2091 1123 2494
1123 2091 2494
2494 1123 2091
1028 1931 2677
2677 1028 1931
1931 1028 2677
200 2648 2668
2648 200 2668
2668 200 2648
907 299 521
299 521 907
521 299 907
370 1139 1337
1337 370 1139
1139 370 1337
213 2457 2953
2457 213 2953
2953 213 2457
2955 1260 2737
2737 1260 2955
1260 2737 2955
2031 774 1186
1186 774 2031
774 1186 2031
644 1484 1930
1484 644 1930
1930 644 1484
2555 87 2119
2119 87 2555
87 2119 2555
2213 1747 2886
2886 1747 2213
1747 2213 2886
148 128 2568
2568 128 148
128 148 2568
567 2515 2545
2515 567 2545
2545 567 2515
1976 354 1573
354 1573 1976
1573 354 1976
278 288 1615
1615 278 288
288 278 1615
753 55 2772
2772 55 753
55 753 2772
1416 1111 1371
1371 1111 1416
1111 1371 1416
775 1112 2894
1112 775 2894
2894 775 1112
590 1159 2935
1159 590 2935
2935 590 1159
2906 579 2920
2920 579 2906
579 2906 2920
1568 1712 2156
2156 1568 1712
1712 1568 2156
1278 1239 2932
2932 1239 1278
1239 1278 2932
1149 503 1342
503 1149 1342
1342 503 1149
2092 1063 1554
1554 1063 2092
1063 1554 2092
1189 813 859
813 859 1189
859 813 1189
2105 175 1491
175 1491 2105
1491 175 2105
2351 947 1646
947 1646 2351
1646 947 2351
1650 1030 1594
1030 1594 1650
1594 1030 1650
1496 224 1692
1692 224 1496
224 1496 1692
124 144 532
144 124 532
532 124 144
885 1958 2731
2731 885 1958
1958 885 2731
577 1689 2620
2620 577 1689
1689 577 2620
2288 286 1013
1013 286 2288
286 1013 2288
2628 1191 2971
2971 1191 2628
1191 2628 2971
507 165 170
170 165 507
165 170 507
2902 71 522
71 522 2902
522 71 2902
1277 544 1042
544 1042 1277
1042 544 1277
2370 784 926
926 784 2370
784 926 2370
1723 2626 2658
2626 1723 2658
2658 1723 2626
665 401 1801
401 665 1801
1801 401 665
2478 807 2527
807 2478 2527
2527 807 2478
2940 500 543
500 543 2940
543 500 2940
655 137 1581
137 655 1581
1581 137 655
1787 384 2085
2085 384 1787
384 1787 2085
1197 1061 2122
2122 1061 1197
1061 1197 2122
2802 1319 1727
1727 1319 2802
1319 1727 2802
1220 770 2235
2235 770 1220
770 1220 2235
1488 536 2146
536 1488 2146
2146 536 1488
1954 1628 2919
2919 1628 1954
1628 1954 2919
1310 2446 2936
2936 1310 2446
2446 1310 2936
1270 41 1027
41 1027 1270
1027 41 1270
631 709 1533
709 631 1533
1533 631 709
1227 157 1798
1798 157 1227
157 1227 1798
1836 1505 2081
2081 1505 1836
1505 1836 2081
823 1090 1201
1201 823 1090
1090 823 1201
519 896 1640
896 519 1640
1640 519 896
1184 801 1516
1516 801 1184
801 1184 1516
447 796 1404
796 447 1404
1404 447 796
2008 690 1952
1952 690 2008
690 1952 2008
489 399 2693
2693 399 489
399 489 2693
197 1738 2248
2248 197 1738
1738 197 2248
1236 19 965
965 19 1236
19 965 1236
2055 437 955
955 437 2055
437 955 2055
386 617 853
617 386 853
853 386 617
2822 730 837
837 730 2822
730 837 2822
1037 310 488
310 488 1037
488 310 1037
2360 117 1987
117 1987 2360
1987 117 2360
2320 2138 2352
2138 2320 2352
2352 2138 2320
2242 490 2282
490 2242 2282
2282 490 2242
1695 816 2236
816 1695 2236
2236 816 1695
2154 710 1332
710 1332 2154
1332 710 2154
821 712 1898
1898 712 821
712 821 1898
2324 1527 2691
2691 1527 2324
1527 2324 2691
2043 2316 2893
2316 2043 2893
2893 2043 2316
1365 2402 2711
2711 1365 2402
2402 1365 2711
541 441 2763
2763 441 541
441 541 2763
684 29 2815
2815 29 684
29 684 2815
959 776 1395
776 959 1395
1395 776 959
622 2142 2956
2142 622 2956
2956 622 2142
592 787 2474
2474 592 787
787 592 2474
1793 82 478
82 478 1793
478 82 1793
1564 161 1136
1136 161 1564
161 1136 1564
2179 1737 2444
2444 1737 2179
1737 2179 2444
2970 893 1910
1910 893 2970
893 1910 2970
594 2172 2758
2758 594 2172
2172 594 2758
31 398 2682
2682 31 398
398 31 2682
2524 226 1448
1448 226 2524
226 1448 2524
241 440 1282
440 241 1282
1282 241 440
1903 2127 2569
2569 1903 2127
2127 1903 2569
1058 715 2108
2108 715 1058
715 1058 2108
1616 1634 1643
1643 1616 1634
1634 1616 1643
620 334 2439
334 620 2439
2439 334 620
868 1486 1603
1486 868 1603
1603 868 1486
419 611 2068
611 419 2068
2068 419 611
860 184 1399
1399 184 860
184 860 1399
1137 1393 2206
2206 1137 1393
1393 1137 2206
2930 867 2810
867 2810 2930
2810 867 2930
1645 396 723
396 723 1645
723 396 1645
2467 595 1305
1305 595 2467
595 1305 2467
1961 1343 1813
1813 1343 1961
1343 1813 1961
1085 547 1780
547 1085 1780
1780 547 1085
1799 557 1329
1329 557 1799
557 1329 1799
2712 1495 1971
1495 1971 2712
1971 1495 2712
1396 353 1626
1626 353 1396
353 1396 1626
1687 453 2535
453 1687 2535
2535 453 1687
1218 815 2244
2244 815 1218
815 1218 2244
1459 356 1320
1320 356 1459
356 1320 1459
1637 142 1599
1599 142 1637
142 1599 1637
1618 2048 2078
2078 1618 2048
2048 1618 2078
315 14 2128
2128 14 315
14 315 2128
1690 35 834
35 834 1690
834 35 1690
369 736 2263
736 369 2263
2263 369 736
2754 1455 2839
2839 1455 2754
1455 2754 2839
1996 23 1299
1299 23 1996
23 1299 1996
2140 121 930
930 121 2140
121 930 2140
2771 782 789
782 789 2771
789 782 2771
268 1390 1584
1584 268 1390
1390 268 1584
1238 517 551
517 551 1238
551 517 1238
1979 1921 1970
1970 1921 1979
1921 1970 1979
752 858 2817
2817 752 858
858 752 2817
475 2314 2605
2314 475 2605
2605 475 2314
2675 901 1293
901 1293 2675
1293 901 2675
1672 187 2873
2873 187 1672
187 1672 2873
1129 1311 2856
2856 1129 1311
1311 1129 2856
1525 748 2542
748 1525 2542
2542 748 1525
1250 223 2373
223 1250 2373
2373 223 1250
2027 371 729
371 729 2027
729 371 2027
366 86 2113
86 366 2113
2113 86 366
1035 1865 2066
1865 1035 2066
2066 1035 1865
874 1089 2572
2572 874 1089
1089 874 2572
2655 1283 2074
2074 1283 2655
1283 2074 2655
2256 120 2832
120 2256 2832
2832 120 2256
871 83 1280
1280 83 871
83 871 1280
1116 473 2540
473 1116 2540
2540 473 1116
89 308 1470
1470 89 308
308 89 1470
75 2492 2785
2492 75 2785
2785 75 2492
1246 501 2372
2372 501 1246
501 1246 2372
2984 1414 2209
2209 1414 2984
1414 2209 2984
985 467 2883
2883 467 985
467 985 2883
407 1088 2718
1088 407 2718
2718 407 1088
1806 1071 2554
2554 1071 1806
1071 1806 2554
2888 1635 2533
2533 1635 2888
1635 2533 2888
374 461 2874
2874 374 461
461 374 2874
2462 400 605
605 400 2462
400 605 2462
1435 18 1730
18 1435 1730
1730 18 1435
2089 688 835
835 688 2089
688 835 2089
492 171 575
575 171 492
171 492 575
3 1400 1808
1400 3 1808
1808 3 1400
2537 648 2532
648 2532 2537
2532 648 2537
209 1627 2581
2581 209 1627
1627 209 2581
2864 628 1547
1547 628 2864
628 1547 2864
999 81 1638
1638 81 999
81 999 1638
1629 613 759
613 759 1629
759 613 1629
2574 879 2846
2846 879 2574
879 2574 2846
1504 1179 2418
2418 1179 1504
1179 1504 2418
9 1732 2124
1732 9 2124
2124 9 1732
2944 1612 2472
1612 2472 2944
2472 1612 2944
1778 416 1173
1173 416 1778
416 1173 1778
2130 68 597
68 597 2130
597 68 2130
618 2030 2726
2726 618 2030
2030 618 2726
1661 409 1897
409 1661 1897
1897 409 1661
2541 178 998
178 998 2541
998 178 2541
349 1864 2770
1864 349 2770
2770 349 1864
2562 1286 1295
1286 1295 2562
1295 1286 2562
1460 1512 2875
2875 1460 1512
1512 1460 2875
1479 185 1543
185 1479 1543
1543 185 1479
67 2460 2614
2614 67 2460
2460 67 2614
1418 2120 2283
2120 1418 2283
2283 1418 2120
1144 1578 2704
2704 1144 1578
1578 1144 2704
1230 151 983
151 983 1230
983 151 1230
1850 237 1593
1593 237 1850
237 1593 1850
158 1551 2978
1551 158 2978
2978 158 1551
1005 1951 2684
2684 1005 1951
1951 1005 2684
15 1062 1925
1925 15 1062
1062 15 1925
72 302 2207
2207 72 302
302 72 2207
1099 749 1306
1306 749 1099
749 1099 1306
1485 719 2963
719 1485 2963
2963 719 1485
1119 1771 2194
2194 1119 1771
1771 1119 2194
2101 2603 2732
2732 2101 2603
2603 2101 2732
576 1213 2580
1213 576 2580
2580 576 1213
2098 1356 1906
1356 1906 2098
1906 1356 2098
430 1555 1739
1555 430 1739
1739 430 1555
2075 660 1346
1346 660 2075
660 1346 2075
1473 125 2483
125 1473 2483
2483 125 1473
63 1351 2103
1351 63 2103
2103 63 1351
1265 1571 2849
2849 1265 1571
1571 1265 2849
421 946 2378
946 421 2378
2378 421 946
910 243 1686
243 910 1686
1686 243 910
2599 1999 2061
1999 2061 2599
2061 1999 2599
2659 1544 2793
2793 1544 2659
1544 2659 2793
2010 722 1241
1241 722 2010
722 1241 2010
2986 1298 1352
1298 1352 2986
1352 1298 2986
1185 549 1122
1122 549 1185
549 1122 1185
413 1814 2353
1814 413 2353
2353 413 1814
2513 304 984
984 304 2513
304 984 2513
2925 66 2093
2093 66 2925
66 2093 2925
2837 481 2484
2484 481 2837
481 2484 2837
2526 914 1701
1701 914 2526
914 1701 2526
338 1091 2973
2973 338 1091
1091 338 2973
78 1054 1698
1698 78 1054
1054 78 1698
2992 696 1736
696 1736 2992
1736 696 2992
2519 130 799
130 799 2519
799 130 2519
915 954 966
966 915 954
954 915 966
1956 2290 2313
2313 1956 2290
2290 1956 2313
2965 264 2262
2262 264 2965
264 2262 2965
1664 883 1839
883 1664 1839
1839 883 1664
6 2422 2924
2422 6 2924
2924 6 2422
1955 773 1405
773 1405 1955
1405 773 1955
664 425 602
425 602 664
602 425 664
1180 1718 2240
2240 1180 1718
1718 1180 2240
311 828 2137
2137 311 828
828 311 2137
898 586 2322
586 898 2322
2322 586 898
1302 1502 1885
1502 1302 1885
1885 1302 1502
2870 922 1809
1809 922 2870
922 1809 2870
2729 2877 2884
2877 2729 2884
2884 2729 2877
1411 948 1582
948 1411 1582
1582 948 1411
285 402 2799
2799 285 402
402 285 2799
2159 1511 2860
2860 1511 2159
1511 2159 2860
535 2255 2969
2969 535 2255
2255 535 2969
146 168 2250
2250 146 168
168 146 2250
2881 194 2671
194 2671 2881
2671 194 2881
960 404 2136
2136 404 960
404 960 2136
2192 1200 2558
1200 2192 2558
2558 1200 2192
967 1745 2685
2685 967 1745
1745 967 2685
1108 2118 2851
2851 1108 2118
2118 1108 2851
1226 2636 2750
2750 1226 2636
2636 1226 2750
1536 403 2627
403 1536 2627
2627 403 1536
556 2149 2577
2149 556 2577
2577 556 2149
1252 420 2931
420 1252 2931
2931 420 1252
827 731 1428
1428 731 827
731 827 1428
1939 53 2094
53 1939 2094
2094 53 1939
2859 805 1384
805 1384 2859
1384 805 2859
1788 810 978
810 978 1788
978 810 1788
109 1656 2748
2748 109 1656
1656 109 2748
217 1490 2284
2284 217 1490
1490 217 2284
1025 1476 2241
1476 1025 2241
2241 1025 1476
2238 788 1857
788 1857 2238
1857 788 2238
1611 627 1774
627 1611 1774
1774 627 1611
2270 585 2388
2388 585 2270
585 2270 2388
1852 273 741
741 273 1852
273 741 1852
2166 2278 2379
2278 2166 2379
2379 2166 2278
333 297 737
297 333 737
737 297 333
949 1475 2869
2869 949 1475
1475 949 2869
1972 317 1889
317 1889 1972
1889 317 1972
2310 1610 1800
1800 1610 2310
1610 1800 2310
292 1579 1854
1854 292 1579
1579 292 1854
2551 2059 2863
2059 2551 2863
2863 2059 2551
2226 27 1620
27 1620 2226
1620 27 2226
569 56 116
56 116 569
116 56 569
1591 1344 2155
2155 1344 1591
1344 1591 2155
2543 2431 2470
2431 2470 2543
2470 2431 2543
84 1506 1679
1679 84 1506
1506 84 1679
298 10 2035
10 298 2035
2035 10 298
385 207 1324
1324 207 385
207 385 1324
939 260 2670
2670 260 939
260 939 2670
2063 173 1394
1394 173 2063
173 1394 2063
2047 720 1851
720 1851 2047
1851 720 2047
1398 1876 2267
2267 1398 1876
1876 1398 2267
2854 1081 2510
2510 1081 2854
1081 2510 2854
1708 1773 2803
1773 1708 2803
2803 1708 1773
108 778 1426
778 108 1426
1426 108 778
2923 211 1586
1586 211 2923
211 1586 2923
1985 1440 1907
1440 1907 1985
1907 1440 1985
2073 840 884
840 884 2073
884 840 2073
662 2643 2778
2778 662 2643
2643 662 2778
1654 1503 1725
1503 1654 1725
1725 1503 1654
2498 992 1255
992 1255 2498
1255 992 2498
206 1997 2466
2466 206 1997
1997 206 2466
1720 160 1826
1826 160 1720
160 1720 1826
2720 1075 1174
1174 1075 2720
1075 1174 2720
1070 1107 1849
1107 1070 1849
1849 1070 1107
2234 138 1959
138 1959 2234
1959 138 2234
2473 2185 2590
2185 2473 2590
2590 2185 2473
1914 1231 1674
1231 1674 1914
1674 1231 1914
1835 968 2374
2374 968 1835
968 1835 2374
2868 2021 2975
2021 2868 2975
2975 2021 2868
2977 1863 2520
1863 2520 2977
2520 1863 2977
2892 265 1528
265 1528 2892
1528 265 2892
455 1248 2430
1248 455 2430
2430 455 1248
1991 1648 2291
2291 1648 1991
1648 1991 2291
289 449 1792
449 289 1792
1792 289 449
889 819 918
918 819 889
819 889 918
2958 177 2828
2828 177 2958
177 2828 2958
2396 202 1109
1109 202 2396
202 1109 2396
2169 1775 2608
2608 1775 2169
1775 2169 2608
2789 1596 1644
1644 1596 2789
1596 1644 2789
572 2046 2391
2391 572 2046
2046 572 2391
2182 626 979
626 979 2182
979 626 2182
2988 1251 2088
2088 1251 2988
1251 2088 2988
847 877 1043
877 847 1043
1043 847 877
2417 1683 2187
2187 1683 2417
1683 2187 2417
1919 1140 2023
1140 1919 2023
2023 1140 1919
2053 1651 2784
2784 1651 2053
1651 2053 2784
755 873 2960
2960 755 873
873 755 2960
26 1168 2768
2768 26 1168
1168 26 2768
2514 1425 2299
1425 2299 2514
2299 1425 2514
218 258 1105
1105 218 258
258 218 1105
526 2051 2212
2212 526 2051
2051 526 2212
293 2222 2724
2724 293 2222
2222 293 2724
115 389 1098
1098 115 389
389 115 1098
1702 1314 2563
1314 1702 2563
2563 1314 1702
2634 811 1827
811 1827 2634
1827 811 2634
601 433 1911
1911 433 601
433 601 1911
1846 927 1292
927 1292 1846
1292 927 1846
2690 2281 2516
2281 2516 2690
2516 2281 2690
944 1840 2293
2293 944 1840
1840 944 2293
1468 1474 1878
1474 1468 1878
1878 1468 1474
474 1318 1550
1318 474 1550
1550 474 1318
2341 777 1888
777 1888 2341
1888 777 2341
560 1353 2539
2539 560 1353
1353 560 2539
220 632 2904
632 220 2904
2904 220 632
1968 1022 1758
1758 1022 1968
1022 1758 1968
412 565 2959
565 412 2959
2959 412 565
1639 1659 1709
1659 1639 1709
1709 1639 1659
269 367 2058
2058 269 367
367 269 2058
2339 608 2358
608 2339 2358
2358 608 2339
2017 1934 2557
2557 1934 2017
1934 2017 2557
2005 1804 2518
2518 1804 2005
1804 2005 2518
668 2382 2452
2452 668 2382
2382 668 2452
1138 470 2776
470 1138 2776
2776 470 1138
1982 479 1630
479 1630 1982
1630 479 1982
2499 880 1513
1513 880 2499
880 1513 2499
651 460 1719
460 651 1719
1719 460 651
1886 581 2842
581 1886 2842
2842 581 1886
1655 846 2812
846 1655 2812
2812 846 1655
875 1199 1560
1560 875 1199
1199 875 1560
2756 281 1577
1577 281 2756
281 1577 2756
1382 534 756
756 534 1382
534 756 1382
1007 870 1301
1301 870 1007
870 1007 1301
1146 1327 2381
1327 1146 2381
2381 1146 1327
397 568 1944
568 397 1944
1944 397 568
1810 1707 2069
1707 1810 2069
2069 1707 1810
1998 1055 2131
1055 1998 2131
2131 1055 1998
39 365 1909
365 39 1909
1909 39 365
462 456 2050
2050 456 462
456 462 2050
1830 1752 2411
1752 1830 2411
2411 1752 1830
2006 2635 2742
2742 2006 2635
2635 2006 2742
542 1358 2346
1358 542 2346
2346 542 1358
2453 1764 2928
1764 2453 2928
2928 1764 2453
2389 228 1561
228 1561 2389
1561 228 2389
2456 376 2594
376 2456 2594
2594 376 2456
1004 1464 2121
2121 1004 1464
1464 1004 2121
1130 1079 2246
2246 1079 1130
1079 1130 2246
1040 444 2777
444 1040 2777
2777 444 1040
980 47 2857
47 980 2857
2857 47 980
135 1162 1891
1162 135 1891
1891 135 1162
1542 36 305
305 36 1542
36 305 1542
780 1198 2878
1198 780 2878
2878 780 1198
1860 358 2486
2486 358 1860
358 1860 2486
2707 2435 2847
2435 2707 2847
2847 2435 2707
1828 234 2879
234 1828 2879
2879 234 1828
465 1372 1446
1372 465 1446
1446 465 1372
2801 806 2601
2601 806 2801
806 2601 2801
798 1548 2170
1548 798 2170
2170 798 1548
2164 2300 2307
2300 2164 2307
2307 2164 2300
1966 1926 2573
1926 1966 2573
2573 1926 1966
1974 792 1447
792 1447 1974
1447 792 1974
2216 830 994
994 830 2216
830 994 2216
70 1682 1706
1706 70 1682
1682 70 1706
1575 1700 2249
2249 1575 1700
1700 1575 2249
1413 2585 2954
2585 1413 2954
2954 1413 2585
958 1676 1845
1845 958 1676
1676 958 1845
2672 140 1072
140 1072 2672
1072 140 2672
2843 1157 1268
1157 1268 2843
1268 1157 2843
2943 563 1660
563 1660 2943
1660 563 2943
388 2512 2660
2512 388 2660
2660 388 2512
1868 1349 1588
1588 1349 1868
1349 1588 1868
674 727 2215
2215 674 727
727 674 2215
2368 196 509
196 509 2368
509 196 2368
1662 1519 1882
1519 1662 1882
1882 1519 1662
1722 319 410
410 319 1722
319 410 1722
2550 1514 2692
1514 2550 2692
2692 1514 2550
2405 1843 2517
1843 2405 2517
2517 1843 2405
2151 332 629
629 332 2151
332 629 2151
1841 1033 2575
1033 1841 2575
2575 1033 1841
405 2479 2767
2479 405 2767
2767 405 2479
216 380 1523
1523 216 380
380 216 1523
284 1164 1210
1164 284 1210
1210 284 1164
2752 2011 2735
2735 2011 2752
2011 2735 2752
1369 583 746
746 583 1369
583 746 1369
1675 686 1364
686 1364 1675
1364 686 1675
454 891 2933
891 454 2933
2933 454 891
2362 2408 2836
2408 2362 2836
2836 2362 2408
1006 2302 2344
2302 1006 2344
2344 1006 2302
153 48 2633
2633 48 153
48 153 2633
1943 208 2441
2441 208 1943
208 1943 2441
1823 1100 2117
1100 1823 2117
2117 1100 1823
97 533 1517
1517 97 533
533 97 1517
812 438 2744
438 812 2744
2744 438 812
1457 2589 2898
2898 1457 2589
2589 1457 2898
2203 457 2841
457 2203 2841
2841 457 2203
2104 1766 2852
2852 1766 2104
1766 2104 2852
1938 508 2681
508 1938 2681
2681 508 1938
2651 139 1449
1449 139 2651
139 1449 2651
1161 1837 2522
2522 1161 1837
1837 1161 2522
691 1811 2600
1811 691 2600
2600 691 1811
2147 1053 1443
1443 1053 2147
1053 1443 2147
387 256 738
256 387 738
738 256 387
2521 1666 2309
2309 1666 2521
1666 2309 2521
1532 1899 1994
1994 1532 1899
1899 1532 1994
2141 2210 2427
2210 2141 2427
2427 2141 2210
639 761 1304
1304 639 761
761 639 1304
2410 1862 1946
1862 1946 2410
1946 1862 2410
1595 692 1614
1614 692 1595
692 1595 1614
318 1156 1258
1156 318 1258
1258 318 1156
1313 493 2657
2657 493 1313
493 1313 2657
825 436 2162
2162 436 825
436 825 2162
1078 195 2781
2781 195 1078
195 1078 2781
2269 1317 2506
2506 1317 2269
1317 2269 2506
1259 1874 2967
1874 1259 2967
2967 1259 1874
290 1158 1667
1158 290 1667
1667 290 1158
942 713 2663
713 942 2663
2663 713 942
2993 1190 1469
1469 1190 2993
1190 1469 2993
2163 740 2797
2797 740 2163
740 2163 2797
2150 335 379
335 379 2150
379 335 2150
1960 1083 2811
1083 1960 2811
2811 1083 1960
1291 764 1276
764 1276 1291
1276 764 1291
355 855 2908
2908 355 855
855 355 2908
2650 1143 1735
1735 1143 2650
1143 1735 2650
2631 510 820
820 510 2631
510 820 2631
689 675 2674
2674 675 689
675 689 2674
2916 653 2095
653 2095 2916
2095 653 2916
570 1373 2964
2964 570 1373
1373 570 2964
767 114 2579
114 767 2579
2579 114 767
1290 343 2176
2176 343 1290
343 1290 2176
52 1601 2153
1601 52 2153
2153 52 1601
1530 496 1993
496 1530 1993
1993 496 1530
2350 961 1445
1445 961 2350
961 1445 2350
2911 1011 1541
1541 1011 2911
1011 1541 2911
99 257 2814
2814 99 257
257 99 2814
2821 25 2826
2826 25 2821
25 2821 2826
2496 862 1887
862 1887 2496
1887 862 2496
2348 856 1920
856 1920 2348
1920 856 2348
169 118 1279
118 169 1279
1279 118 169
2161 716 1928
716 1928 2161
1928 716 2161
886 378 1477
1477 378 886
378 886 1477
2057 2926 2948
2926 2057 2948
2948 2057 2926
614 2582 2974
2974 614 2582
2582 614 2974
2689 1740 2280
1740 2280 2689
2280 1740 2689
2042 2015 2914
2914 2015 2042
2015 2042 2914
520 1014 1242
1242 520 1014
1014 520 1242
2855 2442 2556
2556 2442 2855
2442 2556 2855
2819 186 2560
186 2560 2819
2560 186 2819
1761 925 2818
925 1761 2818
2818 925 1761
2966 79 742
79 742 2966
742 79 2966
2665 428 531
531 428 2665
428 531 2665
452 417 2188
2188 417 452
417 452 2188
699 1361 1879
1879 699 1361
1361 699 1879
373 110 1892
110 373 1892
1892 110 373
657 895 1008
1008 657 895
895 657 1008
342 553 833
553 342 833
833 342 553
988 74 2019
74 988 2019
2019 74 988
2740 672 996
672 996 2740
996 672 2740
262 2276 2709
2276 262 2709
2709 262 2276
903 540 1489
540 903 1489
1489 540 903
1209 442 1710
442 1209 1710
1710 442 1209
2173 1600 2694
2694 1600 2173
1600 2173 2694
908 33 633
33 633 908
633 33 908
1872 1524 2710
1524 1872 2710
2710 1524 1872
2364 2546 2850
2546 2364 2850
2850 2364 2546
1183 287 1684
287 1183 1684
1684 287 1183
1941 1169 2177
1169 1941 2177
2177 1169 1941
2060 1 831
831 1 2060
1 831 2060
2464 504 671
504 671 2464
671 504 2464
1623 106 2706
2706 106 1623
106 1623 2706
2625 129 303
129 303 2625
303 129 2625
2289 487 505
505 487 2289
487 505 2289
1632 28 1565
1565 28 1632
28 1565 1632
923 1046 2824
1046 923 2824
2824 923 1046
51 2769 2831
2831 51 2769
2769 51 2831
64 838 1703
1703 64 838
838 64 1703
2624 1953 2009
1953 2009 2624
2009 1953 2624
697 1869 2595
2595 697 1869
1869 697 2595
2014 545 882
545 882 2014
882 545 2014
1696 643 1114
1114 643 1696
643 1114 1696
1537 640 2365
640 1537 2365
2365 640 1537
2345 728 2181
728 2181 2345
2181 728 2345
1859 2258 2334
2258 1859 2334
2334 1859 2258
2029 824 1249
1249 824 2029
824 1249 2029
2746 1024 1038
1024 1038 2746
1038 1024 2746
2018 1036 1222
1036 1222 2018
1222 1036 2018
1981 1104 2026
1104 1981 2026
2026 1104 1981
2749 1368 2721
2721 1368 2749
1368 2721 2749
2653 346 1647
1647 346 2653
346 1647 2653
2611 458 2265
2265 458 2611
458 2265 2611
2380 1253 2201
2201 1253 2380
1253 2201 2380
149 1816 2583
2583 149 1816
1816 149 2583
624 38 58
58 38 624
38 58 624
2885 888 2947
2947 888 2885
888 2885 2947
2317 1749 1912
1749 1912 2317
1912 1749 2317
246 1797 2443
2443 246 1797
1797 246 2443
238 1120 2227
2227 238 1120
1120 238 2227
2025 635 2489
635 2025 2489
2489 635 2025
669 201 2765
2765 201 669
201 669 2765
562 636 2934
2934 562 636
636 562 2934
2274 826 1274
826 1274 2274
1274 826 2274
795 935 2287
935 795 2287
2287 795 935
931 1266 2669
2669 931 1266
1266 931 2669
2708 1529 2505
1529 2505 2708
2505 1529 2708
1817 176 683
683 176 1817
176 683 1817
1355 506 2233
506 1355 2233
2233 506 1355
2054 1509 2866
2866 1509 2054
1509 2054 2866
1726 630 2747
630 1726 2747
2747 630 1726
1415 894 1203
894 1203 1415
1203 894 1415
1145 1834 1877
1877 1145 1834
1834 1145 1877
1233 1657 2044
1657 1233 2044
2044 1233 1657
1989 96 143
96 143 1989
143 96 1989
1127 193 1924
1924 193 1127
193 1127 1924
2728 1367 2448
1367 2448 2728
2448 1367 2728
104 179 1567
179 104 1567
1567 104 179
1097 214 321
321 214 1097
214 321 1097
1271 1339 1508
1339 1271 1508
1508 1271 1339
1261 1937 2477
1937 1261 2477
2477 1261 1937
1207 865 2401
865 1207 2401
2401 865 1207
2607 619 924
619 924 2607
924 619 2607
1206 842 1992
842 1206 1992
1992 842 1206
450 1576 2951
1576 450 2951
2951 450 1576
2251 938 1917
1917 938 2251
938 1917 2251
1901 2275 2384
2275 1901 2384
2384 1901 2275
2286 1087 1538
1087 1538 2286
1538 1087 2286
1933 1216 1498
1216 1498 1933
1498 1216 1933
2220 1101 2623
1101 2220 2623
2623 1101 2220
1021 101 2661
2661 101 1021
101 1021 2661
745 1497 2687
2687 745 1497
1497 745 2687
524 40 486
40 486 524
486 40 524
2436 1032 2912
2912 1032 2436
1032 2436 2912
1454 800 943
800 943 1454
943 800 1454
852 887 2806
887 852 2806
2806 852 887
2228 1422 2468
2468 1422 2228
1422 2228 2468
180 415 1385
415 180 1385
1385 180 415
897 933 2326
2326 897 933
933 897 2326
2529 2219 2903
2903 2219 2529
2219 2529 2903
1900 1029 1832
1832 1029 1900
1029 1832 1900
2612 227 1831
227 1831 2612
1831 227 2612
2530 107 1772
1772 107 2530
107 1772 2530
1673 390 1420
390 1420 1673
1420 390 1673
2596 809 982
809 982 2596
982 809 2596
1264 294 1556
1556 294 1264
294 1264 1556
758 791 1923
791 758 1923
1923 758 791
876 1117 2001
2001 876 1117
1117 876 2001
348 345 1202
1202 345 348
345 348 1202
340 423 1294
1294 340 423
423 340 1294
147 1855 2277
2277 147 1855
1855 147 2277
1132 203 516
203 516 1132
516 203 1132
225 2110 2330
2330 225 2110
2110 225 2330
1825 2272 2630
2272 1825 2630
2630 1825 2272
1315 1165 1947
1947 1165 1315
1165 1315 1947
866 2434 2703
2703 866 2434
2434 866 2703
494 156 1333
1333 156 494
156 494 1333
2717 604 2196
604 2196 2717
2196 604 2717
1977 1904 2525
2525 1904 1977
1904 1977 2525
2400 734 2576
2576 734 2400
734 2400 2576
434 596 783
596 434 783
783 434 596
1050 1257 1824
1824 1050 1257
1257 1050 1824
382 1066 2028
2028 382 1066
1066 382 2028
1347 1781 1789
1789 1347 1781
1781 1347 1789
2998 266 1113
1113 266 2998
266 1113 2998
1391 491 2319
491 1391 2319
2319 491 1391
2200 77 424
77 424 2200
424 77 2200
2678 1003 2683
2683 1003 2678
1003 2678 2683
932 1041 2619
2619 932 1041
1041 932 2619
929 934 1269
934 929 1269
1269 929 934
463 1064 1155
1155 463 1064
1064 463 1155
1545 471 2102
471 1545 2102
2102 471 1545
364 1471 2511
2511 364 1471
1471 364 2511
1765 93 2045
2045 93 1765
93 1765 2045
2807 2397 2937
2397 2807 2937
2937 2397 2807
480 1583 2392
1583 480 2392
2392 480 1583
1605 1044 2523
1044 1605 2523
2523 1044 1605
2616 1649 1880
1649 1880 2616
1880 1649 2616
1000 352 904
904 352 1000
352 904 1000
320 2087 2757
2757 320 2087
2087 320 2757
2049 941 2713
2713 941 2049
941 2049 2713
1940 808 1375
1375 808 1940
808 1375 1940
1126 1613 1757
1613 1126 1757
1757 1126 1613
154 646 2804
646 154 2804
2804 154 646
839 637 1967
637 839 1967
1967 637 839
2199 1501 1815
1815 1501 2199
1501 1815 2199
1913 1412 1587
1587 1412 1913
1412 1587 1913
2501 339 1534
1534 339 2501
339 1534 2501
2949 1379 2820
2820 1379 2949
1379 2820 2949
1406 1397 2622
1397 1406 2622
2622 1397 1406
679 2071 2702
2071 679 2702
2702 679 2071
1388 1195 1717
1195 1388 1717
1717 1195 1388
2987 538 582
538 582 2987
582 538 2987
2534 676 1128
676 1128 2534
1128 676 2534
50 1348 2126
1348 50 2126
2126 50 1348
2774 612 1760
612 1760 2774
1760 612 2774
2036 682 1853
1853 682 2036
682 1853 2036
427 1763 2647
2647 427 1763
1763 427 2647
459 17 2528
2528 17 459
17 459 2528
1392 772 2158
772 1392 2158
2158 772 1392
694 1273 1431
1273 694 1431
1431 694 1273
2347 1309 1434
1309 1434 2347
1434 1309 2347
721 658 2432
2432 658 721
658 721 2432
329 1908 2598
1908 329 2598
2598 329 1908
659 714 2853
714 659 2853
2853 659 714
2829 1069 1617
1069 1617 2829
1617 1069 2829
1439 1592 2076
1592 1439 2076
2076 1439 1592
2531 1084 2588
2588 1084 2531
1084 2531 2588
1743 1893 2072
2072 1743 1893
1893 1743 2072
2761 1056 2882
2882 1056 2761
1056 2761 2882
2100 337 1693
337 1693 2100
1693 337 2100
2198 1080 1515
1080 1515 2198
1515 1080 2198
2891 1756 2033
2033 1756 2891
1756 2033 2891
2367 1697 2097
2097 1697 2367
1697 2097 2367
766 1791 2597
1791 766 2597
2597 766 1791
841 1237 2759
1237 841 2759
2759 841 1237
762 1492 2701
1492 762 2701
2701 762 1492
1704 435 2394
435 1704 2394
2394 435 1704
2139 1487 1636
1636 1487 2139
1487 1636 2139
1409 1285 2762
1285 1409 2762
2762 1285 1409
2333 2363 2941
2363 2333 2941
2941 2333 2363
408 1303 2723
1303 408 2723
2723 408 1303
2409 1142 1918
1918 1142 2409
1142 1918 2409
911 2428 2673
2428 911 2673
2673 911 2428
970 163 2312
163 970 2312
2312 163 970
191 2079 2338
2338 191 2079
2079 191 2338
1574 357 511
357 511 1574
511 357 1574
2096 1681 1691
1681 1691 2096
1691 1681 2096
2423 1866 2591
1866 2423 2591
2591 1866 2423
2743 1750 1822
1750 1822 2743
1822 1750 2743
2722 1381 2064
2064 1381 2722
1381 2064 2722
429 937 2112
937 429 2112
2112 429 937
2734 2398 2679
2398 2679 2734
2679 2398 2734
1102 2070 2193
2070 1102 2193
2193 1102 2070
1980 336 1670
1670 336 1980
336 1670 1980
2508 616 1861
1861 616 2508
616 1861 2508
2571 2132 2632
2132 2571 2632
2632 2132 2571
530 255 989
989 255 530
255 530 989
1642 1297 2559
1297 1642 2559
2559 1297 1642
2306 555 2493
555 2306 2493
2493 555 2306
1034 7 1812
7 1034 1812
1812 7 1034
159 2414 2438
2438 159 2414
2414 159 2438
2311 1751 1819
1751 1819 2311
1819 1751 2311
1557 2243 2606
2243 1557 2606
2606 1557 2243
381 312 2990
312 381 2990
2990 312 381
1916 652 1134
1134 652 1916
652 1134 1916
2020 295 1499
1499 295 2020
295 1499 2020
1790 973 1713
973 1713 1790
1713 973 1790
1171 2186 2229
2229 1171 2186
2186 1171 2229
2135 1219 1452
1219 1452 2135
1452 1219 2135
2637 155 1461
155 1461 2637
1461 155 2637
794 42 1125
1125 42 794
42 794 1125
2739 92 2794
92 2739 2794
2794 92 2739
1842 1326 2796
2796 1326 1842
1326 1842 2796
2783 704 2764
704 2764 2783
2764 704 2783
368 771 1267
771 368 1267
1267 368 771
94 300 2377
300 94 2377
2377 94 300
240 1376 1978
1978 240 1376
1376 240 1978
1256 864 2340
864 1256 2340
2340 864 1256
1552 1783 2395
1783 1552 2395
2395 1552 1783
2610 152 483
152 483 2610
483 152 2610
2976 1234 1380
1234 1380 2976
1380 1234 2976
1995 323 2390
323 1995 2390
2390 323 1995
814 919 1984
919 814 1984
1984 814 919
1039 103 2413
103 1039 2413
2413 103 1039
16 836 2038
2038 16 836
836 16 2038
584 566 909
909 566 584
566 584 909
921 872 1442
1442 872 921
872 921 1442
2114 822 2086
822 2086 2114
2086 822 2114
272 204 781
204 272 781
781 204 272
2945 1015 2991
2991 1015 2945
1015 2945 2991
174 12 2125
2125 12 174
12 174 2125
2218 45 951
45 951 2218
951 45 2218
2950 1641 2004
2004 1641 2950
1641 2004 2950
95 1873 1875
1873 95 1875
1875 95 1873
1986 1494 2264
2264 1494 1986
1494 1986 2264
341 600 1964
600 341 1964
1964 341 600
2273 229 1950
1950 229 2273
229 1950 2273
2495 166 2890
2890 166 2495
166 2495 2890
1010 1829 2143
2143 1010 1829
1829 1010 2143
1377 2099 2482
2099 1377 2482
2482 1377 2099
1124 1417 1728
1417 1124 1728
1728 1124 1417
46 1073 2385
1073 46 2385
2385 46 1073
2475 499 2230
499 2230 2475
2230 499 2475
57 446 1945
446 57 1945
1945 57 446
733 1323 1936
1936 733 1323
1323 733 1936
786 24 1540
1540 24 786
24 786 1540
2433 890 2921
890 2433 2921
2921 890 2433
2445 1221 2897
2897 1221 2445
1221 2445 2897
2927 587 957
957 587 2927
587 957 2927
69 561 2553
561 69 2553
2553 69 561
2907 1688 2880
1688 2880 2907
2880 1688 2907
233 899 2982
899 233 2982
2982 233 899
406 1767 2294
2294 406 1767
1767 406 2294
362 127 2318
127 362 2318
2318 127 362
2266 239 1807
1807 239 2266
239 1807 2266
1803 2775 2962
2962 1803 2775
2775 1803 2962
793 667 2174
2174 667 793
667 793 2174
1733 497 578
578 497 1733
497 578 1733
1437 711 1802
711 1437 1802
1802 711 1437
2393 2261 2609
2609 2261 2393
2261 2393 2609
2995 498 2304
2304 498 2995
498 2304 2995
2547 607 2190
2190 607 2547
607 2190 2547
1092 111 2500
111 1092 2500
2500 111 1092
2404 344 2323
2323 344 2404
344 2323 2404
2981 60 359
60 359 2981
359 60 2981
881 642 1031
1031 642 881
642 881 1031
1334 432 1741
432 1334 1741
1741 432 1334
971 464 2833
464 971 2833
2833 464 971
2773 2862 2996
2862 2773 2996
2996 2773 2862
598 326 1631
1631 326 598
326 598 1631
1608 829 1001
829 1001 1608
1001 829 1608
2271 314 580
314 580 2271
580 314 2271
817 330 2279
2279 330 817
330 817 2279
2080 2133 2617
2617 2080 2133
2133 2080 2617
687 105 2497
2497 105 687
105 687 2497
448 743 2183
2183 448 743
743 448 2183
2910 1430 2586
1430 2586 2910
2586 1430 2910
2040 1456 2615
2615 1456 2040
1456 2040 2615
2929 1598 2416
2416 1598 2929
1598 2416 2929
845 1135 2922
1135 845 2922
2922 845 1135
975 610 1932
610 975 1932
1932 610 975
2403 167 1685
1685 167 2403
167 1685 2403
1275 1510 1531
1531 1275 1510
1510 1275 1531
54 327 1694
327 54 1694
1694 54 327
1115 301 2549
2549 301 1115
301 1115 2549
2641 2295 2858
2858 2295 2641
2295 2641 2858
113 235 2065
235 113 2065
2065 113 235
1408 1281 2983
2983 1281 1408
1281 1408 2983
1151 1150 1472
1472 1150 1151
1150 1151 1472
2022 1481 2800
2800 1481 2022
1481 2022 2800
296 8 1894
1894 8 296
8 296 1894
274 1060 1607
1060 274 1607
1607 274 1060
2507 422 2145
2145 422 2507
422 2145 2507
2223 309 2052
309 2052 2223
2052 309 2223
693 1465 1905
1465 693 1905
1905 693 1465
1331 1307 2918
1307 1331 2918
2918 1307 1331
2253 1244 1973
1244 1973 2253
1973 1244 2253
2491 1453 1633
1453 1633 2491
1633 1453 2491
940 735 1929
1929 735 940
735 940 1929
5 588 2830
588 5 2830
2830 5 588
2406 732 912
732 912 2406
912 732 2406
869 1948 2449
1948 869 2449
2449 869 1948
1018 700 1669
700 1018 1669
1669 700 1018
307 647 2336
2336 307 647
647 307 2336
1052 997 2387
2387 997 1052
997 1052 2387
392 133 1881
133 392 1881
1881 133 392
2111 707 1770
1770 707 2111
707 1770 2111
2376 1990 2488
1990 2376 2488
2488 1990 2376
2450 1433 1759
1759 1433 2450
1433 1759 2450
2325 61 1245
61 1245 2325
1245 61 2325
2570 1562 2900
2900 1562 2570
1562 2570 2900
797 76 2848
2848 76 797
76 797 2848
1526 1794 2961
2961 1526 1794
1794 1526 2961
418 634 2211
634 418 2211
2211 418 634
1152 564 2285
2285 564 1152
564 1152 2285
1833 43 2232
2232 43 1833
43 1833 2232
2407 621 2503
621 2407 2503
2503 621 2407
1983 550 2331
550 1983 2331
2331 550 1983
275 472 2039
2039 275 472
472 275 2039
2838 969 2000
969 2000 2838
2000 969 2838
2342 1322 1671
1671 1322 2342
1322 1671 2342
726 1208 2429
2429 726 1208
1208 726 2429
2305 1023 1192
1023 1192 2305
1192 1023 2305
426 1093 1240
1093 426 1240
1240 426 1093
2780 2205 2979
2979 2205 2780
2205 2780 2979
1410 1074 1103
1103 1074 1410
1074 1103 1410
451 1744 2861
1744 451 2861
2861 451 1744
514 698 2415
698 514 2415
2415 514 698
190 1357 2007
1357 190 2007
2007 190 1357
1296 347 1805
347 1296 1805
1805 347 1296
2592 1019 2355
2355 1019 2592
1019 2355 2592
724 1942 2865
2865 724 1942
1942 724 2865
906 328 1580
328 906 1580
1580 328 906
2939 1225 1602
1225 1602 2939
1602 1225 2939
623 2123 2787
2787 623 2123
2123 623 2787
141 1176 1330
1330 141 1176
1176 141 1330
892 701 1721
701 892 1721
1721 701 892
2178 90 2327
90 2178 2327
2327 90 2178
2792 122 2471
122 2471 2792
2471 122 2792
1678 1769 2695
1769 1678 2695
2695 1678 1769
1466 1883 2997
2997 1466 1883
1883 1466 2997
1870 1163 2480
2480 1163 1870
1163 1870 2480
263 928 1619
928 263 1619
1619 263 928
2887 1065 2638
1065 2638 2887
2638 1065 2887
2257 164 2107
164 2107 2257
2107 164 2257
1419 1229 2646
1229 1419 2646
2646 1229 1419
574 1890 1949
1949 574 1890
1890 574 1949
1154 49 1927
1927 49 1154
49 1154 1927
512 259 2463
259 512 2463
2463 259 512
1742 1048 2425
2425 1048 1742
1048 1742 2425
2698 2034 2680
2680 2034 2698
2034 2680 2698
2867 73 181
73 181 2867
181 73 2867
2645 1714 2538
2538 1714 2645
1714 2538 2645
2544 351 905
905 351 2544
351 905 2544
2375 13 1500
13 1500 2375
1500 13 2375
2779 1838 2649
1838 2649 2779
2649 1838 2779
848 559 2225
2225 559 848
559 848 2225
844 1493 2245
2245 844 1493
1493 844 2245
2644 1935 2461
2461 1935 2644
1935 2461 2644
372 1653 2321
1653 372 2321
2321 372 1653
2788 1590 1957
1957 1590 2788
1590 1957 2788
1378 232 1988
232 1378 1988
1988 232 1378
1187 270 656
270 656 1187
656 270 1187
920 1374 2952
1374 920 2952
2952 920 1374
199 962 2766
962 199 2766
2766 199 962
861 2566 2816
2816 861 2566
2566 861 2816
2813 276 685
685 276 2813
276 685 2813
431 1625 2361
2361 431 1625
1625 431 2361
804 1570 2786
2786 804 1570
1570 804 2786
2481 150 2790
150 2481 2790
2790 150 2481
2003 913 1354
913 1354 2003
1354 913 2003
1658 2296 2823
2823 1658 2296
2296 1658 2823
1068 2564 2972
2564 1068 2972
2972 1068 2564
552 1288 1507
1288 552 1507
1507 552 1288
477 221 1444
1444 221 477
221 477 1444
411 1589 1621
1589 411 1621
1621 411 1589
182 350 1731
1731 182 350
350 182 1731
2332 62 986
986 62 2332
62 986 2332
1896 1287 2980
1287 1896 2980
2980 1287 1896
1321 1316 2502
1316 1321 2502
2502 1316 1321
750 1341 1785
1785 750 1341
1341 750 1785
2165 20 649
649 20 2165
20 649 2165
2640 1228 1232
1232 1228 2640
1228 1232 2640
2217 1338 2652
2652 1338 2217
1338 2217 2652
2791 2109 2536
2536 2109 2791
2109 2536 2791
843 1362 2301
1362 843 2301
2301 843 1362
145 964 2231
964 145 2231
2231 145 964
2421 680 2889
2889 680 2421
680 2421 2889
1047 1045 1121
1045 1047 1121
1121 1045 1047
2938 2077 2565
2077 2565 2938
2565 2077 2938
439 1131 1539
1131 439 1539
1539 439 1131
849 1856 2905
1856 849 2905
2905 849 1856
230 383 993
993 230 383
383 230 993
283 2214 2424
2214 283 2424
2424 283 2214
1049 803 2329
2329 803 1049
803 1049 2329
2719 609 2041
609 2041 2719
2041 609 2719
2629 210 554
210 554 2629
554 210 2629
606 2268 2827
2827 606 2268
2268 606 2827
2357 443 537
537 443 2357
443 537 2357
282 2383 2487
2487 282 2383
2383 282 2487
2083 466 2171
466 2083 2171
2171 466 2083
765 1729 2447
1729 765 2447
2447 765 1729
1308 205 2913
205 1308 2913
2913 205 1308
1432 188 393
188 393 1432
393 188 1432
2696 1247 2037
2037 1247 2696
1247 2037 2696
85 916 2237
2237 85 916
916 85 2237
502 2343 2621
2343 502 2621
2621 502 2343
2144 902 1549
902 1549 2144
1549 902 2144
1724 189 250
250 189 1724
189 250 1724
1182 768 1782
768 1182 1782
1782 768 1182
468 1067 1871
1067 468 1871
1871 468 1067
1175 1017 2157
2157 1017 1175
1017 1175 2157
2760 249 725
725 249 2760
249 725 2760
476 222 2656
2656 222 476
222 476 2656
1572 995 2666
2666 995 1572
995 1572 2666
1077 546 708
708 546 1077
546 708 1077
2458 377 2224
2224 377 2458
377 2224 2458
30 539 2664
2664 30 539
539 30 2664
324 558 1438
558 324 1438
1438 324 558
2 1223 2667
2667 2 1223
1223 2 2667
1668 573 1867
573 1668 1867
1867 573 1668
1424 267 2191
267 1424 2191
2191 267 1424
832 4 1762
4 832 1762
1762 4 832
2716 976 1521
976 1521 2716
1521 976 2716
2915 1057 2808
1057 2808 2915
2808 1057 2915
2736 757 1844
757 1844 2736
1844 757 2736
2067 857 2738
2738 857 2067
857 2067 2738
1423 1148 1624
1624 1148 1423
1148 1423 1624
123 1478 1705
1478 123 1705
1705 123 1478
991 603 702
702 603 991
603 702 991
2016 1205 2349
2349 1205 2016
1205 2016 2349
1284 251 1020
1020 251 1284
251 1020 1284
22 1325 1518
1325 22 1518
1518 22 1325
2688 645 1559
1559 645 2688
645 1559 2688
1753 747 1884
747 1753 1884
1884 747 1753
2727 322 2697
2697 322 2727
322 2697 2727
599 705 1076
705 599 1076
1076 599 705
231 2454 3000
2454 231 3000
3000 231 2454
1483 1597 2328
2328 1483 1597
1597 1483 2328
1427 261 2459
2459 261 1427
261 1427 2459
1467 1289 2876
1289 1467 2876
2876 1289 1467
2578 1389 2303
1389 2303 2578
2303 1389 2578
2184 2451 2899
2899 2184 2451
2451 2184 2899
1170 625 1755
625 1170 1755
1755 625 1170
2782 990 2714
990 2714 2782
2714 990 2782
277 59 2871
59 277 2871
2871 59 277
2167 360 2994
360 2167 2994
2994 360 2167
1482 1254 1858
1858 1254 1482
1254 1482 1858
2745 1312 1450
1450 1312 2745
1312 1450 2745
2957 102 936
936 102 2957
102 936 2957
306 2239 2699
2699 306 2239
2239 306 2699
1188 1429 2809
1429 1188 2809
2809 1188 1429
1386 131 1522
1522 131 1386
131 1386 1522
2013 981 2455
981 2013 2455
2455 981 2013
2715 1734 2399
1734 2399 2715
2399 1734 2715
744 703 763
763 703 744
703 744 763
469 1754 2561
1754 469 2561
2561 469 1754
1820 1328 1387
