21410 9039 11477
9039 11477 21410
11477 9039 21410
26548 10167 12829
12829 10167 26548
10167 12829 26548
27274 3987 14116
14116 3987 27274
3987 14116 27274
3088 18631 20937
20937 3088 18631
18631 3088 20937
26107 11073 14863
14863 11073 26107
11073 14863 26107
8534 2162 21394
21394 2162 8534
2162 8534 21394
24878 717 5186
5186 717 24878
717 5186 24878
29257 16814 27165
16814 27165 29257
27165 16814 29257
23584 20141 24955
20141 23584 24955
24955 20141 23584
764 7429 29622
29622 764 7429
7429 764 29622
5473 19942 23118
23118 5473 19942
19942 5473 23118
12082 11976 21733
21733 11976 12082
11976 12082 21733
29965 4204 12987
4204 12987 29965
12987 4204 29965
28861 10081 17647
10081 17647 28861
17647 10081 28861
1117 6024 23205
6024 1117 23205
23205 1117 6024
16591 22600 29184
29184 16591 22600
22600 16591 29184
309 21351 27962
27962 309 21351
21351 309 27962
23841 11484 26547
26547 11484 23841
11484 23841 26547
26975 4651 15991
4651 15991 26975
15991 4651 26975
14521 9882 10386
9882 10386 14521
10386 9882 14521
14751 5665 14428
14428 5665 14751
5665 14428 14751
29464 4555 4812
4555 4812 29464
4812 4555 29464
1963 8874 26458
8874 1963 26458
26458 1963 8874
2339 14262 26460
14262 2339 26460
26460 2339 14262
16173 15366 24421
15366 16173 24421
24421 15366 16173
26777 15504 24139
15504 24139 26777
24139 15504 26777
978 2840 26433
26433 978 2840
2840 978 26433
12869 21634 28461
21634 12869 28461
28461 12869 21634
11244 765 16388
765 11244 16388
16388 765 11244
23027 15102 16688
15102 16688 23027
16688 15102 23027
2551 2923 3526
3526 2551 2923
2923 2551 3526
19264 8320 14217
14217 8320 19264
8320 14217 19264
7927 13689 25865
13689 7927 25865
25865 7927 13689
22214 10084 17286
10084 17286 22214
17286 10084 22214
19304 8006 9457
8006 9457 19304
9457 8006 19304
16639 28718 28768
28718 16639 28768
28768 16639 28718
22577 7351 14040
14040 7351 22577
7351 14040 22577
8921 22490 23653
22490 8921 23653
23653 8921 22490
6034 9034 23996
23996 6034 9034
9034 6034 23996
5264 15659 16935
16935 5264 15659
15659 5264 16935
12246 2477 3516
2477 3516 12246
3516 2477 12246
17308 455 3537
455 3537 17308
3537 455 17308
11110 12562 20303
20303 11110 12562
12562 11110 20303
16084 1653 2239
2239 1653 16084
1653 2239 16084
1324 20227 28355
28355 1324 20227
20227 1324 28355
18124 22906 28392
28392 18124 22906
22906 18124 28392
11872 26376 28997
26376 11872 28997
28997 11872 26376
6884 2960 14678
14678 2960 6884
2960 6884 14678
7620 14041 18223
18223 7620 14041
14041 7620 18223
2515 20164 29199
29199 2515 20164
20164 2515 29199
7557 28869 29316
28869 7557 29316
29316 7557 28869
3862 17288 29250
17288 3862 29250
29250 3862 17288
27751 11309 16545
16545 11309 27751
11309 16545 27751
969 9577 16706
16706 969 9577
9577 969 16706
22160 17080 21768
17080 21768 22160
21768 17080 22160
16581 6458 8712
6458 8712 16581
8712 6458 16581
13359 10755 29460
10755 13359 29460
29460 10755 13359
29795 11710 21516
11710 21516 29795
21516 11710 29795
2872 9146 19125
9146 2872 19125
19125 2872 9146
8240 19344 22886
19344 8240 22886
22886 8240 19344
24002 17130 24726
24726 17130 24002
17130 24002 24726
3321 5358 23010
23010 3321 5358
5358 3321 23010
23222 4496 9194
4496 9194 23222
9194 4496 23222
324 4420 15540
15540 324 4420
4420 324 15540
23586 3145 6893
6893 3145 23586
3145 6893 23586
5233 16357 22364
22364 5233 16357
16357 5233 22364
27831 2010 10067
10067 2010 27831
2010 10067 27831
29372 1923 10669
1923 10669 29372
10669 1923 29372
21930 1426 14623
1426 14623 21930
14623 1426 21930
19279 26219 27306
27306 19279 26219
26219 19279 27306
22954 12320 17968
12320 17968 22954
17968 12320 22954
16875 10428 23234
10428 16875 23234
23234 10428 16875
7004 15435 28945
15435 7004 28945
28945 7004 15435
24733 1254 25160
1254 24733 25160
25160 1254 24733
1261 9770 22178
9770 1261 22178
22178 1261 9770
9749 15309 19486
15309 9749 19486
19486 9749 15309
14523 7915 16654
7915 14523 16654
16654 7915 14523
6612 397 11084
11084 397 6612
397 6612 11084
15139 1953 9407
9407 1953 15139
1953 9407 15139
23585 13845 19687
19687 13845 23585
13845 19687 23585
28344 4440 16752
16752 4440 28344
4440 16752 28344
26454 6022 16716
16716 6022 26454
6022 16716 26454
29021 10283 13053
13053 10283 29021
10283 13053 29021
8531 19392 28151
19392 8531 28151
28151 8531 19392
20125 1708 6358
6358 1708 20125
1708 6358 20125
8252 15983 23565
23565 8252 15983
15983 8252 23565
16538 22655 25470
25470 16538 22655
22655 16538 25470
26572 3010 26300
3010 26300 26572
26300 3010 26572
27082 11221 13779
13779 11221 27082
11221 13779 27082
12406 26924 27076
27076 12406 26924
26924 12406 27076
12041 13514 25636
25636 12041 13514
13514 12041 25636
6646 10916 23191
10916 6646 23191
23191 6646 10916
5813 5585 15350
5585 5813 15350
15350 5585 5813
1677 18567 29057
29057 1677 18567
18567 1677 29057
7646 22203 24510
24510 7646 22203
22203 7646 24510
27446 11037 14577
14577 11037 27446
11037 14577 27446
184 25270 25324
25324 184 25270
25270 184 25324
10439 14674 24364
14674 10439 24364
24364 10439 14674
25345 2125 17110
2125 17110 25345
17110 2125 25345
18205 19154 25527
19154 18205 25527
25527 18205 19154
1661 8466 24270
8466 1661 24270
24270 1661 8466
25156 7245 19408
19408 7245 25156
7245 19408 25156
12689 19003 23336
19003 12689 23336
23336 12689 19003
18085 2389 25850
25850 2389 18085
2389 18085 25850
23160 11183 19980
11183 19980 23160
19980 11183 23160
6981 24181 29813
29813 6981 24181
24181 6981 29813
11863 3655 23932
3655 11863 23932
23932 3655 11863
10376 20438 28804
28804 10376 20438
20438 10376 28804
8454 10467 20951
20951 8454 10467
10467 8454 20951
24807 18234 23924
18234 23924 24807
23924 18234 24807
28435 9006 10667
9006 10667 28435
10667 9006 28435
2632 9071 24799
24799 2632 9071
9071 2632 24799
11983 6339 26719
6339 11983 26719
26719 6339 11983
6897 10122 16578
16578 6897 10122
10122 6897 16578
16809 5172 23836
5172 16809 23836
23836 5172 16809
20400 11900 13020
11900 13020 20400
13020 11900 20400
14894 20960 29598
20960 14894 29598
29598 14894 20960
11487 2144 11654
2144 11487 11654
11654 2144 11487
5669 289 19760
289 5669 19760
19760 289 5669
26032 8574 14536
8574 14536 26032
14536 8574 26032
24031 21990 27094
27094 21990 24031
21990 24031 27094
28652 21587 29828
29828 21587 28652
21587 28652 29828
1934 11639 14599
14599 1934 11639
11639 1934 14599
21992 5741 7690
5741 7690 21992
7690 5741 21992
9748 2337 17592
17592 2337 9748
2337 9748 17592
2414 12209 25336
12209 2414 25336
25336 2414 12209
19236 75 7924
7924 75 19236
75 7924 19236
22108 11572 15164
11572 15164 22108
15164 11572 22108
18021 9287 28858
9287 18021 28858
28858 9287 18021
5899 23737 28372
28372 5899 23737
23737 5899 28372
22256 3090 5518
5518 3090 22256
3090 5518 22256
21869 7101 25152
25152 7101 21869
7101 21869 25152
9656 16790 23106
16790 9656 23106
23106 9656 16790
29517 14780 18707
18707 14780 29517
14780 18707 29517
20210 17605 25294
25294 17605 20210
17605 20210 25294
6222 4148 22736
22736 4148 6222
4148 6222 22736
29025 4694 8397
4694 8397 29025
8397 4694 29025
7957 896 8030
8030 896 7957
896 7957 8030
23227 9525 25258
9525 23227 25258
25258 9525 23227
993 1545 26253
26253 993 1545
1545 993 26253
17933 1344 12095
12095 1344 17933
1344 12095 17933
8840 11810 18222
18222 8840 11810
11810 8840 18222
952 3304 10895
3304 952 10895
10895 952 3304
28246 12530 21133
21133 12530 28246
12530 21133 28246
10784 17584 27981
27981 10784 17584
17584 10784 27981
29646 2482 26462
26462 2482 29646
2482 26462 29646
9792 1882 25448
25448 1882 9792
1882 9792 25448
16464 13897 29905
13897 16464 29905
29905 13897 16464
25954 3796 28504
28504 3796 25954
3796 25954 28504
10950 2767 28476
28476 2767 10950
2767 10950 28476
876 18208 18328
18328 876 18208
18208 876 18328
9740 2883 10524
2883 9740 10524
10524 2883 9740
13880 10743 29383
10743 13880 29383
29383 10743 13880
5783 6109 18474
6109 5783 18474
18474 5783 6109
11171 771 23720
771 11171 23720
23720 771 11171
1935 9889 11668
11668 1935 9889
9889 1935 11668
20989 28275 28439
28275 20989 28439
28439 20989 28275
17244 11215 18210
11215 17244 18210
18210 11215 17244
5178 12542 26168
12542 5178 26168
26168 5178 12542
10166 27740 29032
27740 10166 29032
29032 10166 27740
28121 28603 29416
29416 28121 28603
28603 28121 29416
27017 6449 16457
6449 16457 27017
16457 6449 27017
7336 5457 29925
29925 5457 7336
5457 7336 29925
13314 8832 17261
8832 13314 17261
17261 8832 13314
15762 7778 14685
7778 14685 15762
14685 7778 15762
6924 11091 18989
11091 6924 18989
18989 6924 11091
27620 11317 17673
11317 17673 27620
17673 11317 27620
27376 13912 22836
22836 13912 27376
13912 22836 27376
20078 9598 14187
9598 14187 20078
14187 9598 20078
1981 12579 22681
12579 1981 22681
22681 1981 12579
688 6659 12825
12825 688 6659
6659 688 12825
25030 6274 13749
6274 13749 25030
13749 6274 25030
18630 1590 27676
1590 18630 27676
27676 1590 18630
26298 10225 21533
21533 10225 26298
10225 21533 26298
1424 4242 20690
4242 1424 20690
20690 1424 4242
13581 10777 15364
10777 13581 15364
15364 10777 13581
20696 12445 23642
12445 20696 23642
23642 12445 20696
24175 14246 27507
14246 24175 27507
27507 14246 24175
1971 2916 9728
9728 1971 2916
2916 1971 9728
6369 5116 8301
5116 6369 8301
8301 5116 6369
29814 1329 11047
1329 11047 29814
11047 1329 29814
21126 3443 16650
16650 3443 21126
3443 16650 21126
2499 471 24518
471 2499 24518
24518 471 2499
18229 241 5598
5598 241 18229
241 5598 18229
20886 16398 23041
23041 16398 20886
16398 20886 23041
28147 4679 14188
14188 4679 28147
4679 14188 28147
6356 14426 24236
24236 6356 14426
14426 6356 24236
19922 20042 22202
20042 19922 22202
22202 19922 20042
8930 15668 17056
17056 8930 15668
15668 8930 17056
3348 22880 24257
22880 3348 24257
24257 3348 22880
9681 11780 29068
11780 9681 29068
29068 9681 11780
15712 11921 17615
11921 15712 17615
17615 11921 15712
29685 7943 16748
16748 7943 29685
7943 16748 29685
22941 24180 27024
27024 22941 24180
24180 22941 27024
28243 8206 27599
27599 8206 28243
8206 27599 28243
10829 10623 24932
10623 10829 24932
24932 10623 10829
11925 15062 21888
21888 11925 15062
15062 11925 21888
6401 11335 16862
16862 6401 11335
11335 6401 16862
4274 16883 28208
16883 4274 28208
28208 4274 16883
10662 3225 25521
3225 10662 25521
25521 3225 10662
6638 1384 25050
1384 6638 25050
25050 1384 6638
15091 6412 14198
6412 14198 15091
14198 6412 15091
1079 9618 12044
12044 1079 9618
9618 1079 12044
9960 11376 22409
22409 9960 11376
11376 9960 22409
9538 12308 13909
12308 9538 13909
13909 9538 12308
1123 14437 14831
14437 1123 14831
14831 1123 14437
21979 26400 28010
28010 21979 26400
26400 21979 28010
3906 20052 29958
20052 3906 29958
29958 3906 20052
5504 3816 7069
7069 3816 5504
3816 5504 7069
16151 2644 22313
22313 2644 16151
2644 16151 22313
13892 22268 25725
22268 13892 25725
25725 13892 22268
448 341 28172
28172 341 448
341 448 28172
28985 9867 28408
9867 28408 28985
28408 9867 28985
7743 1714 9809
1714 7743 9809
9809 1714 7743
18122 4140 9405
9405 4140 18122
4140 9405 18122
17534 13127 26583
13127 17534 26583
26583 13127 17534
15195 12788 26895
12788 15195 26895
26895 12788 15195
340 4229 9727
9727 340 4229
4229 340 9727
24453 2629 10660
10660 2629 24453
2629 10660 24453
29408 10354 16193
16193 10354 29408
10354 16193 29408
20709 18290 24503
24503 18290 20709
18290 20709 24503
6970 14579 25124
25124 6970 14579
14579 6970 25124
20942 12654 14977
14977 12654 20942
12654 14977 20942
5481 18622 26946
18622 5481 26946
26946 5481 18622
5424 772 2850
772 2850 5424
2850 772 5424
3543 7028 10171
7028 3543 10171
10171 3543 7028
2689 22828 27250
22828 2689 27250
27250 2689 22828
3969 13505 17581
17581 3969 13505
13505 3969 17581
2140 12431 26142
12431 2140 26142
26142 2140 12431
22241 10379 11933
11933 10379 22241
10379 11933 22241
23843 13966 18642
13966 18642 23843
18642 13966 23843
26497 20132 25895
25895 20132 26497
20132 25895 26497
14803 6066 6551
6551 6066 14803
6066 6551 14803
21088 15426 27480
27480 15426 21088
15426 21088 27480
10951 1520 22721
22721 1520 10951
1520 10951 22721
23245 13383 28981
13383 23245 28981
28981 13383 23245
15157 17095 29128
17095 15157 29128
29128 15157 17095
24827 8426 10338
10338 8426 24827
8426 10338 24827
11543 4956 22930
22930 4956 11543
4956 11543 22930
12809 25392 25991
25392 12809 25991
25991 12809 25392
29402 23136 24263
23136 24263 29402
24263 23136 29402
16845 1184 14111
14111 1184 16845
1184 14111 16845
444 1130 2554
2554 444 1130
1130 444 2554
24765 9158 28221
28221 9158 24765
9158 24765 28221
8628 10322 16328
10322 8628 16328
16328 8628 10322
9547 3318 3650
3650 3318 9547
3318 3650 9547
29169 230 19837
230 19837 29169
19837 230 29169
13163 23407 29940
29940 13163 23407
23407 13163 29940
6740 4948 20009
4948 6740 20009
20009 4948 6740
13220 2562 7345
2562 7345 13220
7345 2562 13220
12691 3252 14513
3252 12691 14513
14513 3252 12691
13564 585 9962
9962 585 13564
585 9962 13564
2612 8042 13900
13900 2612 8042
8042 2612 13900
18424 15754 17313
15754 17313 18424
17313 15754 18424
29317 12588 12671
12588 12671 29317
12671 12588 29317
9961 20117 29188
29188 9961 20117
20117 9961 29188
28429 4828 7562
4828 7562 28429
7562 4828 28429
13328 2290 9182
9182 2290 13328
2290 9182 13328
846 1947 22572
1947 846 22572
22572 846 1947
2604 17183 26033
26033 2604 17183
17183 2604 26033
26023 23273 24460
24460 23273 26023
23273 24460 26023
4033 3170 24420
24420 3170 4033
3170 4033 24420
4309 11735 13217
13217 4309 11735
11735 4309 13217
1390 10305 12325
10305 1390 12325
12325 1390 10305
17552 10429 21528
10429 17552 21528
21528 10429 17552
19140 7039 28293
28293 7039 19140
7039 19140 28293
19250 3262 26824
26824 3262 19250
3262 19250 26824
16441 4796 9388
9388 4796 16441
4796 9388 16441
635 2405 3415
2405 635 3415
3415 635 2405
5353 904 25144
25144 904 5353
904 5353 25144
9980 27869 28391
28391 9980 27869
27869 9980 28391
10981 24964 26631
24964 10981 26631
26631 10981 24964
29213 3234 5839
5839 3234 29213
3234 5839 29213
22928 5463 9126
5463 9126 22928
9126 5463 22928
22524 10809 13475
10809 13475 22524
13475 10809 22524
15496 15166 25906
15166 15496 25906
25906 15166 15496
2388 347 24368
347 2388 24368
24368 347 2388
3485 19648 22993
22993 3485 19648
19648 3485 22993
29661 27215 27228
27215 27228 29661
27228 27215 29661
6152 17425 20594
20594 6152 17425
17425 6152 20594
17628 10603 28300
28300 10603 17628
10603 17628 28300
254 8229 11316
11316 254 8229
8229 254 11316
9643 18711 20631
18711 9643 20631
20631 9643 18711
11466 14917 26343
26343 11466 14917
14917 11466 26343
15271 20928 22437
20928 15271 22437
22437 15271 20928
5566 25195 27433
27433 5566 25195
25195 5566 27433
22890 4884 14974
4884 14974 22890
14974 4884 22890
27218 24642 26164
24642 26164 27218
26164 24642 27218
24129 6983 18553
6983 18553 24129
18553 6983 24129
20350 26714 27185
27185 20350 26714
26714 20350 27185
18003 20544 25149
20544 18003 25149
25149 18003 20544
26043 17608 18522
17608 18522 26043
18522 17608 26043
6143 19378 20435
19378 6143 20435
20435 6143 19378
6368 7135 15096
7135 6368 15096
15096 6368 7135
18449 5248 13709
5248 13709 18449
13709 5248 18449
22919 4984 13728
4984 13728 22919
13728 4984 22919
6265 6587 21411
21411 6265 6587
6587 6265 21411
2808 2036 15574
15574 2036 2808
2036 2808 15574
148 4798 9894
9894 148 4798
4798 148 9894
2465 419 8038
419 2465 8038
8038 419 2465
19420 7442 14551
14551 7442 19420
7442 14551 19420
3437 4373 24179
24179 3437 4373
4373 3437 24179
28659 5724 26185
26185 5724 28659
5724 26185 28659
6523 3188 9995
9995 3188 6523
3188 6523 9995
18052 7527 28633
28633 7527 18052
7527 18052 28633
2240 3064 18569
18569 2240 3064
3064 2240 18569
20118 11745 15293
15293 11745 20118
11745 15293 20118
13631 8180 11428
8180 11428 13631
11428 8180 13631
24135 27785 28878
27785 24135 28878
28878 24135 27785
25137 21438 28228
21438 25137 28228
28228 21438 25137
7607 7969 28234
7969 7607 28234
28234 7607 7969
26650 5083 5999
5083 5999 26650
5999 5083 26650
27770 6040 26856
6040 26856 27770
26856 6040 27770
10888 16110 28492
16110 10888 28492
28492 10888 16110
11847 8708 14219
14219 8708 11847
8708 11847 14219
19466 8254 9344
9344 8254 19466
8254 9344 19466
27200 3019 7020
7020 3019 27200
3019 7020 27200
7936 1047 19066
19066 1047 7936
1047 7936 19066
5544 12312 20729
12312 5544 20729
20729 5544 12312
3747 1642 23477
1642 3747 23477
23477 1642 3747
12367 4561 14485
4561 12367 14485
14485 4561 12367
21069 4380 25471
25471 4380 21069
4380 21069 25471
1501 22951 27067
27067 1501 22951
22951 1501 27067
22402 2429 10692
10692 2429 22402
2429 10692 22402
27824 11271 16419
16419 11271 27824
11271 16419 27824
1367 19084 20532
20532 1367 19084
19084 1367 20532
21602 10565 23441
10565 21602 23441
23441 10565 21602
11637 14590 21525
21525 11637 14590
14590 11637 21525
12780 3590 8705
3590 8705 12780
8705 3590 12780
29247 19467 24856
19467 24856 29247
24856 19467 29247
6730 6283 10742
10742 6283 6730
6283 6730 10742
24155 1502 10062
10062 1502 24155
1502 10062 24155
6593 7827 28926
28926 6593 7827
7827 6593 28926
21192 7134 19377
7134 19377 21192
19377 7134 21192
14026 15907 16920
15907 14026 16920
16920 14026 15907
17541 1568 10239
10239 1568 17541
1568 10239 17541
13714 3583 25229
3583 13714 25229
25229 3583 13714
7601 10549 17994
10549 7601 17994
17994 7601 10549
15367 5860 18988
18988 5860 15367
5860 15367 18988
22854 516 8915
516 8915 22854
8915 516 22854
1312 5321 11359
5321 1312 11359
11359 1312 5321
25340 26018 27335
27335 25340 26018
26018 25340 27335
19265 20043 24712
20043 19265 24712
24712 19265 20043
23549 18201 25489
18201 23549 25489
25489 18201 23549
11838 4970 21443
21443 4970 11838
4970 11838 21443
20236 16 20870
20870 16 20236
16 20236 20870
8236 8659 25714
25714 8236 8659
8659 8236 25714
12162 20140 29096
29096 12162 20140
20140 12162 29096
11005 1103 9239
9239 1103 11005
1103 9239 11005
4363 26202 28137
28137 4363 26202
26202 4363 28137
6057 1507 12932
1507 6057 12932
12932 1507 6057
900 12553 25802
12553 900 25802
25802 900 12553
6133 1700 10169
10169 1700 6133
1700 6133 10169
2685 592 9200
592 2685 9200
9200 592 2685
15629 11850 25793
25793 11850 15629
11850 15629 25793
3386 13309 17510
13309 3386 17510
17510 3386 13309
2600 14160 22833
14160 2600 22833
22833 2600 14160
714 1566 11916
1566 714 11916
11916 714 1566
26154 16000 21607
16000 21607 26154
21607 16000 26154
8582 12666 26558
12666 8582 26558
26558 8582 12666
5827 5944 9375
5944 5827 9375
9375 5827 5944
638 19923 23274
19923 638 23274
23274 638 19923
10013 21529 26491
26491 10013 21529
21529 10013 26491
17273 24086 24142
24142 17273 24086
24086 17273 24142
23573 17022 26762
26762 17022 23573
17022 23573 26762
23956 4826 25319
25319 4826 23956
4826 23956 25319
13937 963 11390
963 11390 13937
11390 963 13937
8724 13461 16540
13461 8724 16540
16540 8724 13461
21398 1768 8069
8069 1768 21398
1768 8069 21398
14956 3839 12736
3839 12736 14956
12736 3839 14956
8550 24692 25085
25085 8550 24692
24692 8550 25085
18539 7535 27633
27633 7535 18539
7535 18539 27633
26317 1221 8476
8476 1221 26317
1221 8476 26317
4418 2980 15905
15905 2980 4418
2980 4418 15905
24010 811 1196
811 1196 24010
1196 811 24010
24163 9523 14138
14138 9523 24163
9523 14138 24163
10238 10882 13712
13712 10238 10882
10882 10238 13712
15329 5583 20030
20030 5583 15329
5583 15329 20030
11865 5605 27146
27146 5605 11865
5605 11865 27146
26588 382 1589
1589 382 26588
382 1589 26588
14011 6102 17788
6102 14011 17788
17788 6102 14011
24357 7431 28917
28917 7431 24357
7431 24357 28917
21343 24259 25885
24259 21343 25885
25885 21343 24259
19319 11412 28054
28054 11412 19319
11412 19319 28054
19696 8779 11662
8779 11662 19696
11662 8779 19696
24056 23753 26899
23753 24056 26899
26899 23753 24056
1922 757 13603
13603 757 1922
757 1922 13603
20809 19774 21022
19774 20809 21022
21022 19774 20809
10762 9304 24762
9304 10762 24762
24762 9304 10762
10760 707 13326
707 10760 13326
13326 707 10760
18030 16939 17557
17557 16939 18030
16939 17557 18030
12518 4377 4865
4865 4377 12518
4377 4865 12518
18986 10401 22855
10401 18986 22855
22855 10401 18986
15614 304 8823
8823 304 15614
304 8823 15614
14049 18448 20608
20608 14049 18448
18448 14049 20608
13555 2357 8366
2357 8366 13555
8366 2357 13555
26060 12072 25776
12072 25776 26060
25776 12072 26060
9756 7997 18470
7997 9756 18470
18470 7997 9756
17630 14358 19414
19414 14358 17630
14358 17630 19414
15051 25842 26523
25842 15051 26523
26523 15051 25842
13101 667 12395
12395 667 13101
667 12395 13101
130 6354 17345
6354 130 17345
17345 130 6354
10246 19342 23745
23745 10246 19342
19342 10246 23745
9311 6434 27461
6434 9311 27461
27461 6434 9311
1531 15821 25770
15821 1531 25770
25770 1531 15821
7352 12929 17122
12929 7352 17122
17122 7352 12929
6117 7016 28961
7016 6117 28961
28961 6117 7016
2745 6864 11699
11699 2745 6864
6864 2745 11699
2511 15541 17956
15541 2511 17956
17956 2511 15541
7408 4122 7555
7555 4122 7408
4122 7408 7555
24903 8470 10771
8470 10771 24903
10771 8470 24903
14430 7992 13756
13756 7992 14430
7992 13756 14430
26122 25360 29972
29972 25360 26122
25360 26122 29972
10770 24625 28699
24625 10770 28699
28699 10770 24625
16064 24118 25376
24118 16064 25376
25376 16064 24118
22276 5718 12642
5718 12642 22276
12642 5718 22276
9184 4018 9108
4018 9108 9184
9108 4018 9184
5502 10072 16316
16316 5502 10072
10072 5502 16316
15634 15453 16215
16215 15453 15634
15453 15634 16215
23854 17250 19800
17250 19800 23854
19800 17250 23854
8190 7814 16499
7814 8190 16499
16499 7814 8190
13646 16582 24544
24544 13646 16582
16582 13646 24544
20065 11353 16903
11353 16903 20065
16903 11353 20065
8590 8210 15799
8210 8590 15799
15799 8210 8590
8661 20796 28820
20796 8661 28820
28820 8661 20796
13218 7025 17218
7025 13218 17218
17218 7025 13218
28469 2696 28908
28908 2696 28469
2696 28469 28908
11388 1915 19558
19558 1915 11388
1915 11388 19558
24676 4790 10607
4790 10607 24676
10607 4790 24676
21709 18476 21365
21365 18476 21709
18476 21365 21709
14902 3534 12324
3534 12324 14902
12324 3534 14902
21212 9859 15999
9859 15999 21212
15999 9859 21212
23029 10855 12228
12228 10855 23029
10855 12228 23029
25794 16588 20748
20748 16588 25794
16588 20748 25794
28352 8134 17537
17537 8134 28352
8134 17537 28352
7416 6302 13125
13125 6302 7416
6302 7416 13125
9999 7437 10831
10831 7437 9999
7437 9999 10831
21054 6247 21892
21892 6247 21054
6247 21054 21892
399 10915 11673
10915 399 11673
11673 399 10915
350 4037 29650
29650 350 4037
4037 350 29650
26245 6729 13104
6729 13104 26245
13104 6729 26245
17450 3292 24248
3292 17450 24248
24248 3292 17450
28757 10664 26611
10664 26611 28757
26611 10664 28757
29053 3905 14839
3905 14839 29053
14839 3905 29053
13561 2956 15698
2956 13561 15698
15698 2956 13561
18218 13194 25784
13194 18218 25784
25784 13194 18218
28547 2319 23024
2319 23024 28547
23024 2319 28547
8034 9013 12823
12823 8034 9013
9013 8034 12823
15005 2504 11934
11934 2504 15005
2504 11934 15005
23047 4675 29455
29455 4675 23047
4675 23047 29455
27534 15621 25333
15621 25333 27534
25333 15621 27534
1135 4571 16705
4571 1135 16705
16705 1135 4571
5678 12991 19007
12991 5678 19007
19007 5678 12991
19608 9959 26184
9959 19608 26184
26184 9959 19608
26259 19432 26709
26709 19432 26259
19432 26259 26709
2765 25717 26986
25717 2765 26986
26986 2765 25717
2168 2768 12029
2768 2168 12029
12029 2168 2768
2954 25322 29499
29499 2954 25322
25322 2954 29499
22430 22547 22707
22707 22430 22547
22547 22430 22707
5656 6206 25425
25425 5656 6206
6206 5656 25425
3678 12884 16273
16273 3678 12884
12884 3678 16273
22414 1109 26257
1109 22414 26257
26257 1109 22414
23560 2305 6913
2305 6913 23560
6913 2305 23560
3509 5875 10958
10958 3509 5875
5875 3509 10958
12910 4314 26126
4314 12910 26126
26126 4314 12910
29430 26121 27282
26121 27282 29430
27282 26121 29430
15639 1986 3979
3979 1986 15639
1986 3979 15639
13675 13208 20329
13208 13675 20329
20329 13208 13675
5458 5200 23017
23017 5200 5458
5200 5458 23017
3445 1428 17622
17622 1428 3445
1428 3445 17622
7816 11151 17884
11151 7816 17884
17884 7816 11151
20330 1262 15094
1262 15094 20330
15094 1262 20330
25811 5689 17111
17111 5689 25811
5689 17111 25811
18041 9752 11963
11963 9752 18041
9752 11963 18041
16563 15067 16065
16065 15067 16563
15067 16065 16563
13246 17245 29610
29610 13246 17245
17245 13246 29610
21353 7895 16950
16950 7895 21353
7895 16950 21353
11518 22873 26696
22873 11518 26696
26696 11518 22873
7553 10441 18062
10441 7553 18062
18062 7553 10441
25369 19769 23192
19769 23192 25369
23192 19769 25369
7536 190 21934
190 7536 21934
21934 190 7536
26675 13662 24653
24653 13662 26675
13662 24653 26675
19187 3959 28515
28515 3959 19187
3959 19187 28515
27600 10232 21466
10232 21466 27600
21466 10232 27600
26883 7701 8749
7701 8749 26883
8749 7701 26883
865 18405 22628
22628 865 18405
18405 865 22628
23356 5021 15160
15160 5021 23356
5021 15160 23356
22340 8751 10057
8751 10057 22340
10057 8751 22340
13025 7691 9665
7691 9665 13025
9665 7691 13025
14715 991 2783
2783 991 14715
991 2783 14715
16993 24340 29335
29335 16993 24340
24340 16993 29335
21198 18757 23760
23760 18757 21198
18757 21198 23760
5661 92 27276
92 5661 27276
27276 92 5661
15223 272 3492
3492 272 15223
272 3492 15223
28455 1945 2829
2829 1945 28455
1945 2829 28455
2658 23850 25014
23850 2658 25014
25014 2658 23850
28131 6135 17620
6135 17620 28131
17620 6135 28131
4324 21190 21913
21913 4324 21190
21190 4324 21913
27459 7817 28290
28290 7817 27459
7817 27459 28290
6544 1445 26717
1445 6544 26717
26717 1445 6544
16986 17190 19458
19458 16986 17190
17190 16986 19458
2762 1641 27750
1641 2762 27750
27750 1641 2762
24208 7331 27684
7331 24208 27684
27684 7331 24208
8216 19056 21604
19056 8216 21604
21604 8216 19056
26988 8647 26851
26851 8647 26988
8647 26851 26988
19791 8632 19242
19242 8632 19791
8632 19242 19791
6074 14942 16350
14942 6074 16350
16350 6074 14942
25978 12573 29530
29530 12573 25978
12573 25978 29530
22601 2607 8002
2607 8002 22601
8002 2607 22601
23060 8989 25824
25824 8989 23060
8989 23060 25824
10486 15365 18768
15365 10486 18768
18768 10486 15365
18151 23922 25816
25816 18151 23922
23922 18151 25816
20256 11781 18551
18551 11781 20256
11781 18551 20256
7246 3966 16023
16023 3966 7246
3966 7246 16023
27402 4591 17847
4591 17847 27402
17847 4591 27402
4919 4979 21971
21971 4919 4979
4979 4919 21971
23712 8026 29657
8026 23712 29657
29657 8026 23712
2054 20717 26050
26050 2054 20717
20717 2054 26050
12893 2819 26385
2819 12893 26385
26385 2819 12893
8527 2949 11113
11113 2949 8527
2949 8527 11113
15711 2066 13502
13502 2066 15711
2066 13502 15711
1476 22847 29333
29333 1476 22847
22847 1476 29333
29431 16331 17617
17617 16331 29431
16331 17617 29431
28893 14089 27312
27312 14089 28893
14089 27312 28893
16606 10398 27912
10398 16606 27912
27912 10398 16606
4705 19412 22001
22001 4705 19412
19412 4705 22001
12271 21144 27268
27268 12271 21144
21144 12271 27268
26313 7958 22500
7958 22500 26313
22500 7958 26313
7941 583 13411
583 7941 13411
13411 583 7941
12128 8013 9966
8013 9966 12128
9966 8013 12128
11408 9318 16043
16043 9318 11408
9318 11408 16043
16146 7223 9466
9466 7223 16146
7223 9466 16146
768 11059 24769
11059 768 24769
24769 768 11059
2351 21545 28154
21545 2351 28154
28154 2351 21545
4382 18828 27188
27188 4382 18828
18828 4382 27188
21505 3139 16547
16547 3139 21505
3139 16547 21505
1993 17943 21163
17943 1993 21163
21163 1993 17943
10503 7374 16735
7374 10503 16735
16735 7374 10503
10733 8253 15667
8253 10733 15667
15667 8253 10733
23688 23939 28924
23939 23688 28924
28924 23688 23939
4619 10282 14957
10282 4619 14957
14957 4619 10282
18378 1746 20019
20019 1746 18378
1746 18378 20019
6956 18635 18967
18635 6956 18967
18967 6956 18635
3599 2747 3682
2747 3599 3682
3682 2747 3599
26600 3397 28698
28698 3397 26600
3397 26600 28698
22075 15642 22840
22840 15642 22075
15642 22075 22840
27685 16599 28318
16599 27685 28318
28318 16599 27685
24745 5377 14169
5377 14169 24745
14169 5377 24745
23926 8624 11728
11728 8624 23926
8624 11728 23926
16702 14840 29394
14840 16702 29394
29394 14840 16702
21926 14550 15026
14550 15026 21926
15026 14550 21926
15863 14314 16990
16990 14314 15863
14314 15863 16990
6389 17845 19567
17845 6389 19567
19567 6389 17845
25782 3436 29575
29575 3436 25782
3436 25782 29575
26919 8224 12117
8224 12117 26919
12117 8224 26919
21 21239 27734
21239 21 27734
27734 21 21239
23639 9449 23393
23393 9449 23639
9449 23393 23639
15508 16863 29962
16863 15508 29962
29962 15508 16863
12706 5376 27728
5376 12706 27728
27728 5376 12706
5380 27812 28383
28383 5380 27812
27812 5380 28383
23657 21200 28532
28532 21200 23657
21200 23657 28532
3034 7358 18479
18479 3034 7358
7358 3034 18479
26783 3946 29757
3946 26783 29757
29757 3946 26783
9036 10105 27784
10105 9036 27784
27784 9036 10105
19577 7318 25609
25609 7318 19577
7318 19577 25609
23105 12422 25405
25405 12422 23105
12422 23105 25405
23711 11947 18164
18164 11947 23711
11947 18164 23711
7979 20784 26713
20784 7979 26713
26713 7979 20784
572 2208 21585
21585 572 2208
2208 572 21585
2793 3180 12839
3180 2793 12839
12839 2793 3180
20508 16479 24679
24679 16479 20508
16479 20508 24679
13406 21821 22078
21821 13406 22078
22078 13406 21821
27 1129 24256
1129 27 24256
24256 27 1129
22479 20237 29769
29769 20237 22479
20237 22479 29769
21826 7417 18859
7417 18859 21826
18859 7417 21826
6230 19447 26780
26780 6230 19447
19447 6230 26780
18176 19706 28274
28274 18176 19706
19706 18176 28274
16526 693 29297
29297 693 16526
693 16526 29297
246 3388 14879
3388 246 14879
14879 246 3388
20248 16242 18767
16242 18767 20248
18767 16242 20248
28829 562 23119
562 23119 28829
23119 562 28829
1328 18207 20064
18207 1328 20064
20064 1328 18207
22296 10455 21498
21498 10455 22296
10455 21498 22296
24680 12134 17397
12134 17397 24680
17397 12134 24680
3307 16073 26445
26445 3307 16073
16073 3307 26445
4592 2961 17785
2961 4592 17785
17785 2961 4592
200 1543 1617
1543 200 1617
1617 200 1543
15903 18611 29749
18611 15903 29749
29749 15903 18611
25113 10405 21077
21077 10405 25113
10405 21077 25113
19792 14801 25851
14801 19792 25851
25851 14801 19792
23567 920 21998
21998 920 23567
920 21998 23567
16062 664 6994
6994 664 16062
664 6994 16062
20660 11333 21765
21765 11333 20660
11333 20660 21765
12851 13945 21375
21375 12851 13945
13945 12851 21375
19182 21434 28313
28313 19182 21434
21434 19182 28313
25346 9706 29849
29849 9706 25346
9706 25346 29849
29322 2962 13398
2962 13398 29322
13398 2962 29322
27575 270 20000
20000 270 27575
270 20000 27575
17668 2155 5580
5580 2155 17668
2155 5580 17668
20899 556 17742
556 17742 20899
17742 556 20899
18570 15000 25091
15000 18570 25091
25091 15000 18570
3354 8967 25056
25056 3354 8967
8967 3354 25056
12408 7251 19512
7251 12408 19512
19512 7251 12408
2634 7483 20885
20885 2634 7483
7483 2634 20885
28406 6163 29722
29722 6163 28406
6163 28406 29722
16008 1011 6191
6191 1011 16008
1011 6191 16008
19579 17836 23531
23531 17836 19579
17836 19579 23531
23563 7872 27973
27973 7872 23563
7872 23563 27973
18109 2812 10575
2812 10575 18109
10575 2812 18109
11951 11603 29189
29189 11603 11951
11603 11951 29189
21266 21912 26928
26928 21266 21912
21912 21266 26928
6632 23637 25494
23637 6632 25494
25494 6632 23637
16114 2490 28168
2490 16114 28168
28168 2490 16114
22044 24549 29371
24549 22044 29371
29371 22044 24549
20503 25284 27104
27104 20503 25284
25284 20503 27104
9644 26690 28949
26690 9644 28949
28949 9644 26690
9528 14923 27438
27438 9528 14923
14923 9528 27438
14095 802 9651
9651 802 14095
802 9651 14095
6227 18390 18664
18390 6227 18664
18664 6227 18390
22456 21848 25656
25656 21848 22456
21848 22456 25656
20734 3484 23547
23547 3484 20734
3484 20734 23547
8067 2407 17614
2407 8067 17614
17614 2407 8067
15243 12875 20761
12875 15243 20761
20761 12875 15243
24599 522 8573
8573 522 24599
522 8573 24599
17711 422 1485
1485 422 17711
422 1485 17711
29674 8099 15272
15272 8099 29674
8099 15272 29674
2139 12878 21975
21975 2139 12878
12878 2139 21975
10557 4518 21213
21213 4518 10557
4518 10557 21213
25139 18443 27741
18443 25139 27741
27741 18443 25139
24562 3913 20150
20150 3913 24562
3913 20150 24562
26215 2228 11454
11454 2228 26215
2228 11454 26215
6705 4879 16631
16631 4879 6705
4879 6705 16631
11800 5640 27907
27907 5640 11800
5640 11800 27907
7018 2856 26242
2856 7018 26242
26242 2856 7018
4720 10967 27588
10967 4720 27588
27588 4720 10967
8225 6630 21469
21469 6630 8225
6630 8225 21469
21776 6796 21222
6796 21222 21776
21222 6796 21776
3099 9306 28040
28040 3099 9306
9306 3099 28040
5002 8146 16600
16600 5002 8146
8146 5002 16600
6061 11802 22877
11802 6061 22877
22877 6061 11802
24419 16816 20799
20799 16816 24419
16816 20799 24419
26808 7994 8853
7994 8853 26808
8853 7994 26808
14225 11669 25063
11669 14225 25063
25063 11669 14225
5057 7744 17174
17174 5057 7744
7744 5057 17174
4013 4430 19345
19345 4013 4430
4430 4013 19345
21895 17461 23827
23827 17461 21895
17461 21895 23827
22144 4042 26831
26831 4042 22144
4042 22144 26831
10208 20297 24110
20297 10208 24110
24110 10208 20297
15945 2001 27908
27908 2001 15945
2001 15945 27908
3605 26633 27115
26633 3605 27115
27115 3605 26633
3748 16380 28975
28975 3748 16380
16380 3748 28975
15929 5244 14929
14929 5244 15929
5244 14929 15929
17432 4983 29472
4983 17432 29472
29472 4983 17432
24406 20176 23933
20176 23933 24406
23933 20176 24406
24595 13573 19099
13573 19099 24595
19099 13573 24595
25768 11779 21285
11779 21285 25768
21285 11779 25768
8423 11188 17532
17532 8423 11188
11188 8423 17532
29739 10288 26910
10288 26910 29739
26910 10288 29739
12259 6168 10650
6168 10650 12259
10650 6168 12259
24090 13488 14444
14444 13488 24090
13488 14444 24090
25648 11273 16184
16184 11273 25648
11273 16184 25648
14360 14367 16473
14367 14360 16473
16473 14360 14367
21378 535 23351
535 21378 23351
23351 535 21378
629 722 9437
722 629 9437
9437 629 722
8436 461 1257
461 1257 8436
1257 461 8436
18143 14540 14673
14673 14540 18143
14540 14673 18143
22146 11896 27370
27370 11896 22146
11896 22146 27370
21631 21061 27799
27799 21061 21631
21061 21631 27799
6003 6257 19826
6257 6003 19826
19826 6003 6257
443 11348 19530
19530 443 11348
11348 443 19530
11028 3960 10484
10484 3960 11028
3960 10484 11028
5012 308 27087
27087 308 5012
308 5012 27087
15666 13088 25183
13088 15666 25183
25183 13088 15666
28498 9448 17206
9448 17206 28498
17206 9448 28498
16354 11753 19283
19283 11753 16354
11753 16354 19283
10699 3210 5660
5660 3210 10699
3210 5660 10699
18994 4824 16478
4824 16478 18994
16478 4824 18994
22099 14710 22052
22052 14710 22099
14710 22052 22099
14177 15788 29554
29554 14177 15788
15788 14177 29554
25218 15632 23698
23698 15632 25218
15632 23698 25218
3226 5020 13044
13044 3226 5020
5020 3226 13044
24214 6651 24441
6651 24214 24441
24441 6651 24214
4545 2341 13719
2341 4545 13719
13719 2341 4545
15896 14150 26641
26641 14150 15896
14150 15896 26641
2271 248 9091
9091 248 2271
248 2271 9091
24683 9140 15105
9140 15105 24683
15105 9140 24683
8319 4779 7000
4779 7000 8319
7000 4779 8319
25474 20061 28556
28556 20061 25474
20061 25474 28556
10328 3446 29911
29911 3446 10328
3446 10328 29911
18680 18544 24772
24772 18544 18680
18544 18680 24772
7584 7570 18575
18575 7570 7584
7570 7584 18575
3804 3433 20683
20683 3433 3804
3433 3804 20683
12821 2995 27366
27366 2995 12821
2995 12821 27366
15596 17015 23913
23913 15596 17015
17015 15596 23913
16942 2847 22714
22714 2847 16942
2847 16942 22714
20017 5307 29684
5307 20017 29684
29684 5307 20017
7193 180 23269
23269 180 7193
180 7193 23269
27975 6077 25623
25623 6077 27975
6077 25623 27975
28577 6704 16135
6704 16135 28577
16135 6704 28577
13389 24802 26653
26653 13389 24802
24802 13389 26653
11451 3546 25655
3546 11451 25655
25655 3546 11451
6695 3011 14515
3011 6695 14515
14515 3011 6695
14059 13484 29604
13484 14059 29604
29604 13484 14059
21846 17025 18276
18276 17025 21846
17025 18276 21846
790 19587 26423
26423 790 19587
19587 790 26423
25216 20844 24809
20844 24809 25216
24809 20844 25216
24688 8978 29638
29638 8978 24688
8978 24688 29638
13798 743 25866
25866 743 13798
743 13798 25866
7256 13653 25989
13653 7256 25989
25989 7256 13653
8057 951 20678
951 8057 20678
20678 951 8057
12620 13070 16218
13070 12620 16218
16218 12620 13070
11922 9640 13832
9640 11922 13832
13832 9640 11922
27201 1712 24746
24746 1712 27201
1712 24746 27201
26210 9691 19333
19333 9691 26210
9691 19333 26210
16749 8382 19459
8382 16749 19459
19459 8382 16749
13117 2854 16116
2854 13117 16116
16116 2854 13117
11841 13913 28110
28110 11841 13913
13913 11841 28110
21159 21898 25281
25281 21159 21898
21898 21159 25281
21145 22421 23803
23803 21145 22421
22421 21145 23803
26180 8008 22395
22395 8008 26180
8008 22395 26180
23220 12479 12602
12479 12602 23220
12602 12479 23220
23130 15451 28032
28032 15451 23130
15451 23130 28032
23890 4906 28701
4906 23890 28701
28701 4906 23890
16831 6451 9560
6451 9560 16831
9560 6451 16831
9581 10924 24584
10924 9581 24584
24584 9581 10924
17623 3295 24924
24924 3295 17623
3295 17623 24924
3077 750 21193
21193 750 3077
750 3077 21193
14448 15796 27253
27253 14448 15796
15796 14448 27253
1969 7955 22118
7955 1969 22118
22118 1969 7955
4663 11503 22609
11503 4663 22609
22609 4663 11503
590 24729 26954
24729 590 26954
26954 590 24729
5766 11157 28261
28261 5766 11157
11157 5766 28261
21102 3472 20196
20196 3472 21102
3472 20196 21102
10090 5251 29135
29135 5251 10090
5251 10090 29135
19406 8066 24612
8066 19406 24612
24612 8066 19406
1889 2159 9638
2159 1889 9638
9638 1889 2159
17249 2803 7930
2803 7930 17249
7930 2803 17249
18145 1035 10815
1035 10815 18145
10815 1035 18145
6105 12096 12773
12773 6105 12096
12096 6105 12773
834 4454 8131
4454 834 8131
8131 834 4454
17081 18099 22255
18099 17081 22255
22255 17081 18099
27243 6835 20276
6835 20276 27243
20276 6835 27243
15971 4308 6248
6248 4308 15971
4308 6248 15971
5053 10321 28467
28467 5053 10321
10321 5053 28467
28432 402 980
402 980 28432
980 402 28432
6813 1979 18537
18537 1979 6813
1979 6813 18537
14544 21603 27156
21603 14544 27156
27156 14544 21603
1430 16124 24041
16124 1430 24041
24041 1430 16124
17150 16788 25302
25302 16788 17150
16788 17150 25302
9772 12126 22687
22687 9772 12126
12126 9772 22687
4931 22618 28231
22618 4931 28231
28231 4931 22618
21354 19322 21569
19322 21354 21569
21569 19322 21354
22337 8556 16268
16268 8556 22337
8556 16268 22337
25914 4512 24873
24873 4512 25914
4512 24873 25914
16871 16476 21801
16476 16871 21801
21801 16476 16871
26027 3868 14554
14554 3868 26027
3868 14554 26027
15982 18944 28294
18944 15982 28294
28294 15982 18944
8715 27189 27924
27189 8715 27924
27924 8715 27189
15753 7428 27854
7428 15753 27854
27854 7428 15753
11626 18129 23510
23510 11626 18129
18129 11626 23510
26587 7309 18985
18985 7309 26587
7309 18985 26587
26367 10693 14507
14507 10693 26367
10693 14507 26367
1727 2508 27007
27007 1727 2508
2508 1727 27007
13248 8195 19741
19741 8195 13248
8195 13248 19741
1471 5085 26862
5085 1471 26862
26862 1471 5085
8526 11134 29786
29786 8526 11134
11134 8526 29786
2253 8072 20522
20522 2253 8072
8072 2253 20522
24356 13091 22401
13091 22401 24356
22401 13091 24356
27225 16216 25013
16216 25013 27225
25013 16216 27225
21759 16835 23607
16835 21759 23607
23607 16835 21759
26174 24747 29143
24747 26174 29143
29143 24747 26174
293 11021 27804
27804 293 11021
11021 293 27804
6845 14709 15595
14709 6845 15595
15595 6845 14709
3935 8509 18613
8509 3935 18613
18613 3935 8509
2031 12493 20102
12493 2031 20102
20102 2031 12493
18221 25726 28381
28381 18221 25726
25726 18221 28381
5857 22936 26585
26585 5857 22936
22936 5857 26585
1171 16040 19077
16040 1171 19077
19077 1171 16040
11020 10799 23859
23859 10799 11020
10799 11020 23859
19230 3746 17101
3746 17101 19230
17101 3746 19230
27520 17298 25526
17298 25526 27520
25526 17298 27520
2876 3833 12377
12377 2876 3833
3833 2876 12377
9360 8348 26882
8348 9360 26882
26882 8348 9360
5433 10371 21663
21663 5433 10371
10371 5433 21663
13167 9515 27238
27238 9515 13167
9515 13167 27238
16687 4967 17167
17167 4967 16687
4967 16687 17167
24588 23 3803
23 3803 24588
3803 23 24588
20344 10509 25695
25695 10509 20344
10509 20344 25695
25436 3435 19968
3435 19968 25436
19968 3435 25436
