250 63 217
63 217 250
217 63 250
60 124 267
124 60 267
267 60 124
119 95 169
95 119 169
169 95 119
10 43 62
43 10 62
62 10 43
249 240 244
244 240 249
240 244 249
260 30 127
30 127 260
127 30 260
272 66 236
236 66 272
66 236 272
133 226 269
269 133 226
226 133 269
19 161 271
271 19 161
161 19 271
111 159 252
159 111 252
252 111 159
149 137 283
137 149 283
283 137 149
15 45 104
45 15 104
104 15 45
237 67 68
68 67 237
67 68 237
86 26 247
247 26 86
26 86 247
37 2 134
134 2 37
2 37 134
223 51 270
270 51 223
51 223 270
181 122 148
122 148 181
148 122 181
100 47 81
81 47 100
47 81 100
147 57 72
57 72 147
72 57 147
194 139 218
139 194 218
218 139 194
130 92 245
245 92 130
92 130 245
179 121 241
241 121 179
121 179 241
242 71 120
120 71 242
71 120 242
224 94 298
298 94 224
94 224 298
113 25 255
255 25 113
25 113 255
35 32 205
205 32 35
32 35 205
136 126 264
126 136 264
264 126 136
138 89 222
222 89 138
89 138 222
31 48 97
97 31 48
48 31 97
13 16 59
16 13 59
59 13 16
54 65 284
65 54 284
284 54 65
268 294 296
294 268 296
296 268 294
56 84 274
84 56 274
274 56 84
33 116 209
209 33 116
116 33 209
143 202 261
261 143 202
202 143 261
28 235 254
235 28 254
254 28 235
29 27 292
292 27 29
27 29 292
146 52 287
287 52 146
52 146 287
189 214 257
214 189 257
257 189 214
208 153 279
153 208 279
279 153 208
195 141 176
176 141 195
141 176 195
79 4 50
50 4 79
4 50 79
200 90 177
177 90 200
90 177 200
277 216 253
216 253 277
253 216 277
106 87 160
160 87 106
87 106 160
275 186 201
186 201 275
201 186 275
77 171 259
259 77 171
171 77 259
22 110 132
132 22 110
110 22 132
131 166 198
198 131 166
166 131 198
183 42 239
42 183 239
239 42 183
152 40 228
228 40 152
40 152 228
151 12 262
262 12 151
12 151 262
17 102 175
175 17 102
102 17 175
49 23 191
191 23 49
23 49 191
278 20 265
20 265 278
265 20 278
297 91 295
91 295 297
295 91 297
291 83 248
83 248 291
248 83 291
88 140 164
164 88 140
140 88 164
69 185 266
185 69 266
266 69 185
96 53 105
105 53 96
53 96 105
109 3 213
3 109 213
213 3 109
118 76 251
251 76 118
76 118 251
229 197 282
282 197 229
197 229 282
150 70 145
145 70 150
70 145 150
74 55 78
55 74 78
78 55 74
207 155 256
155 207 256
256 155 207
9 196 210
196 9 210
210 9 196
129 18 103
103 18 129
18 103 129
243 112 128
112 128 243
128 112 243
234 154 285
285 154 234
154 234 285
290 170 220
220 170 290
170 220 290
233 180 238
180 233 238
238 180 233
11 115 158
158 11 115
115 11 158
36 101 107
101 36 107
107 36 101
80 75 190
75 80 190
190 75 80
58 64 163
64 58 163
163 58 64
215 82 108
108 82 215
82 108 215
6 125 231
125 6 231
231 6 125
14 193 276
276 14 193
193 14 276
203 7 142
7 142 203
142 7 203
1 199 273
199 1 273
273 1 199
204 24 39
24 39 204
39 24 204
162 5 289
289 5 162
5 162 289
167 172 187
172 167 187
187 167 172
221 192 212
212 192 221
192 212 221
85 173 182
173 85 182
182 85 173
280 73 99
73 99 280
99 73 280
123 258 299
258 123 299
299 123 258
41 157 211
157 41 211
211 41 157
225 156 300
300 156 225
156 225 300
144 61 178
61 144 178
178 61 144
232 93 135
135 93 232
93 135 232
230 288 293
288 230 293
293 230 288
174 184 246
184 174 246
246 174 184
114 117 168
117 114 168
168 114 117
188 21 281
21 188 281
281 21 188
286 8 227
8 227 286
227 8 286
219 46 206
46 206 219
206 46 219
263 38 98
98 38 263
38 98 263
34 44 165
165 34 44
44 34 165
