1572 464 697
697 464 1572
464 697 1572
791 43 2354
43 791 2354
2354 43 791
1016 943 1564
1564 943 1016
943 1016 1564
2951 2515 2800
2515 2800 2951
2800 2515 2951
545 2010 2109
2010 545 2109
2109 545 2010
1699 1933 2060
1933 1699 2060
2060 1699 1933
417 1264 1307
1307 417 1264
1264 417 1307
199 1883 1955
1883 199 1955
1955 199 1883
2 323 1637
1637 2 323
323 2 1637
2717 346 2127
2127 346 2717
346 2127 2717
939 1626 2984
2984 939 1626
1626 939 2984
41 381 2457
2457 41 381
381 41 2457
2094 1039 1372
1372 1039 2094
1039 1372 2094
699 931 2960
2960 699 931
931 699 2960
2670 321 2598
2598 321 2670
321 2598 2670
1167 156 2934
156 1167 2934
2934 156 1167
1833 25 270
25 270 1833
270 25 1833
1159 125 1943
1943 125 1159
125 1159 1943
564 114 2122
114 564 2122
2122 114 564
2284 1901 2119
1901 2119 2284
2119 1901 2284
1373 2641 2696
2696 1373 2641
2641 1373 2696
2000 310 2164
310 2000 2164
2164 310 2000
1101 2548 2809
2548 1101 2809
2809 1101 2548
206 95 1359
1359 95 206
95 206 1359
664 10 606
606 10 664
10 606 664
2899 50 2841
50 2841 2899
2841 50 2899
644 513 1173
1173 513 644
513 644 1173
558 1888 1987
1888 558 1987
1987 558 1888
247 972 2903
972 247 2903
2903 247 972
1795 2287 2398
2398 1795 2287
2287 1795 2398
2359 2743 2897
2743 2359 2897
2897 2359 2743
2939 1617 2064
2064 1617 2939
1617 2064 2939
2130 157 756
157 756 2130
756 157 2130
1848 1844 2615
1844 1848 2615
2615 1844 1848
581 764 2677
2677 581 764
764 581 2677
266 410 1764
410 266 1764
1764 266 410
1603 144 2338
144 1603 2338
2338 144 1603
575 1337 1937
1337 575 1937
1937 575 1337
154 263 2845
263 154 2845
2845 154 263
357 1430 1974
1430 357 1974
1974 357 1430
2286 2439 2895
2895 2286 2439
2439 2286 2895
747 505 740
505 740 747
740 505 747
1196 1099 2049
1099 1196 2049
2049 1099 1196
620 368 2181
2181 368 620
368 620 2181
1545 2124 2551
2551 1545 2124
2124 1545 2551
2803 341 617
341 617 2803
617 341 2803
2179 921 964
921 964 2179
964 921 2179
69 169 1869
1869 69 169
169 69 1869
1593 185 1081
1081 185 1593
185 1081 1593
1827 2802 2908
2908 1827 2802
2802 1827 2908
2474 407 425
425 407 2474
407 425 2474
1885 1971 2100
1971 1885 2100
2100 1885 1971
1440 378 1223
1223 378 1440
378 1223 1440
658 993 1518
993 658 1518
1518 658 993
370 1198 1734
1198 370 1734
1734 370 1198
2009 900 2311
2311 900 2009
900 2009 2311
930 1467 1944
1467 930 1944
1944 930 1467
1969 729 1732
729 1732 1969
1732 729 1969
746 1048 1420
1420 746 1048
1048 746 1420
641 1647 2465
2465 641 1647
1647 641 2465
2518 1183 2843
2843 1183 2518
1183 2518 2843
1375 457 2522
457 1375 2522
2522 457 1375
1478 2152 2332
2332 1478 2152
2152 1478 2332
1797 402 2046
402 1797 2046
2046 402 1797
613 441 1754
441 613 1754
1754 441 613
2484 549 733
733 549 2484
549 733 2484
1857 1686 1736
1686 1736 1857
1736 1686 1857
2937 1676 2272
2272 1676 2937
1676 2272 2937
2336 1110 1798
1798 1110 2336
1110 1798 2336
544 716 2536
2536 544 716
716 544 2536
651 2236 2730
2730 651 2236
2236 651 2730
1527 176 874
874 176 1527
176 874 1527
1134 212 288
212 288 1134
288 212 1134
671 773 2205
773 671 2205
2205 671 773
1881 81 2627
2627 81 1881
81 1881 2627
1649 1150 1280
1280 1150 1649
1150 1280 1649
771 991 2864
991 771 2864
2864 771 991
2524 2204 2486
2204 2486 2524
2486 2204 2524
987 1031 1808
1808 987 1031
1031 987 1808
705 909 947
909 705 947
947 705 909
1469 696 1895
1895 696 1469
696 1469 1895
1877 455 1107
1107 455 1877
455 1107 1877
2156 1276 1605
1605 1276 2156
1276 1605 2156
2750 688 2358
688 2358 2750
2358 688 2750
2760 109 172
109 172 2760
172 109 2760
1425 2254 2701
2254 1425 2701
2701 1425 2254
1456 1525 2351
2351 1456 1525
1525 1456 2351
1756 1314 1615
1615 1314 1756
1314 1615 1756
2322 1657 2314
2314 1657 2322
1657 2314 2322
2362 1132 1343
1343 1132 2362
1132 1343 2362
974 2364 2978
2364 974 2978
2978 974 2364
21 1576 1667
1667 21 1576
1576 21 1667
1749 1320 2183
1320 1749 2183
2183 1320 1749
1544 653 1822
653 1544 1822
1822 653 1544
502 1362 2563
1362 502 2563
2563 502 1362
437 917 1473
1473 437 917
917 437 1473
2435 434 2349
2349 434 2435
434 2349 2435
604 451 2688
2688 451 604
451 604 2688
2788 2180 2959
2180 2788 2959
2959 2180 2788
1585 477 1726
477 1585 1726
1726 477 1585
362 1253 1890
1253 362 1890
1890 362 1253
640 498 1410
498 640 1410
1410 498 640
2898 818 2702
818 2702 2898
2702 818 2898
2621 8 1462
1462 8 2621
8 1462 2621
2211 1300 2867
1300 2211 2867
2867 1300 2211
203 375 1989
1989 203 375
375 203 1989
1606 528 611
611 528 1606
528 611 1606
2417 881 1710
881 1710 2417
1710 881 2417
608 670 876
670 608 876
876 608 670
962 1633 2190
2190 962 1633
1633 962 2190
1607 1546 1737
1546 1607 1737
1737 1546 1607
2602 1082 2719
2719 1082 2602
1082 2602 2719
1369 1920 2656
1920 1369 2656
2656 1369 1920
1575 1221 1644
1644 1221 1575
1221 1575 1644
1807 1260 2251
1260 1807 2251
2251 1260 1807
1271 1309 2467
1309 1271 2467
2467 1271 1309
36 825 2125
2125 36 825
825 36 2125
1774 1013 1779
1779 1013 1774
1013 1774 1779
854 1446 1768
1768 854 1446
1446 854 1768
1539 403 1594
1594 403 1539
403 1539 1594
1907 1104 1136
1104 1136 1907
1136 1104 1907
2819 2153 2401
2401 2153 2819
2153 2401 2819
997 296 2789
296 997 2789
2789 296 997
1966 660 2936
660 1966 2936
2936 660 1966
55 712 968
712 55 968
968 55 712
461 2305 2725
2725 461 2305
2305 461 2725
1934 91 805
805 91 1934
91 805 1934
677 163 1268
163 677 1268
1268 163 677
2837 897 2348
897 2348 2837
2348 897 2837
384 863 1700
1700 384 863
863 384 1700
2587 2703 2708
2703 2587 2708
2708 2587 2703
1463 680 2309
680 1463 2309
2309 680 1463
2816 1716 1831
1831 1716 2816
1716 1831 2816
1645 134 2071
2071 134 1645
134 1645 2071
2574 89 706
89 706 2574
706 89 2574
629 299 322
299 322 629
322 299 629
1529 1301 2738
2738 1301 1529
1301 1529 2738
363 2387 2946
2387 363 2946
2946 363 2387
2552 64 1954
1954 64 2552
64 1954 2552
1859 1652 2428
2428 1652 1859
1652 1859 2428
78 1810 2379
2379 78 1810
1810 78 2379
2234 352 2114
2114 352 2234
352 2114 2234
1405 395 2397
395 1405 2397
2397 395 1405
553 225 983
983 225 553
225 553 983
1711 582 1878
1878 582 1711
582 1711 1878
2777 631 2303
631 2303 2777
2303 631 2777
2342 980 1316
980 1316 2342
1316 980 2342
720 1191 2065
1191 720 2065
2065 720 1191
519 790 1665
1665 519 790
790 519 1665
2133 1547 2996
2996 1547 2133
1547 2133 2996
2513 743 1679
1679 743 2513
743 1679 2513
1677 1025 1758
1025 1677 1758
1758 1025 1677
481 484 2059
484 481 2059
2059 481 484
952 433 2241
2241 433 952
433 952 2241
2313 2479 2504
2479 2313 2504
2504 2313 2479
1800 2252 2395
2252 1800 2395
2395 1800 2252
1476 605 2769
605 1476 2769
2769 605 1476
495 1742 2485
1742 495 2485
2485 495 1742
1839 1521 1669
1669 1521 1839
1521 1669 1839
1688 106 1528
1528 106 1688
106 1528 1688
2921 809 2178
2178 809 2921
809 2178 2921
530 273 1144
273 530 1144
1144 273 530
275 49 1194
1194 49 275
49 275 1194
1112 452 1344
452 1112 1344
1344 452 1112
1029 298 2057
298 1029 2057
2057 298 1029
1751 1041 2735
1041 1751 2735
2735 1041 1751
1474 1326 1565
1326 1474 1565
1565 1326 1474
2567 349 2099
2099 349 2567
349 2099 2567
1784 2235 2356
2235 1784 2356
2356 1784 2235
2603 204 2255
204 2255 2603
2255 204 2603
280 187 2781
2781 187 280
187 280 2781
985 1333 2394
1333 985 2394
2394 985 1333
2639 506 1417
506 1417 2639
1417 506 2639
2949 174 1951
174 1951 2949
1951 174 2949
330 2016 2206
2016 330 2206
2206 330 2016
2752 153 1757
1757 153 2752
153 1757 2752
1074 899 1868
899 1074 1868
1868 899 1074
2514 585 802
802 585 2514
585 802 2514
2408 453 601
601 453 2408
453 601 2408
661 61 2744
2744 61 661
61 661 2744
72 216 2285
216 72 2285
2285 72 216
2720 1471 2549
2549 1471 2720
1471 2549 2720
2174 2792 2932
2792 2174 2932
2932 2174 2792
2947 1119 1970
1119 1970 2947
1970 1119 2947
551 1199 2074
1199 551 2074
2074 551 1199
2459 209 2229
2229 209 2459
209 2229 2459
1093 879 1678
879 1093 1678
1678 879 1093
1066 248 2460
248 1066 2460
2460 248 1066
568 1305 2018
1305 568 2018
2018 568 1305
1381 423 1719
423 1381 1719
1719 423 1381
990 39 1427
1427 39 990
39 990 1427
1105 1995 2754
1995 1105 2754
2754 1105 1995
923 98 2078
2078 98 923
98 923 2078
632 2317 2851
2317 632 2851
2851 632 2317
2194 35 2007
35 2007 2194
2007 35 2194
1577 1892 2367
2367 1577 1892
1892 1577 2367
2917 1930 2649
2649 1930 2917
1930 2649 2917
2382 70 1535
70 1535 2382
1535 70 2382
447 1040 2976
1040 447 2976
2976 447 1040
2468 542 1560
1560 542 2468
542 1560 2468
1022 797 2509
797 1022 2509
2509 797 1022
269 261 2825
2825 261 269
261 269 2825
643 170 1940
1940 170 643
170 643 1940
1120 132 440
132 440 1120
440 132 1120
1794 600 2968
2968 600 1794
600 1794 2968
195 108 2764
108 195 2764
2764 108 195
1388 2419 2712
2712 1388 2419
2419 1388 2712
2335 2679 2972
2679 2335 2972
2972 2335 2679
1186 1824 2588
2588 1186 1824
1824 1186 2588
2633 1353 2680
2680 1353 2633
1353 2633 2680
1254 967 2104
2104 967 1254
967 1254 2104
2002 1706 2155
2155 1706 2002
1706 2002 2155
2365 999 1625
999 1625 2365
1625 999 2365
1457 1491 2388
2388 1457 1491
1491 1457 2388
1153 294 1139
1139 294 1153
294 1139 1153
1319 473 648
648 473 1319
473 648 1319
973 2044 2953
2044 973 2953
2953 973 2044
1692 573 1328
1328 573 1692
573 1328 1692
1441 1135 2844
1135 1441 2844
2844 1135 1441
2689 428 1837
428 1837 2689
1837 428 2689
1181 1695 1889
1695 1181 1889
1889 1181 1695
1275 800 2177
2177 800 1275
800 1275 2177
1909 1374 1777
1777 1374 1909
1374 1777 1909
291 526 835
526 291 835
835 291 526
1992 179 804
179 804 1992
804 179 1992
2089 1334 2028
1334 2028 2089
2028 1334 2089
1816 1712 2037
2037 1712 1816
1712 1816 2037
1953 711 2243
2243 711 1953
711 1953 2243
420 533 1489
533 420 1489
1489 420 533
761 311 1550
311 761 1550
1550 311 761
710 926 1285
1285 710 926
926 710 1285
148 1747 2173
1747 148 2173
2173 148 1747
2665 622 2454
2454 622 2665
622 2454 2665
265 1277 1880
1277 265 1880
1880 265 1277
1965 102 2215
2215 102 1965
102 1965 2215
745 844 2791
2791 745 844
844 745 2791
1960 913 981
981 913 1960
913 981 1960
2892 222 2542
222 2542 2892
2542 222 2892
308 525 2560
525 308 2560
2560 308 525
1289 1451 2900
1451 1289 2900
2900 1289 1451
656 2208 2613
2208 656 2613
2613 656 2208
686 1163 2024
2024 686 1163
1163 686 2024
190 788 2031
2031 190 788
788 190 2031
56 1164 1957
1164 56 1957
1957 56 1164
1622 1047 1452
1452 1047 1622
1047 1452 1622
1912 726 2638
726 1912 2638
2638 726 1912
734 1639 2312
1639 734 2312
2312 734 1639
1298 2263 2814
2814 1298 2263
2263 1298 2814
327 24 409
409 24 327
24 327 409
2767 592 1621
592 1621 2767
1621 592 2767
2758 755 1501
755 1501 2758
1501 755 2758
244 905 975
975 244 905
905 244 975
1741 707 2363
2363 707 1741
707 1741 2363
1690 1610 2040
1610 1690 2040
2040 1610 1690
2827 490 1642
1642 490 2827
490 1642 2827
1108 1432 1990
1990 1108 1432
1432 1108 1990
1296 200 2535
200 1296 2535
2535 200 1296
760 393 823
393 760 823
823 393 760
272 1067 1168
1168 272 1067
1067 272 1168
1014 1224 1342
1224 1014 1342
1342 1014 1224
1050 351 1335
351 1050 1335
1335 351 1050
994 152 501
501 152 994
152 501 994
998 319 1942
1942 319 998
319 998 1942
2377 959 1418
1418 959 2377
959 1418 2377
2915 353 2370
353 2370 2915
2370 353 2915
1542 873 1272
1272 873 1542
873 1272 1542
16 944 2360
2360 16 944
944 16 2360
2737 34 111
34 111 2737
111 34 2737
1485 488 567
488 567 1485
567 488 1485
2539 1479 1612
1479 1612 2539
1612 1479 2539
1088 1661 2296
1661 1088 2296
2296 1088 1661
1146 306 1363
306 1146 1363
1363 306 1146
487 1391 2116
1391 487 2116
2116 487 1391
1708 1968 2698
1968 1708 2698
2698 1708 1968
2132 1303 2473
1303 2132 2473
2473 1303 2132
245 2384 2884
2884 245 2384
2384 245 2884
2128 957 1431
1431 957 2128
957 1431 2128
988 1579 2554
2554 988 1579
1579 988 2554
1588 1587 2067
1587 1588 2067
2067 1587 1588
2896 1582 2218
1582 2218 2896
2218 1582 2896
1941 621 1776
1776 621 1941
621 1776 1941
1917 614 1315
614 1315 1917
1315 614 1917
759 1543 2528
2528 759 1543
1543 759 2528
442 569 596
569 442 596
596 442 569
2861 1123 1212
1123 1212 2861
1212 1123 2861
2691 1204 2732
1204 2691 2732
2732 1204 2691
2869 167 1870
167 1870 2869
1870 167 2869
2505 443 1090
443 1090 2505
1090 443 2505
2580 856 2870
856 2580 2870
2870 856 2580
2391 1423 2192
1423 2192 2391
2192 1423 2391
1138 772 1735
772 1138 1735
1735 772 1138
1874 1486 2577
2577 1486 1874
1486 1874 2577
1448 1730 2829
2829 1448 1730
1730 1448 2829
2659 1287 2281
2281 1287 2659
1287 2281 2659
71 1166 2277
1166 71 2277
2277 71 1166
2404 160 1884
1884 160 2404
160 1884 2404
1589 1852 2715
1852 1589 2715
2715 1589 1852
474 1921 2768
2768 474 1921
1921 474 2768
1668 2244 2823
2244 1668 2823
2823 1668 2244
2280 1184 1526
1526 1184 2280
1184 1526 2280
1635 1899 2787
2787 1635 1899
1899 1635 2787
178 822 1228
1228 178 822
822 178 1228
2674 2219 2462
2462 2219 2674
2219 2462 2674
500 861 2424
861 500 2424
2424 500 861
1436 175 1049
175 1049 1436
1049 175 1436
1801 1346 1659
1659 1346 1801
1346 1659 1801
116 1698 1872
1698 116 1872
1872 116 1698
2273 1019 2852
1019 2273 2852
2852 1019 2273
2757 1586 2020
1586 2020 2757
2020 1586 2757
1262 2144 2721
2721 1262 2144
2144 1262 2721
2913 401 2741
401 2741 2913
2741 401 2913
2427 230 309
309 230 2427
230 309 2427
2453 826 1592
1592 826 2453
826 1592 2453
2940 237 2630
237 2630 2940
2630 237 2940
911 1445 1608
1608 911 1445
1445 911 1608
419 703 2169
2169 419 703
703 419 2169
365 717 1616
1616 365 717
717 365 1616
2139 1540 1674
1674 1540 2139
1540 1674 2139
839 2167 2494
2167 839 2494
2494 839 2167
1426 1323 1591
1323 1426 1591
1591 1323 1426
2216 1980 2005
1980 2005 2216
2005 1980 2216
2366 52 1174
52 1174 2366
1174 52 2366
2776 26 1046
26 1046 2776
1046 26 2776
2015 652 1482
1482 652 2015
652 1482 2015
2027 1246 2647
2647 1246 2027
1246 2027 2647
2927 101 2731
101 2731 2927
2731 101 2927
637 37 689
37 637 689
689 37 637
2058 1935 2508
2508 1935 2058
1935 2058 2508
1459 691 1977
1977 691 1459
691 1459 1977
1636 1926 2323
2323 1636 1926
1926 1636 2323
1202 546 933
933 546 1202
546 933 1202
685 550 1746
1746 550 685
550 685 1746
603 418 1681
418 603 1681
1681 418 603
2875 597 1809
597 1809 2875
1809 597 2875
1820 2655 2761
2655 1820 2761
2761 1820 2655
832 674 2402
674 832 2402
2402 674 832
1378 232 2756
2756 232 1378
232 1378 2756
2160 619 1903
1903 619 2160
619 1903 2160
560 136 1292
1292 136 560
136 560 1292
1076 704 1908
1908 704 1076
704 1076 1908
1923 1308 2341
2341 1308 1923
1308 1923 2341
536 426 2804
426 536 2804
2804 426 536
260 523 901
523 260 901
901 260 523
1267 1051 2369
1051 1267 2369
2369 1051 1267
1936 1114 1836
1836 1114 1936
1114 1836 1936
105 1460 1658
1658 105 1460
1460 105 1658
2914 1566 2102
1566 2102 2914
2102 1566 2914
373 963 2762
2762 373 963
963 373 2762
2198 303 1715
303 1715 2198
1715 303 2198
1072 1172 1975
1975 1072 1172
1172 1072 1975
2076 1232 2866
1232 2076 2866
2866 1232 2076
885 1886 2557
1886 885 2557
2557 885 1886
1571 493 2782
2782 493 1571
493 1571 2782
2077 1705 2162
1705 2077 2162
2162 1705 2077
211 785 2681
785 211 2681
2681 211 785
2389 405 2657
2657 405 2389
405 2389 2657
831 1570 1580
1570 831 1580
1580 831 1570
1508 485 852
852 485 1508
485 852 1508
2628 562 2599
2599 562 2628
562 2599 2628
524 845 2798
845 524 2798
2798 524 845
2806 770 1158
1158 770 2806
770 1158 2806
2904 2482 2648
2648 2482 2904
2482 2648 2904
29 404 436
436 29 404
404 29 436
1400 2376 2709
2376 1400 2709
2709 1400 2376
2666 76 1080
1080 76 2666
76 1080 2666
2257 1997 2579
1997 2257 2579
2579 1997 2257
665 1354 2418
1354 665 2418
2418 665 1354
450 1803 2790
1803 450 2790
2790 450 1803
197 1219 2863
2863 197 1219
1219 197 2863
264 333 2705
2705 264 333
333 264 2705
2414 2538 2728
2728 2414 2538
2538 2414 2728
421 382 527
527 382 421
382 421 527
714 718 1684
718 714 1684
1684 714 718
518 509 1266
1266 509 518
509 518 1266
2608 3 1731
1731 3 2608
3 1731 2608
1393 1972 2891
2891 1393 1972
1972 1393 2891
14 1109 1651
1651 14 1109
1109 14 1651
241 2478 2985
2478 241 2985
2985 241 2478
848 1170 2411
2411 848 1170
1170 848 2411
669 2105 2987
2987 669 2105
2105 669 2987
326 1905 2390
1905 326 2390
2390 326 1905
1106 1790 1851
1790 1106 1851
1851 1106 1790
1053 912 1902
912 1053 1902
1902 912 1053
22 1147 1664
1664 22 1147
1147 22 1664
2616 1087 2423
2423 1087 2616
1087 2423 2616
904 2187 2847
2847 904 2187
2187 904 2847
86 1509 2256
1509 86 2256
2256 86 1509
2919 888 2654
888 2654 2919
2654 888 2919
2041 184 1891
1891 184 2041
184 1891 2041
2081 1994 2396
1994 2081 2396
2396 1994 2081
2748 1791 2373
1791 2373 2748
2373 1791 2748
2771 315 2228
2228 315 2771
315 2228 2771
989 173 2112
173 989 2112
2112 173 989
2550 937 2291
937 2291 2550
2291 937 2550
1122 1283 2090
2090 1122 1283
1283 1122 2090
1702 234 2763
2763 234 1702
234 1702 2763
340 355 1341
1341 340 355
355 340 1341
1845 625 2525
2525 625 1845
625 1845 2525
205 970 2911
2911 205 970
970 205 2911
1506 1351 2644
2644 1351 1506
1351 1506 2644
1160 1495 1773
1773 1160 1495
1495 1160 1773
463 1023 1270
1023 463 1270
1270 463 1023
1281 79 2805
79 1281 2805
2805 79 1281
2168 147 182
147 182 2168
182 147 2168
2989 479 1693
479 1693 2989
1693 479 2989
1071 412 1384
412 1071 1384
1384 412 1071
615 1032 2013
2013 615 1032
1032 615 2013
1991 715 1771
1771 715 1991
715 1771 1991
1493 2212 2971
2212 1493 2971
2971 1493 2212
1450 1887 2269
1887 1450 2269
2269 1450 1887
2088 218 2922
2922 218 2088
218 2088 2922
1802 143 1052
1052 143 1802
143 1052 1802
1627 364 709
364 709 1627
709 364 1627
1634 744 1985
744 1634 1985
1985 744 1634
2533 694 2054
2054 694 2533
694 2054 2533
13 483 1182
1182 13 483
483 13 1182
336 1294 1619
1294 336 1619
1619 336 1294
1392 624 1483
1483 624 1392
624 1392 1483
1203 65 908
65 908 1203
908 65 1203
520 367 1817
367 520 1817
1817 367 520
139 88 1192
88 139 1192
1192 88 139
2464 1033 2699
1033 2464 2699
2699 1033 2464
630 2154 2450
2450 630 2154
2154 630 2450
1004 113 1813
1813 113 1004
113 1004 1813
2246 1398 1680
1680 1398 2246
1398 1680 2246
1038 1499 1694
1694 1038 1499
1499 1038 1694
19 1358 1568
1568 19 1358
1358 19 1568
2877 149 2249
2249 149 2877
149 2249 2877
2683 795 1873
1873 795 2683
795 1873 2683
2093 690 1894
690 1894 2093
1894 690 2093
1007 827 1497
827 1007 1497
1497 827 1007
2433 1141 1761
1141 1761 2433
1761 1141 2433
1020 285 1996
285 1020 1996
1996 285 1020
2564 1065 2928
1065 2564 2928
2928 1065 2564
853 1234 1382
1382 853 1234
1234 853 1382
2146 1125 2491
1125 2146 2491
2491 1125 2146
2785 284 1913
1913 284 2785
284 1913 2785
548 2604 2786
2786 548 2604
2604 548 2786
1945 297 1403
1403 297 1945
297 1403 1945
371 754 2521
754 371 2521
2521 371 754
1348 1632 2974
2974 1348 1632
1632 1348 2974
1190 142 2455
2455 142 1190
142 1190 2455
1218 922 995
995 922 1218
922 995 1218
2668 360 390
390 360 2668
360 390 2668
2017 1762 2925
1762 2017 2925
2925 1762 2017
162 2084 2881
2881 162 2084
2084 162 2881
769 531 1815
1815 531 769
531 769 1815
235 250 1060
1060 235 250
250 235 1060
1745 1454 1628
1454 1628 1745
1628 1454 1745
1864 1458 2661
1458 1864 2661
2661 1458 1864
1455 940 1882
940 1455 1882
1882 940 1455
2337 2700 2742
2742 2337 2700
2700 2337 2742
438 1978 2068
2068 438 1978
1978 438 2068
2006 1274 2113
2113 1274 2006
1274 2006 2113
2171 5 1236
5 1236 2171
1236 5 2171
151 698 2197
698 151 2197
2197 151 698
738 1443 2471
2471 738 1443
1443 738 2471
376 44 1365
1365 44 376
44 376 1365
1092 2242 2262
2242 1092 2262
2262 1092 2242
2209 1394 2380
1394 2209 2380
2380 1394 2209
1707 1964 2687
1964 1707 2687
2687 1707 1964
2572 789 2948
789 2572 2948
2948 789 2572
1345 1685 2840
2840 1345 1685
1685 1345 2840
1015 816 2824
816 1015 2824
2824 816 1015
2711 731 894
894 731 2711
731 894 2711
587 255 898
898 255 587
255 587 898
2353 398 1176
1176 398 2353
398 1176 2353
2673 46 2799
46 2673 2799
2799 46 2673
1932 2733 2975
2733 1932 2975
2975 1932 2733
504 1205 2446
1205 504 2446
2446 504 1205
2707 246 1727
1727 246 2707
246 1727 2707
1137 480 2170
2170 480 1137
480 1137 2170
927 328 2158
328 927 2158
2158 328 927
290 2004 2890
2890 290 2004
2004 290 2890
2593 1752 2438
2438 1752 2593
1752 2438 2593
2361 300 1245
1245 300 2361
300 1245 2361
379 92 1596
92 379 1596
1596 92 379
268 1860 2214
1860 268 2214
2214 268 1860
1401 68 1828
68 1401 1828
1828 68 1401
2826 634 2188
634 2188 2826
2188 634 2826
2326 60 2906
60 2326 2906
2906 60 2326
723 350 1356
1356 350 723
350 723 1356
2268 700 836
836 700 2268
700 836 2268
1602 339 540
339 540 1602
540 339 1602
817 1302 2592
1302 817 2592
2592 817 1302
815 159 251
251 159 815
159 251 815
354 1237 2339
2339 354 1237
1237 354 2339
2634 907 1379
907 1379 2634
1379 907 2634
2275 792 1830
1830 792 2275
792 1830 2275
1002 1145 2684
2684 1002 1145
1145 1002 2684
1549 2502 2624
2502 1549 2624
2624 1549 2502
1723 1286 2230
2230 1286 1723
1286 1723 2230
2853 1231 2470
1231 2470 2853
2470 1231 2853
2931 543 2056
543 2056 2931
2056 543 2931
1876 18 1201
1201 18 1876
18 1201 1876
1551 1069 2201
1069 1551 2201
2201 1069 1551
196 636 721
721 196 636
636 196 721
806 1012 1355
1012 806 1355
1355 806 1012
1111 48 724
48 724 1111
724 48 1111
307 954 2378
954 307 2378
2378 307 954
1380 1900 2969
2969 1380 1900
1900 1380 2969
2821 45 2327
45 2327 2821
2327 45 2821
1787 242 287
287 242 1787
242 287 1787
2997 1367 2516
2516 1367 2997
1367 2516 2997
2999 1116 2523
2523 1116 2999
1116 2523 2999
2399 1600 1650
1650 1600 2399
1600 1650 2399
902 1444 2425
1444 902 2425
2425 902 1444
692 107 2289
107 692 2289
2289 107 692
2620 2372 2445
2445 2372 2620
2372 2445 2620
1299 649 903
903 649 1299
649 903 1299
2400 1042 1157
1157 1042 2400
1042 1157 2400
1449 150 618
618 150 1449
150 618 1449
276 372 2490
372 276 2490
2490 276 372
589 1282 1738
1282 589 1738
1738 589 1282
2749 906 2265
2265 906 2749
906 2265 2749
131 821 2958
2958 131 821
821 131 2958
1222 1036 1786
1786 1036 1222
1036 1222 1786
2820 1242 2833
2833 1242 2820
1242 2820 2833
1215 54 2531
54 1215 2531
2531 54 1215
87 1085 2497
1085 87 2497
2497 87 1085
2812 1406 2636
1406 2636 2812
2636 1406 2812
2991 890 1220
1220 890 2991
890 1220 2991
1611 2202 2274
2274 1611 2202
2202 1611 2274
2038 837 2278
2278 837 2038
837 2038 2278
588 517 2860
2860 517 588
517 588 2860
2529 316 607
607 316 2529
316 607 2529
824 236 859
236 824 859
859 236 824
2955 951 1781
951 1781 2955
1781 951 2955
866 672 2629
672 866 2629
2629 672 866
2571 929 1849
929 1849 2571
1849 929 2571
2740 924 2070
2070 924 2740
924 2070 2740
928 356 1988
356 928 1988
1988 356 928
3000 161 389
389 161 3000
161 389 3000
1823 408 2062
408 1823 2062
2062 408 1823
727 1962 2086
1962 727 2086
2086 727 1962
1583 2430 2625
2625 1583 2430
2430 1583 2625
2685 258 2626
2626 258 2685
258 2626 2685
1208 345 1522
345 1208 1522
1522 345 1208
1056 889 2729
889 1056 2729
2729 889 1056
1034 2118 2858
2858 1034 2118
2118 1034 2858
460 208 2570
208 460 2570
2570 208 460
2775 566 2506
2506 566 2775
566 2506 2775
2910 1098 2660
2660 1098 2910
1098 2660 2910
224 571 2652
571 224 2652
2652 224 571
2270 2503 2817
2817 2270 2503
2503 2270 2817
1792 465 1284
465 1284 1792
1284 465 1792
2110 555 1959
555 1959 2110
1959 555 2110
2642 595 2045
2045 595 2642
595 2045 2642
1537 1089 1993
1089 1537 1993
1993 1089 1537
289 684 2026
2026 289 684
684 289 2026
430 986 1227
986 430 1227
1227 430 986
2001 2368 2463
2368 2001 2463
2463 2001 2368
1950 1973 2945
2945 1950 1973
1973 1950 2945
1037 1750 1865
1750 1037 1865
1865 1037 1750
304 794 1187
794 304 1187
1187 304 794
2534 1064 2075
1064 2075 2534
2075 1064 2534
554 497 2136
2136 497 554
497 554 2136
2594 1075 2714
2714 1075 2594
1075 2594 2714
1435 2261 2995
2995 1435 2261
2261 1435 2995
1713 2375 2859
2859 1713 2375
2375 1713 2859
2410 1162 2512
1162 2410 2512
2512 1162 2410
2663 1590 2276
1590 2276 2663
2276 1590 2663
667 448 2283
448 667 2283
2283 448 667
877 2596 2612
2612 877 2596
2596 877 2612
2865 534 2780
2780 534 2865
534 2780 2865
1395 1252 1703
1703 1252 1395
1252 1395 1703
231 1339 1718
1718 231 1339
1339 231 1718
2686 383 467
383 467 2686
467 383 2686
2385 820 2813
820 2385 2813
2813 820 2385
458 129 1554
1554 129 458
129 458 1554
782 763 2637
763 782 2637
2637 763 782
2407 813 1846
1846 813 2407
813 1846 2407
1709 1826 2456
1826 1709 2456
2456 1709 1826
329 145 1767
145 329 1767
1767 145 329
1480 1293 1604
1293 1480 1604
1604 1293 1480
1618 1765 2371
1765 1618 2371
2371 1618 1765
532 958 1389
958 532 1389
1389 532 958
1911 454 2259
2259 454 1911
454 1911 2259
1524 1599 2308
2308 1524 1599
1599 1524 2308
2451 155 633
633 155 2451
155 633 2451
2527 868 1672
868 1672 2527
1672 868 2527
2766 1484 2095
1484 2095 2766
2095 1484 2766
1438 1656 2965
2965 1438 1656
1656 1438 2965
1402 808 1648
1648 808 1402
808 1402 1648
2671 1331 2543
1331 2543 2671
2543 1331 2671
1055 1073 2149
1073 1055 2149
2149 1055 1073
2290 2442 2581
2581 2290 2442
2442 2290 2581
639 1408 2432
2432 639 1408
1408 639 2432
2025 2635 2808
2808 2025 2635
2635 2025 2808
1247 2745 2801
2745 1247 2801
2801 1247 2745
2619 793 2143
793 2143 2619
2143 793 2619
725 1255 2886
2886 725 1255
1255 725 2886
1704 591 1858
591 1704 1858
1858 591 1704
82 99 840
840 82 99
99 82 840
100 85 1100
1100 85 100
85 100 1100
2092 422 1079
422 1079 2092
1079 422 2092
1689 2449 2617
2449 1689 2617
2617 1689 2449
1949 1982 2034
1982 1949 2034
2034 1949 1982
469 830 2316
2316 469 830
830 469 2316
240 194 847
847 194 240
194 240 847
1500 1490 2583
1490 1500 2583
2583 1490 1500
1434 17 2614
2614 17 1434
17 1434 2614
1821 386 2848
386 1821 2848
2848 386 1821
2126 572 979
572 979 2126
979 572 2126
507 466 2507
466 507 2507
2507 466 507
2632 414 2461
2461 414 2632
414 2461 2632
1387 1906 2998
1906 1387 2998
2998 1387 1906
94 90 2142
90 94 2142
2142 90 94
1442 117 1534
117 1442 1534
1534 117 1442
2876 1018 1044
1018 1044 2876
1044 1018 2876
1671 496 2182
2182 496 1671
496 1671 2182
1523 40 2988
2988 40 1523
40 1523 2988
1841 1553 1979
1979 1553 1841
1553 1841 1979
2383 165 862
862 165 2383
165 862 2383
492 556 2032
2032 492 556
556 492 2032
2022 1207 2966
2966 1207 2022
1207 2022 2966
579 833 946
946 579 833
833 579 946
559 1171 1785
1785 559 1171
1171 559 1785
2879 1279 1931
1279 1931 2879
1931 1279 2879
411 1601 1630
1601 411 1630
1630 411 1601
141 561 1696
1696 141 561
561 141 1696
2072 812 1370
812 1370 2072
1370 812 2072
2597 860 2115
860 2115 2597
2115 860 2597
578 675 1510
675 578 1510
1510 578 675
2901 598 2008
2008 598 2901
598 2008 2901
1330 1256 2489
1256 1330 2489
2489 1256 1330
302 2036 2301
2301 302 2036
2036 302 2301
2770 535 2589
2589 535 2770
535 2589 2770
719 915 2151
2151 719 915
915 719 2151
1853 123 2458
123 1853 2458
2458 123 1853
1653 508 2085
2085 508 1653
508 1653 2085
976 1352 2082
1352 976 2082
2082 976 1352
2488 514 2381
2381 514 2488
514 2381 2488
183 627 1179
1179 183 627
627 183 1179
787 11 2973
11 787 2973
2973 11 787
776 2061 2544
2061 776 2544
2544 776 2061
1494 1058 2618
2618 1058 1494
1058 1494 2618
1128 104 2103
2103 104 1128
104 1128 2103
1496 657 2248
2248 657 1496
657 1496 2248
2961 1121 2591
2591 1121 2961
1121 2591 2961
2319 2392 2723
2392 2319 2723
2723 2319 2392
2595 259 2320
259 2320 2595
2320 259 2595
1701 444 1598
1598 444 1701
444 1598 1701
1697 1214 2857
1214 1697 2857
2857 1214 1697
166 799 1397
1397 166 799
799 166 1397
780 1151 2420
2420 780 1151
1151 780 2420
9 74 2631
2631 9 74
74 9 2631
1197 1124 1371
1124 1197 1371
1371 1124 1197
702 1516 1578
1578 702 1516
1516 702 1578
1939 774 2693
774 1939 2693
2693 774 1939
728 695 1211
695 728 1211
1211 695 728
1641 192 2569
192 1641 2569
2569 192 1641
2431 207 489
489 207 2431
207 489 2431
2830 681 2021
2021 681 2830
681 2021 2830
887 1673 2279
1673 887 2279
2279 887 1673
748 343 2727
343 748 2727
2727 343 748
286 896 1850
896 286 1850
1850 286 896
1867 1377 1569
1569 1377 1867
1377 1569 1867
1127 742 2147
742 1127 2147
2147 742 1127
2566 1475 2297
1475 2297 2566
2297 1475 2566
1244 2562 2873
2873 1244 2562
2562 1244 2873
1514 1273 2519
1273 1514 2519
2519 1273 1514
1383 202 431
431 202 1383
202 431 1383
1840 730 2233
730 1840 2233
2233 730 1840
1 1249 2227
2227 1 1249
1249 1 2227
338 1291 2872
1291 338 2872
2872 338 1291
2846 59 1189
59 1189 2846
1189 59 2846
4 829 1464
829 4 1464
1464 4 829
217 394 2134
394 217 2134
2134 217 394
334 385 1938
1938 334 385
385 334 1938
1770 262 609
609 262 1770
262 609 1770
2667 1083 2537
2537 1083 2667
1083 2537 2667
1725 2207 2952
2952 1725 2207
2207 1725 2952
2299 610 1259
1259 610 2299
610 1259 2299
1178 736 1682
1682 736 1178
736 1178 1682
369 1769 2778
2778 369 1769
1769 369 2778
1084 2108 2510
2510 1084 2108
2108 1084 2510
932 870 1297
1297 870 932
870 932 1297
221 1655 2676
1655 221 2676
2676 221 1655
2324 1054 1504
1504 1054 2324
1054 1504 2324
1414 2159 2258
2258 1414 2159
2159 1414 2258
2530 15 1472
15 1472 2530
1472 15 2530
2050 955 2601
955 2050 2601
2601 955 2050
2695 2472 2981
2472 2695 2981
2981 2472 2695
456 413 1415
1415 413 456
413 456 1415
2495 1322 2794
1322 2495 2794
2794 1322 2495
2849 97 638
638 97 2849
97 638 2849
2447 949 1350
949 1350 2447
1350 949 2447
628 512 2871
512 628 2871
2871 512 628
1976 1011 2755
1011 1976 2755
2755 1011 1976
1324 875 2481
875 1324 2481
2481 875 1324
2213 1724 1998
1724 1998 2213
1998 1724 2213
472 1999 2797
2797 472 1999
1999 472 2797
1520 586 2426
2426 586 1520
586 1520 2426
2048 2302 2916
2916 2048 2302
2302 2048 2916
1829 547 663
663 547 1829
547 663 1829
811 361 2436
361 811 2436
2436 361 811
2422 984 1340
1340 984 2422
984 1340 2422
2157 1470 2343
2343 1470 2157
1470 2157 2343
1581 391 1131
391 1131 1581
1131 391 1581
2584 1063 2080
2080 1063 2584
1063 2080 2584
539 63 2403
2403 63 539
63 539 2403
1001 2191 2822
2822 1001 2191
2191 1001 2822
2832 1102 1916
1916 1102 2832
1102 1916 2832
239 227 2815
2815 227 239
227 239 2815
865 1818 2622
1818 865 2622
2622 865 1818
1021 1422 1854
1422 1021 1854
1854 1021 1422
883 6 1306
6 883 1306
1306 6 883
1027 482 1238
1238 482 1027
482 1027 1238
557 676 864
864 557 676
676 557 864
75 171 1126
1126 75 171
171 75 1126
1623 84 650
650 84 1623
84 650 1623
2907 445 2101
2101 445 2907
445 2101 2907
834 884 1871
1871 834 884
884 834 1871
42 1175 2923
1175 42 2923
2923 42 1175
30 855 2331
2331 30 855
855 30 2331
570 177 1687
1687 177 570
177 570 1687
226 415 2231
2231 226 415
415 226 2231
51 880 2692
2692 51 880
880 51 2692
2107 2019 2271
2271 2019 2107
2019 2107 2271
1059 120 1812
1812 120 1059
120 1059 1812
2889 749 2293
749 2293 2889
2293 749 2889
1026 1531 2983
2983 1026 1531
1531 1026 2983
2340 188 2250
188 2250 2340
2250 188 2340
1915 1185 2298
1185 1915 2298
2298 1185 1915
2982 891 1165
1165 891 2982
891 1165 2982
2023 1614 2097
2097 1614 2023
1614 2023 2097
1519 312 2500
2500 312 1519
312 1519 2500
377 1230 2496
1230 377 2496
2496 377 1230
2307 510 1130
510 1130 2307
1130 510 2307
2646 2055 2576
2055 2576 2646
2576 2055 2646
1129 1361 1663
1361 1129 1663
1663 1129 1361
1390 1530 2553
2553 1390 1530
1530 1390 2553
2345 128 2483
128 2345 2483
2483 128 2345
2374 796 2294
796 2294 2374
2294 796 2374
2888 494 1928
1928 494 2888
494 1928 2888
2165 1461 2558
2558 1461 2165
1461 2165 2558
1624 126 2120
2120 126 1624
126 1624 2120
2186 301 2941
301 2186 2941
2941 301 2186
2645 807 1045
1045 807 2645
807 1045 2645
1347 140 750
140 750 1347
750 140 1347
47 337 563
337 47 563
563 47 337
1567 1904 2887
1904 1567 2887
2887 1567 1904
1288 1748 2573
1748 1288 2573
2573 1288 1748
878 2266 2874
2874 878 2266
2266 878 2874
2772 1290 2073
2073 1290 2772
1290 2073 2772
516 146 1631
146 516 1631
1631 146 516
1793 577 1498
1498 577 1793
577 1498 1793
1714 2030 2909
2909 1714 2030
2030 1714 2909
777 1310 2239
1310 777 2239
2239 777 1310
1248 1613 1722
1613 1248 1722
1722 1248 1613
781 121 2706
121 781 2706
2706 121 781
2357 7 1329
1329 7 2357
7 1329 2357
538 374 1149
1149 374 538
374 538 1149
2839 220 810
220 810 2839
810 220 2839
1008 83 2043
83 1008 2043
2043 83 1008
2111 256 1654
1654 256 2111
256 1654 2111
2412 938 1638
1638 938 2412
938 1638 2412
406 271 612
612 271 406
271 406 612
219 1148 1226
1148 219 1226
1226 219 1148
1532 914 2924
2924 914 1532
914 1532 2924
278 1117 2245
2245 278 1117
1117 278 2245
2098 503 936
503 936 2098
936 503 2098
616 277 666
277 616 666
666 277 616
1597 118 1407
118 1407 1597
1407 118 1597
2117 201 1505
201 1505 2117
1505 201 2117
2480 1847 2582
2582 1847 2480
1847 2480 2582
2590 2091 2783
2091 2590 2783
2783 2091 2590
1557 1760 2306
1760 1557 2306
2306 1557 1760
869 1241 2980
1241 869 2980
2980 869 1241
1030 522 2140
522 1030 2140
2140 522 1030
2651 679 2288
679 2288 2651
2288 679 2651
1893 283 1412
283 1412 1893
1412 283 1893
1963 1720 2135
2135 1720 1963
1720 1963 2135
1670 965 2793
2793 965 1670
965 1670 2793
668 267 317
267 317 668
317 267 668
623 1338 2962
2962 623 1338
1338 623 2962
1838 2678 2718
2718 1838 2678
2678 1838 2718
1666 713 732
732 713 1666
713 732 1666
2606 1487 2129
2129 1487 2606
1487 2129 2606
1811 1103 1216
1103 1216 1811
1216 1103 1811
2669 1759 2053
2053 1759 2669
1759 2053 2669
1512 1947 2967
1947 1512 2967
2967 1512 1947
814 2739 2990
2990 814 2739
2739 814 2990
400 2029 2850
2850 400 2029
2029 400 2850
1861 399 2697
2697 399 1861
399 1861 2697
2175 2195 2546
2195 2175 2546
2546 2175 2195
2610 1006 2224
2224 1006 2610
1006 2224 2610
766 779 2568
2568 766 779
779 766 2568
2172 741 1863
741 1863 2172
1863 741 2172
2970 1312 1366
1366 1312 2970
1312 1366 2970
1922 1235 2052
2052 1235 1922
1235 1922 2052
1263 1555 2220
2220 1263 1555
1555 1263 2220
2977 93 1573
1573 93 2977
93 1573 2977
971 2203 2736
2736 971 2203
2203 971 2736
2713 1766 2842
2842 1766 2713
1766 2713 2842
739 318 1563
318 739 1563
1563 318 739
1914 439 1250
439 1250 1914
1250 439 1914
1317 1133 2746
1133 1317 2746
2746 1133 1317
1421 1492 2835
2835 1421 1492
1492 1421 2835
1077 1919 1927
1919 1077 1927
1927 1077 1919
2943 659 2329
2329 659 2943
659 2329 2943
2935 678 1113
1113 678 2935
678 1113 2935
2237 857 2355
857 2237 2355
2355 857 2237
1468 252 324
252 324 1468
324 252 1468
2106 1295 2437
2437 1295 2106
1295 2106 2437
966 2300 2607
2607 966 2300
2300 966 2607
2774 565 1643
565 1643 2774
1643 565 2774
978 23 646
23 646 978
646 23 978
1156 1009 2672
2672 1009 1156
1009 1156 2672
1862 2200 2894
2200 1862 2894
2894 1862 2200
2658 77 2138
77 2138 2658
2138 77 2658
2575 2238 2240
2240 2238 2575
2238 2240 2575
2517 919 2979
919 2517 2979
2979 919 2517
1070 1983 2096
2096 1070 1983
1983 1070 2096
243 1739 2295
2295 243 1739
1739 243 2295
2150 486 2210
486 2150 2210
2210 486 2150
2882 73 2334
73 2334 2882
2334 73 2882
2448 314 783
783 314 2448
314 783 2448
462 925 1466
925 462 1466
1466 462 925
593 584 2561
584 593 2561
2561 584 593
2123 1140 2405
1140 2123 2405
2405 1140 2123
1620 1763 2409
1763 1620 2409
2409 1620 1763
687 918 1416
1416 687 918
918 687 1416
953 332 2444
2444 332 953
332 953 2444
1961 1856 2547
1856 1961 2547
2547 1856 1961
1094 193 594
594 193 1094
193 594 1094
1177 851 2831
851 1177 2831
2831 851 1177
335 662 1003
1003 335 662
662 335 1003
2905 941 1855
1855 941 2905
941 1855 2905
1721 1556 2753
1556 1721 2753
2753 1556 1721
2585 388 2811
2811 388 2585
388 2585 2811
1541 449 2963
449 1541 2963
2963 449 1541
1437 137 552
137 552 1437
552 137 1437
2393 1789 2986
2986 1789 2393
1789 2393 2986
1948 1386 2765
1386 1948 2765
2765 1386 1948
916 1096 1958
1958 916 1096
1096 916 1958
1304 1024 1257
1257 1024 1304
1024 1257 1304
867 1806 2066
1806 867 2066
2066 867 1806
1043 1897 2747
1897 1043 2747
2747 1043 1897
2222 1515 2818
1515 2222 2818
2818 1515 2222
1743 446 2944
2944 446 1743
446 1743 2944
645 1062 2492
1062 645 2492
2492 645 1062
843 2014 2611
2014 843 2611
2611 843 2014
2416 2184 2834
2834 2184 2416
2184 2416 2834
2541 229 1357
229 1357 2541
1357 229 2541
828 1005 1799
1005 828 1799
1799 828 1005
1825 1336 2559
1336 1825 2559
2559 1336 1825
920 1910 2662
2662 920 1910
1910 920 2662
892 210 722
210 722 892
722 210 892
1952 1967 2193
1967 1952 2193
2193 1952 1967
2650 1517 1925
1517 1925 2650
1925 1517 2650
2710 180 2992
2992 180 2710
180 2710 2992
1875 849 1755
1755 849 1875
849 1755 1875
214 186 2499
2499 186 214
186 214 2499
673 1675 2751
1675 673 2751
2751 673 1675
164 1503 2087
1503 164 2087
2087 164 1503
1225 1399 1477
1399 1225 1477
1477 1225 1399
886 130 1561
130 886 1561
1561 130 886
396 1733 2434
2434 396 1733
1733 396 2434
2121 1010 1278
1010 1278 2121
1278 1010 2121
1258 1502 2856
2856 1258 1502
1502 1258 2856
2475 1536 2609
2609 1536 2475
1536 2475 2609
1744 1609 2724
1609 1744 2724
2724 1609 1744
1629 1180 1239
1239 1180 1629
1180 1239 1629
274 478 942
942 274 478
478 274 942
2344 757 1804
1804 757 2344
757 1804 2344
2600 33 541
541 33 2600
33 541 2600
1981 80 2429
2429 80 1981
80 1981 2429
910 751 2994
2994 751 910
751 910 2994
1078 798 2954
798 1078 2954
2954 798 1078
2912 1775 2131
1775 2131 2912
2131 1775 2912
1411 786 1349
1349 786 1411
786 1349 1411
1095 655 872
655 872 1095
872 655 1095
2466 1028 1662
1662 1028 2466
1028 1662 2466
67 103 2196
2196 67 103
103 67 2196
344 1243 2148
1243 344 2148
2148 344 1243
511 1368 2042
2042 511 1368
1368 511 2042
1091 693 2033
693 1091 2033
2033 693 1091
1419 1265 1511
1511 1265 1419
1265 1419 1511
1834 841 1321
1321 841 1834
841 1321 1834
223 871 1115
871 223 1115
1115 223 871
320 1558 2476
1558 320 2476
2476 320 1558
2565 1404 1783
1783 1404 2565
1404 1783 2565
2868 803 1533
803 1533 2868
1533 803 2868
427 28 1409
1409 28 427
28 427 1409
1660 58 1956
58 1660 1956
1956 58 1660
2885 1061 2675
2675 1061 2885
1061 2675 2885
1118 1206 2926
1206 1118 2926
2926 1118 1206
819 253 2350
253 819 2350
2350 253 819
2330 801 2942
2942 801 2330
801 2330 2942
2176 737 1161
1161 737 2176
737 1161 2176
838 1193 1946
1193 838 1946
1946 838 1193
1832 982 1097
1097 982 1832
982 1097 1832
682 20 708
708 20 682
20 682 708
583 765 2883
2883 583 765
765 583 2883
2141 1035 1200
1200 1035 2141
1035 1200 2141
1396 215 2855
2855 215 1396
215 1396 2855
2918 228 2217
2217 228 2918
228 2217 2918
858 767 2413
767 858 2413
2413 767 858
1691 53 2199
2199 53 1691
53 1691 2199
1000 2225 2226
2226 1000 2225
2225 1000 2226
282 189 254
254 189 282
189 254 282
1213 515 2920
515 1213 2920
2920 515 1213
2545 119 992
992 119 2545
119 992 2545
752 1364 2352
1364 752 2352
2352 752 1364
1805 96 1209
96 1209 1805
1209 96 1805
683 127 347
127 347 683
347 127 683
1269 459 1217
1217 459 1269
459 1217 1269
432 701 1481
701 432 1481
1481 432 701
2011 1210 2795
1210 2011 2795
2795 1210 2011
1332 961 1728
961 1332 1728
1728 961 1332
2690 397 1538
397 1538 2690
1538 397 2690
2232 416 2185
2185 416 2232
416 2185 2232
1559 499 2796
2796 499 1559
499 1559 2796
1325 735 893
735 893 1325
893 735 1325
1251 31 325
325 31 1251
31 325 1251
1453 279 1924
279 1453 1924
1924 279 1453
2726 2083 2469
2469 2083 2726
2083 2469 2726
1929 213 429
213 429 1929
429 213 1929
2493 626 2643
2643 626 2493
626 2493 2643
1984 191 305
191 305 1984
305 191 1984
2498 599 1574
1574 599 2498
599 1574 2498
1433 1780 2347
1780 1433 2347
2347 1433 1780
1318 934 2956
934 1318 2956
2956 934 1318
1562 380 1819
1819 380 1562
380 1562 1819
2532 1154 1428
1154 1428 2532
1428 1154 2532
124 1879 2051
2051 124 1879
1879 124 2051
1866 753 2047
753 1866 2047
2047 753 1866
110 2452 2878
2452 110 2878
2878 110 2452
57 580 2315
580 57 2315
2315 57 580
233 1376 2556
1376 233 2556
2556 233 1376
133 435 1233
435 133 1233
1233 133 435
1595 366 2854
2854 366 1595
366 1595 2854
2145 158 654
158 654 2145
654 158 2145
2734 1898 2304
1898 2304 2734
2304 1898 2734
476 2586 2807
2807 476 2586
2586 476 2807
2664 1155 1385
1385 1155 2664
1155 1385 2664
2137 775 2828
2828 775 2137
775 2137 2828
2487 1152 2704
1152 2487 2704
2704 1152 2487
2605 32 2260
32 2260 2605
2260 32 2605
2902 2063 2862
2862 2063 2902
2063 2862 2902
1683 1548 2930
1548 1683 2930
2930 1548 1683
1918 996 1311
1311 996 1918
996 1311 1918
521 1429 2520
2520 521 1429
1429 521 2520
2223 846 2440
846 2223 2440
2440 846 2223
2838 635 1986
635 1986 2838
1986 635 2838
27 1552 2779
1552 27 2779
2779 27 1552
135 2441 2578
2441 135 2578
2578 135 2441
2957 2526 2555
2555 2526 2957
2526 2555 2957
778 468 1143
1143 468 778
468 778 1143
842 358 1778
358 842 1778
1778 358 842
529 1796 2253
1796 529 2253
2253 529 1796
1447 1814 2421
1814 1447 2421
2421 1447 1814
1188 1507 1584
1507 1188 1584
1584 1188 1507
945 238 2893
238 945 2893
2893 238 945
882 2012 2810
2810 882 2012
2012 882 2810
66 424 895
424 66 895
895 66 424
313 2267 2501
2267 313 2501
2501 313 2267
2189 1772 2722
