2341 370 1483
370 1483 2341
1483 370 2341
2782 1264 1516
1516 1264 2782
1264 1516 2782
655 1302 1987
1987 655 1302
1302 655 1987
578 380 676
380 578 676
676 380 578
2293 1111 2128
1111 2128 2293
2128 1111 2293
2532 835 1631
1631 835 2532
835 1631 2532
1262 1495 2157
1495 1262 2157
2157 1262 1495
624 1767 2823
1767 624 2823
2823 624 1767
2566 413 1371
413 1371 2566
1371 413 2566
1575 863 2314
863 1575 2314
2314 863 1575
2906 58 2108
2108 58 2906
58 2108 2906
2585 131 1198
131 1198 2585
1198 131 2585
2375 758 759
758 759 2375
759 758 2375
683 2194 2822
2194 683 2822
2822 683 2194
579 1442 2021
1442 579 2021
2021 579 1442
1433 914 2647
914 1433 2647
2647 914 1433
2882 1848 1967
1848 1967 2882
1967 1848 2882
2654 45 2744
45 2654 2744
2744 45 2654
1618 1058 1293
1293 1058 1618
1058 1293 1618
1791 2187 2642
2187 1791 2642
2642 1791 2187
492 2243 2557
2243 492 2557
2557 492 2243
2288 388 869
388 869 2288
869 388 2288
2635 507 2398
2398 507 2635
507 2398 2635
1061 2598 2669
2669 1061 2598
2598 1061 2669
1356 89 1409
1409 89 1356
89 1356 1409
1098 62 2262
2262 62 1098
62 1098 2262
967 2337 2666
2666 967 2337
2337 967 2666
1711 1202 1367
1202 1367 1711
1367 1202 1711
1854 95 202
202 95 1854
95 202 1854
66 1196 1815
1196 66 1815
1815 66 1196
1960 1455 2711
1455 1960 2711
2711 1455 1960
852 2639 2853
2853 852 2639
2639 852 2853
2556 314 1656
1656 314 2556
314 1656 2556
1473 2435 2597
2435 1473 2597
2597 1473 2435
681 1443 1955
1443 681 1955
1955 681 1443
2893 517 1413
517 1413 2893
1413 517 2893
223 2039 2065
2065 223 2039
2039 223 2065
1760 1204 1654
1654 1204 1760
1204 1654 1760
2403 1227 1460
1227 1460 2403
1460 1227 2403
2073 118 244
244 118 2073
118 244 2073
2147 531 2061
2061 531 2147
531 2061 2147
1697 291 686
291 686 1697
686 291 1697
1030 135 1678
135 1030 1678
1678 135 1030
2846 1219 2979
1219 2846 2979
2979 1219 2846
1359 149 705
705 149 1359
149 705 1359
515 247 819
247 515 819
819 247 515
478 2017 2100
2017 478 2100
2100 478 2017
1537 221 2228
221 1537 2228
2228 221 1537
1408 1330 2112
2112 1330 1408
1330 1408 2112
1976 876 1249
1249 876 1976
876 1249 1976
703 1634 2978
2978 703 1634
1634 703 2978
2794 1427 2975
2975 1427 2794
1427 2794 2975
809 1916 2933
1916 809 2933
2933 809 1916
2753 470 2754
470 2753 2754
2754 470 2753
2249 1843 2895
1843 2249 2895
2895 1843 2249
631 547 1630
1630 547 631
547 631 1630
1247 60 2237
60 1247 2237
2237 60 1247
456 447 1024
447 456 1024
1024 447 456
1205 405 510
510 405 1205
405 510 1205
2248 1591 2195
1591 2195 2248
2195 1591 2248
298 1049 2167
2167 298 1049
1049 298 2167
1168 532 2419
532 1168 2419
2419 532 1168
99 846 1617
1617 99 846
846 99 1617
1340 1514 2689
2689 1340 1514
1514 1340 2689
2813 2218 2480
2218 2480 2813
2480 2218 2813
650 1112 2713
2713 650 1112
1112 650 2713
890 1389 2467
2467 890 1389
1389 890 2467
1406 825 1688
1688 825 1406
825 1406 1688
132 1081 2283
2283 132 1081
1081 132 2283
2590 172 1980
1980 172 2590
172 1980 2590
2414 583 1608
1608 583 2414
583 1608 2414
44 1794 2544
1794 44 2544
2544 44 1794
1897 634 2789
634 1897 2789
2789 634 1897
534 105 2492
105 534 2492
2492 105 534
362 2806 2991
2806 362 2991
2991 362 2806
860 1031 1341
1031 860 1341
1341 860 1031
2026 178 2554
2554 178 2026
178 2026 2554
2225 361 2494
361 2225 2494
2494 361 2225
2938 464 982
464 982 2938
982 464 2938
471 818 2079
818 471 2079
2079 471 818
1577 897 2325
897 1577 2325
2325 897 1577
2785 1064 1141
1064 1141 2785
1141 1064 2785
1900 1139 2235
1139 1900 2235
2235 1139 1900
2947 421 639
421 639 2947
639 421 2947
793 1519 1734
1519 793 1734
1734 793 1519
1176 764 2123
2123 764 1176
764 1176 2123
1971 1626 2519
1626 1971 2519
2519 1626 1971
2551 1482 2185
1482 2185 2551
2185 1482 2551
2614 497 1034
497 1034 2614
1034 497 2614
1104 822 1200
1200 822 1104
822 1104 1200
283 493 2584
493 283 2584
2584 283 493
2279 1121 1879
1879 1121 2279
1121 1879 2279
94 1393 2093
2093 94 1393
1393 94 2093
2198 715 1380
715 1380 2198
1380 715 2198
797 1320 2213
1320 797 2213
2213 797 1320
2200 112 573
573 112 2200
112 573 2200
1410 1033 1313
1313 1033 1410
1033 1313 1410
2373 1328 2561
1328 2373 2561
2561 1328 2373
1940 427 919
919 427 1940
427 919 1940
2575 1642 2196
2196 1642 2575
1642 2196 2575
1677 929 1116
929 1116 1677
1116 929 1677
253 668 2969
2969 253 668
668 253 2969
354 873 2849
873 354 2849
2849 354 873
169 724 944
724 169 944
944 169 724
266 328 2613
328 266 2613
2613 266 328
1665 707 2821
707 1665 2821
2821 707 1665
173 862 2382
862 173 2382
2382 173 862
1369 713 1600
1600 713 1369
713 1369 1600
1282 363 2739
2739 363 1282
363 1282 2739
964 646 725
725 646 964
646 725 964
481 1353 2531
1353 481 2531
2531 481 1353
2364 688 1572
688 1572 2364
1572 688 2364
2007 329 1043
329 1043 2007
1043 329 2007
2936 61 404
61 404 2936
404 61 2936
2074 1087 1952
1087 1952 2074
1952 1087 2074
1530 130 2407
130 1530 2407
2407 130 1530
2286 1022 2034
2034 1022 2286
1022 2034 2286
2797 2162 2563
2563 2162 2797
2162 2563 2797
1997 878 2119
2119 878 1997
878 1997 2119
1737 272 2145
2145 272 1737
272 1737 2145
300 1020 1105
1020 300 1105
1105 300 1020
526 2648 2727
2648 526 2727
2727 526 2648
1667 1361 2500
2500 1361 1667
1361 1667 2500
2857 100 1165
100 1165 2857
1165 100 2857
716 500 672
500 672 716
672 500 716
561 1550 1732
1550 561 1732
1732 561 1550
1463 1763 2289
1763 1463 2289
2289 1463 1763
750 1652 1881
1881 750 1652
1652 750 1881
1068 687 2291
2291 687 1068
687 1068 2291
7 615 2311
2311 7 615
615 7 2311
601 857 3000
857 601 3000
3000 601 857
1694 997 1989
1989 997 1694
997 1694 1989
1775 271 546
271 546 1775
546 271 1775
395 197 570
197 395 570
570 197 395
734 607 1746
1746 607 734
607 734 1746
1299 1271 2970
2970 1271 1299
1271 1299 2970
965 1321 1808
1321 965 1808
1808 965 1321
1701 1066 1880
1880 1066 1701
1066 1701 1880
2749 1002 1060
1060 1002 2749
1002 1060 2749
2259 2487 2653
2487 2259 2653
2653 2259 2487
1273 1182 2170
2170 1182 1273
1182 1273 2170
1874 937 1996
1996 937 1874
937 1874 1996
1045 848 909
909 848 1045
848 909 1045
2247 2177 2837
2177 2247 2837
2837 2177 2247
946 23 2731
2731 23 946
23 946 2731
1352 2460 2802
2460 1352 2802
2802 1352 2460
308 1151 2483
2483 308 1151
1151 308 2483
2071 1130 1477
1130 1477 2071
1477 1130 2071
1390 1174 2664
2664 1174 1390
1174 1390 2664
1486 21 1028
1028 21 1486
21 1028 1486
137 1674 2087
1674 137 2087
2087 137 1674
250 299 2721
299 250 2721
2721 250 299
710 19 2335
2335 19 710
19 710 2335
2378 721 2883
721 2378 2883
2883 721 2378
1548 1662 1972
1972 1548 1662
1662 1548 1972
2826 392 918
918 392 2826
392 918 2826
1938 501 773
501 773 1938
773 501 1938
1769 2152 2359
2152 1769 2359
2359 1769 2152
2421 1025 2655
1025 2421 2655
2655 1025 2421
2682 2773 2925
2925 2682 2773
2773 2682 2925
269 2182 2220
2220 269 2182
2182 269 2220
484 1787 2963
1787 484 2963
2963 484 1787
2523 772 2029
772 2029 2523
2029 772 2523
2047 928 2310
2310 928 2047
928 2047 2310
376 1969 2285
1969 376 2285
2285 376 1969
1709 580 1650
580 1650 1709
1650 580 1709
1627 836 2931
2931 836 1627
836 1627 2931
1318 1012 1088
1012 1088 1318
1088 1012 1318
2973 908 2478
908 2478 2973
2478 908 2973
1333 301 2363
301 1333 2363
2363 301 1333
2816 9 765
765 9 2816
9 765 2816
2922 191 768
191 768 2922
768 191 2922
2992 1398 2626
1398 2626 2992
2626 1398 2992
2536 2086 2997
2086 2536 2997
2997 2086 2536
798 1757 1898
1898 798 1757
1757 798 1898
1038 1872 2795
2795 1038 1872
1872 1038 2795
2040 2312 2535
2312 2040 2535
2535 2040 2312
984 737 2178
737 984 2178
2178 737 984
2064 1493 2023
1493 2023 2064
2023 1493 2064
533 1192 1257
1257 533 1192
1192 533 1257
1207 200 1949
200 1207 1949
1949 200 1207
674 611 1220
611 674 1220
1220 611 674
599 516 782
782 516 599
516 599 782
1217 2297 2612
2612 1217 2297
2297 1217 2612
2125 115 449
449 115 2125
115 449 2125
2246 371 938
938 371 2246
371 938 2246
815 569 2409
2409 569 815
569 815 2409
120 1185 1790
1790 120 1185
1185 120 1790
2476 63 1213
1213 63 2476
63 1213 2476
2861 358 1568
1568 358 2861
358 1568 2861
124 268 1014
268 124 1014
1014 124 268
2308 886 1417
1417 886 2308
886 1417 2308
1153 1073 1598
1598 1073 1153
1073 1153 1598
921 2255 2573
2255 921 2573
2573 921 2255
1008 598 1306
598 1008 1306
1306 598 1008
1546 1717 1751
1751 1546 1717
1717 1546 1751
2621 2063 2941
2063 2621 2941
2941 2063 2621
748 2324 2696
2696 748 2324
2324 748 2696
1379 2479 2672
2479 1379 2672
2672 1379 2479
2985 850 2067
2067 850 2985
850 2067 2985
488 254 1489
254 488 1489
1489 254 488
34 207 262
262 34 207
207 34 262
1036 1562 2998
1562 1036 2998
2998 1036 1562
1883 2269 2562
2562 1883 2269
2269 1883 2562
1290 2634 2845
2845 1290 2634
2634 1290 2845
2256 78 2692
2692 78 2256
78 2256 2692
591 2348 2445
2348 591 2445
2445 591 2348
2456 1915 2440
2440 1915 2456
1915 2440 2456
2244 1338 2415
2415 1338 2244
1338 2244 2415
2176 854 2662
2662 854 2176
854 2176 2662
931 17 1423
17 931 1423
1423 17 931
327 1868 2236
2236 327 1868
1868 327 2236
2477 978 1994
1994 978 2477
978 1994 2477
1685 505 2627
505 1685 2627
2627 505 1685
903 1372 1445
1445 903 1372
1372 903 1445
1800 779 2911
779 1800 2911
2911 779 1800
1070 736 1613
1613 736 1070
736 1070 1613
2306 563 879
563 879 2306
879 563 2306
1096 834 2417
834 1096 2417
2417 834 1096
1283 467 2111
2111 467 1283
467 1283 2111
1924 181 1653
181 1653 1924
1653 181 1924
123 1523 2357
2357 123 1523
1523 123 2357
1099 745 2690
2690 745 1099
745 1099 2690
1178 730 993
730 993 1178
993 730 1178
1696 349 2080
349 1696 2080
2080 349 1696
1574 1648 2444
1648 1574 2444
2444 1574 1648
1446 1753 2045
2045 1446 1753
1753 1446 2045
1944 333 2977
333 1944 2977
2977 333 1944
1547 726 1118
1118 726 1547
726 1118 1547
2180 2257 2538
2257 2180 2538
2538 2180 2257
1134 1635 2558
1635 1134 2558
2558 1134 1635
2703 1339 1934
1339 1934 2703
1934 1339 2703
1730 154 2595
2595 154 1730
154 1730 2595
2831 1999 2972
2972 1999 2831
1999 2831 2972
1733 949 2230
2230 949 1733
949 1733 2230
80 491 2771
2771 80 491
491 80 2771
912 325 2756
325 912 2756
2756 325 912
936 454 582
582 454 936
454 582 936
1612 1149 1780
1780 1149 1612
1149 1612 1780
2355 59 1661
1661 59 2355
59 1661 2355
1278 206 2870
206 1278 2870
2870 206 1278
1918 1968 2281
1968 1918 2281
2281 1918 1968
2951 1870 2989
1870 2951 2989
2989 1870 2951
1502 1091 1559
1091 1502 1559
1559 1091 1502
138 690 1322
1322 138 690
690 138 1322
2827 56 828
56 828 2827
828 56 2827
1821 54 495
495 54 1821
54 495 1821
2320 294 2368
294 2320 2368
2368 294 2320
2423 429 1781
1781 429 2423
429 1781 2423
2252 2008 2362
2008 2252 2362
2362 2008 2252
1351 855 2983
855 1351 2983
2983 855 1351
698 567 966
567 698 966
966 567 698
2497 382 2204
382 2204 2497
2204 382 2497
985 1829 2241
2241 985 1829
1829 985 2241
2171 1285 1458
1458 1285 2171
1285 1458 2171
2586 201 594
201 594 2586
594 201 2586
2926 2048 2159
2048 2159 2926
2159 2048 2926
1695 833 2485
833 1695 2485
2485 833 1695
1988 40 185
40 185 1988
185 40 1988
108 1254 1570
1254 108 1570
1570 108 1254
259 3 1740
3 259 1740
1740 3 259
843 2223 2848
2848 843 2223
2223 843 2848
2165 375 1113
375 1113 2165
1113 375 2165
1298 2462 2865
2462 1298 2865
2865 1298 2462
1925 310 2192
310 1925 2192
2192 310 1925
1784 1922 2496
1922 1784 2496
2496 1784 1922
1585 2688 2976
2976 1585 2688
2688 1585 2976
460 574 711
711 460 574
574 460 711
2055 1041 1274
1274 1041 2055
1041 1274 2055
302 983 2254
2254 302 983
983 302 2254
2734 1758 1830
1758 1830 2734
1830 1758 2734
210 2141 2509
2141 210 2509
2509 210 2141
104 396 1163
1163 104 396
396 104 1163
216 36 406
406 36 216
36 216 406
2212 2006 2755
2755 2006 2212
2006 2212 2755
13 426 2078
426 13 2078
2078 13 426
1611 409 1749
409 1611 1749
1749 409 1611
702 319 1107
319 702 1107
1107 319 702
2134 171 1376
1376 171 2134
171 1376 2134
647 514 1325
514 647 1325
1325 514 647
1183 528 664
664 528 1183
528 664 1183
340 1193 1723
1723 340 1193
1193 340 1723
2386 657 1334
657 1334 2386
1334 657 2386
1792 57 2770
57 1792 2770
2770 57 1792
2842 2553 2818
2818 2553 2842
2553 2818 2842
2412 275 415
415 275 2412
275 415 2412
2274 560 2591
2591 560 2274
560 2274 2591
2384 1288 2339
1288 2339 2384
2339 1288 2384
905 175 2350
175 905 2350
2350 175 905
468 96 2001
96 468 2001
2001 96 468
1287 321 513
321 513 1287
513 321 1287
545 1077 2214
2214 545 1077
1077 545 2214
1599 239 1511
1511 239 1599
239 1511 1599
377 6 1578
6 377 1578
1578 6 377
1802 152 2104
152 1802 2104
2104 152 1802
673 1687 1851
1851 673 1687
1687 673 1851
219 1834 1970
1834 219 1970
1970 219 1834
951 46 2521
46 951 2521
2521 46 951
749 942 2038
2038 749 942
942 749 2038
1686 830 1807
1807 830 1686
830 1686 1807
1664 956 2618
2618 956 1664
956 1664 2618
1518 2296 2572
2296 1518 2572
2572 1518 2296
958 708 1021
1021 708 958
708 958 1021
2959 1268 1861
1268 1861 2959
1861 1268 2959
2504 1551 2072
1551 2072 2504
2072 1551 2504
1415 1342 2101
2101 1342 1415
1342 1415 2101
2340 1253 2898
2898 1253 2340
1253 2340 2898
1645 1490 1561
1561 1490 1645
1490 1561 1645
1909 550 2053
2053 550 1909
550 1909 2053
1375 518 868
868 518 1375
518 868 1375
1085 1155 2990
1155 1085 2990
2990 1085 1155
838 2453 2638
2453 838 2638
2638 838 2453
2231 1414 2113
2113 1414 2231
1414 2113 2231
604 1317 2276
1317 604 2276
2276 604 1317
92 293 1553
1553 92 293
293 92 1553
712 1565 1778
1778 712 1565
1565 712 1778
2266 911 927
911 927 2266
927 911 2266
508 1468 1832
1832 508 1468
1468 508 1832
2897 1226 2422
1226 2422 2897
2422 1226 2897
440 592 2036
592 440 2036
2036 440 592
576 1252 1557
1557 576 1252
1252 576 1557
1517 605 1622
1622 605 1517
605 1517 1622
849 1095 2149
2149 849 1095
1095 849 2149
311 1119 2130
2130 311 1119
1119 311 2130
317 614 2234
614 317 2234
2234 317 614
549 920 2517
2517 549 920
920 549 2517
183 612 2994
2994 183 612
612 183 2994
2741 2433 2984
2984 2433 2741
2433 2741 2984
1917 1232 1248
1232 1248 1917
1248 1232 1917
558 955 2154
955 558 2154
2154 558 955
1867 444 2800
444 1867 2800
2800 444 1867
379 694 2675
2675 379 694
694 379 2675
2404 1930 2600
2600 1930 2404
1930 2404 2600
1136 282 840
840 282 1136
282 840 1136
1132 2267 2304
2304 1132 2267
2267 1132 2304
1592 1166 1707
1707 1166 1592
1166 1592 1707
522 562 1702
562 522 1702
1702 522 562
153 113 1440
1440 113 153
113 153 1440
2777 2336 2702
2702 2336 2777
2336 2702 2777
1222 212 1689
212 1222 1689
1689 212 1222
807 961 1492
961 807 1492
1492 807 961
1094 441 922
441 922 1094
922 441 1094
2705 443 1329
1329 443 2705
443 1329 2705
763 391 1777
1777 391 763
391 763 1777
209 352 2935
2935 209 352
352 209 2935
1069 2114 2945
2945 1069 2114
2114 1069 2945
1177 394 717
394 717 1177
717 394 1177
367 1377 2850
1377 367 2850
2850 367 1377
2347 977 2016
2016 977 2347
977 2016 2347
2265 186 1756
186 1756 2265
1756 186 2265
2425 417 2693
417 2425 2693
2693 417 2425
2498 475 1013
475 1013 2498
1013 475 2498
1865 121 457
457 121 1865
121 457 1865
1538 777 2041
2041 777 1538
777 1538 2041
1706 1816 2353
1816 1706 2353
2353 1706 1816
258 155 2915
2915 155 258
155 258 2915
2680 243 2819
243 2680 2819
2819 243 2680
2110 572 1799
1799 572 2110
572 1799 2110
633 1920 1946
1946 633 1920
1920 633 1946
1181 874 2601
874 1181 2601
2601 874 1181
1211 571 2161
2161 571 1211
571 1211 2161
2808 11 1331
1331 11 2808
11 1331 2808
1362 1676 1823
1676 1362 1823
1823 1362 1676
696 2543 2841
2543 696 2841
2841 696 2543
1827 1233 2232
2232 1233 1827
1233 1827 2232
15 1421 1748
1748 15 1421
1421 15 1748
1735 898 2631
898 1735 2631
2631 898 1735
414 538 1921
1921 414 538
538 414 1921
1214 205 274
274 205 1214
205 274 1214
288 114 950
114 288 950
950 114 288
556 766 1977
1977 556 766
766 556 1977
235 1231 2513
1231 235 2513
2513 235 1231
2957 2251 2815
2251 2815 2957
2815 2251 2957
2295 587 939
587 939 2295
939 587 2295
486 290 826
290 486 826
826 290 486
2405 236 1805
236 1805 2405
1805 236 2405
2486 1513 2120
1513 2120 2486
2120 1513 2486
2352 1435 2636
1435 2352 2636
2636 1435 2352
182 1007 2716
1007 182 2716
2716 182 1007
808 284 1295
1295 284 808
284 808 1295
1439 1270 2874
1270 1439 2874
2874 1270 1439
2505 286 1242
286 1242 2505
1242 286 2505
214 1875 2986
1875 214 2986
2986 214 1875
2211 842 2934
2934 842 2211
842 2211 2934
616 30 313
30 313 616
313 30 616
675 359 2057
2057 359 675
359 675 2057
2920 780 2781
2781 780 2920
780 2781 2920
2952 1672 2956
1672 2952 2956
2956 1672 2952
2168 2298 2946
2946 2168 2298
2298 2168 2946
2764 2501 2678
2501 2678 2764
2678 2501 2764
494 693 2786
693 494 2786
2786 494 693
1965 1503 2506
2506 1503 1965
1503 1965 2506
974 1703 2075
1703 974 2075
2075 974 1703
345 883 2914
2914 345 883
883 345 2914
695 1256 2698
1256 695 2698
2698 695 1256
600 199 1396
199 600 1396
1396 199 600
1716 1555 1759
1759 1555 1716
1555 1716 1759
252 25 435
435 25 252
25 252 435
1853 542 1713
1713 542 1853
542 1713 1853
2090 926 1743
926 1743 2090
1743 926 2090
739 463 941
463 739 941
941 463 739
642 543 2207
2207 543 642
543 642 2207
1212 69 2309
2309 69 1212
69 1212 2309
1831 1384 2878
2878 1384 1831
1384 1831 2878
1729 158 437
158 437 1729
437 158 1729
714 1809 1862
1862 714 1809
1809 714 1862
1912 1437 1725
1725 1437 1912
1437 1725 1912
2106 788 1859
1859 788 2106
788 1859 2106
2525 1067 1464
1464 1067 2525
1067 1464 2525
1223 1056 1947
1947 1056 1223
1056 1223 1947
1062 448 2216
448 1062 2216
2216 448 1062
2798 829 2855
829 2798 2855
2855 829 2798
2300 1399 1833
1399 1833 2300
1833 1399 2300
10 32 882
882 10 32
32 10 882
261 2659 2960
2659 261 2960
2960 261 2659
111 2491 2860
2860 111 2491
2491 111 2860
442 1125 2184
2184 442 1125
1125 442 2184
1508 794 1545
794 1508 1545
1545 794 1508
2577 1120 2342
1120 2342 2577
2342 1120 2577
217 292 1998
1998 217 292
292 217 1998
810 1170 2056
1170 810 2056
2056 810 1170
387 77 166
166 77 387
77 166 387
2817 29 1594
1594 29 2817
29 1594 2817
787 666 1089
666 787 1089
1089 666 787
2502 257 2474
2474 257 2502
257 2474 2502
892 383 1323
383 892 1323
1323 383 892
697 20 804
804 20 697
20 697 804
2468 1814 2728
1814 2468 2728
2728 1814 2468
2392 1180 2475
2475 1180 2392
1180 2392 2475
622 2593 2686
2686 622 2593
2593 622 2686
568 1065 1836
1836 568 1065
1065 568 1836
741 2489 2503
2489 741 2503
2503 741 2489
2442 1953 2389
2389 1953 2442
1953 2389 2442
1583 1103 2903
2903 1103 1583
1103 1583 2903
910 434 2844
2844 434 910
434 910 2844
1194 160 2091
2091 160 1194
160 1194 2091
238 1666 2420
1666 238 2420
2420 238 1666
719 2447 2790
2790 719 2447
2447 719 2790
72 720 2191
720 72 2191
2191 72 720
1294 678 685
678 685 1294
685 678 1294
2408 1405 1744
1744 1405 2408
1405 1744 2408
1876 1229 1727
1229 1727 1876
1727 1229 1876
2103 1276 1893
1276 1893 2103
1893 1276 2103
2691 276 2066
276 2066 2691
2066 276 2691
970 1533 2330
1533 970 2330
2330 970 1533
477 1122 1478
1122 477 1478
1478 477 1122
1078 502 2118
502 1078 2118
2118 502 1078
751 689 1467
689 751 1467
1467 689 751
665 1616 2202
2202 665 1616
1616 665 2202
2395 148 2379
2379 148 2395
148 2379 2395
1161 771 1378
771 1161 1378
1378 771 1161
397 2774 2881
2881 397 2774
2774 397 2881
851 645 1023
1023 645 851
645 851 1023
2720 204 2031
204 2031 2720
2031 204 2720
139 1542 2803
2803 139 1542
1542 139 2803
198 783 1057
1057 198 783
783 198 1057
389 643 2927
643 389 2927
2927 389 643
1741 2 2583
2 1741 2583
2583 2 1741
1218 1957 2186
2186 1218 1957
1957 1218 2186
2287 88 1430
88 1430 2287
1430 88 2287
2825 368 2051
2051 368 2825
368 2051 2825
2510 991 2736
2736 991 2510
991 2510 2736
1882 55 2434
2434 55 1882
55 1882 2434
2902 969 1304
969 1304 2902
1304 969 2902
2644 1009 1680
1680 1009 2644
1009 1680 2644
2046 1395 2318
1395 2046 2318
2318 1395 2046
234 1210 2358
1210 234 2358
2358 234 1210
1525 1679 2714
1679 1525 2714
2714 1525 1679
1230 167 1771
1771 167 1230
167 1230 1771
2599 785 2549
2549 785 2599
785 2549 2599
1101 87 342
342 87 1101
87 342 1101
226 1710 1942
1942 226 1710
1710 226 1942
621 12 1658
12 621 1658
1658 12 621
2370 1350 2799
1350 2370 2799
2799 1350 2370
2919 251 790
251 790 2919
790 251 2919
2928 1059 1117
1059 1117 2928
1117 1059 2928
1159 83 1797
83 1159 1797
1797 83 1159
1839 1010 2888
2888 1010 1839
1010 1839 2888
2413 817 916
817 916 2413
916 817 2413
2391 566 2733
566 2391 2733
2733 566 2391
555 1138 2765
1138 555 2765
2765 555 1138
1487 1668 2924
1668 1487 2924
2924 1487 1668
2219 163 1850
1850 163 2219
163 1850 2219
1535 1090 1261
1261 1090 1535
1090 1261 1535
2930 2238 2966
2966 2238 2930
2238 2930 2966
316 640 2707
640 316 2707
2707 316 640
2032 656 2290
656 2032 2290
2290 656 2032
1541 757 1984
1984 757 1541
757 1541 1984
2761 71 752
71 752 2761
752 71 2761
2188 64 1224
1224 64 2188
64 1224 2188
424 870 2775
2775 424 870
870 424 2775
1484 1000 1896
1000 1484 1896
1896 1000 1484
264 53 934
53 264 934
934 53 264
1315 781 2372
781 1315 2372
2372 781 1315
2146 1284 2809
2809 1284 2146
1284 2146 2809
2683 1501 2439
1501 2439 2683
2439 1501 2683
1838 1566 2522
1566 1838 2522
2522 1566 1838
1189 225 1669
225 1189 1669
1669 225 1189
281 2684 2732
2684 281 2732
2732 281 2684
1343 2132 2242
2132 1343 2242
2242 1343 2132
2273 1238 2229
1238 2229 2273
2229 1238 2273
2429 1958 2628
2628 1958 2429
1958 2429 2628
885 1402 1852
1852 885 1402
1402 885 1852
280 446 1201
1201 280 446
446 280 1201
2027 628 1263
628 1263 2027
1263 628 2027
195 1063 1978
1978 195 1063
1063 195 1978
331 48 1388
48 331 1388
1388 48 331
2608 2037 2138
2138 2037 2608
2037 2138 2608
718 2099 2481
2099 718 2481
2481 718 2099
2576 341 1279
1279 341 2576
341 1279 2576
2751 222 2060
2060 222 2751
222 2060 2751
891 106 365
365 106 891
106 365 891
2133 353 832
832 353 2133
353 832 2133
1649 630 2542
630 1649 2542
2542 630 1649
2003 559 2210
559 2003 2210
2210 559 2003
1044 386 1986
386 1044 1986
1986 386 1044
2743 527 2344
2344 527 2743
527 2344 2743
2637 1160 1884
1160 1884 2637
1884 1160 2637
1046 1475 1973
1973 1046 1475
1475 1046 1973
2221 1945 2871
2871 1945 2221
1945 2221 2871
2033 128 2594
2594 128 2033
128 2033 2594
2319 1933 2763
2763 1933 2319
1933 2319 2763
658 490 723
490 658 723
723 490 658
1208 735 906
735 906 1208
906 735 1208
789 2545 2904
2545 789 2904
2904 789 2545
2512 1939 2580
2580 1939 2512
1939 2512 2580
2681 378 2334
2334 378 2681
378 2334 2681
1370 24 1102
24 1102 1370
1102 24 1370
2402 1981 2449
1981 2402 2449
2449 1981 2402
2980 1663 2493
1663 2493 2980
2493 1663 2980
1951 1527 2203
2203 1527 1951
1527 1951 2203
67 2438 2917
2438 67 2917
2917 67 2438
1499 2745 2801
2745 1499 2801
2801 1499 2745
265 2263 2981
2981 265 2263
2263 265 2981
511 1131 2908
1131 511 2908
2908 511 1131
1754 925 1366
1366 925 1754
925 1366 1754
1979 1869 2796
1869 1979 2796
2796 1869 1979
1452 2515 2605
2515 1452 2605
2605 1452 2515
1690 278 2292
2292 278 1690
278 1690 2292
1589 1137 1887
1887 1137 1589
1137 1589 1887
1738 1374 2723
1374 1738 2723
2723 1374 1738
1755 2028 2929
2028 1755 2929
2929 1755 2028
1531 1864 2465
1864 1531 2465
2465 1531 1864
1039 661 2452
661 1039 2452
2452 661 1039
847 1681 2907
1681 847 2907
2907 847 1681
521 52 499
52 499 521
499 52 521
2455 762 1673
1673 762 2455
762 1673 2455
2596 1444 1782
1782 1444 2596
1444 1782 2596
641 452 1961
452 641 1961
1961 452 641
410 43 2215
43 410 2215
2215 43 410
2390 51 1671
51 1671 2390
1671 51 2390
923 682 1529
682 923 1529
1529 682 923
1524 1426 1871
1871 1426 1524
1426 1524 1871
2834 127 2042
127 2042 2834
2042 127 2834
1683 1093 1436
1436 1093 1683
1093 1436 1683
1929 1510 2272
1510 1929 2272
2272 1510 1929
102 1358 2547
1358 102 2547
2547 102 1358
2208 2102 2866
2866 2102 2208
2102 2208 2866
503 2824 2955
2955 503 2824
2824 503 2955
1603 1173 2085
2085 1173 1603
1173 1603 2085
1633 2508 2996
2996 1633 2508
2508 1633 2996
2250 1590 2864
2864 1590 2250
1590 2250 2864
653 520 791
791 520 653
520 653 791
589 161 945
945 161 589
161 589 945
168 1719 1721
1719 168 1721
1721 168 1719
935 170 1348
1348 170 935
170 935 1348
1305 649 972
649 972 1305
972 649 1305
1724 2383 2652
2383 1724 2652
2652 1724 2383
512 469 2317
469 512 2317
2317 469 512
1691 1549 1801
1801 1549 1691
1549 1691 1801
1526 451 1786
451 1526 1786
1786 451 1526
47 307 652
652 47 307
307 47 652
1584 2172 2360
2360 1584 2172
2172 1584 2360
372 2451 2873
2451 372 2873
2873 372 2451
369 648 823
823 369 648
648 369 823
1052 1605 2399
2399 1052 1605
1605 1052 2399
2852 894 1954
1954 894 2852
894 1954 2852
2937 564 2589
564 2589 2937
2589 564 2937
1335 177 237
177 237 1335
237 177 1335
1597 523 2482
2482 523 1597
523 1597 2482
2000 1935 2275
1935 2000 2275
2275 1935 2000
1522 192 1457
1457 192 1522
192 1457 1522
196 81 2650
81 196 2650
2650 81 196
2158 795 2430
795 2158 2430
2430 795 2158
1926 800 2916
800 1926 2916
2916 800 1926
1820 279 1860
279 1820 1860
1860 279 1820
1145 1863 2658
1863 1145 2658
2658 1145 1863
586 355 990
355 586 990
990 355 586
1637 979 2772
2772 979 1637
979 1637 2772
330 1638 2862
2862 330 1638
1638 330 2862
2059 98 2768
98 2059 2768
2768 98 2059
1573 1783 2464
2464 1573 1783
1783 1573 2464
996 1798 2179
1798 996 2179
2179 996 1798
1974 957 1606
957 1606 1974
1606 957 1974
2622 1587 1990
1990 1587 2622
1587 1990 2622
1135 1509 1776
1776 1135 1509
1509 1135 1776
1280 1556 1991
1991 1280 1556
1556 1280 1991
2459 1923 2778
1923 2459 2778
2778 1923 2459
581 2323 2810
2323 581 2810
2810 581 2323
157 420 2516
2516 157 420
420 157 2516
2351 948 2886
948 2351 2886
2886 948 2351
1246 381 2011
381 1246 2011
2011 381 1246
2448 1552 2879
1552 2448 2879
2879 1552 2448
2245 232 2534
2534 232 2245
232 2245 2534
2555 428 2880
428 2555 2880
2880 428 2555
2174 667 1770
1770 667 2174
667 1770 2174
1466 49 150
150 49 1466
49 150 1466
407 1236 2537
1236 407 2537
2537 407 1236
194 2282 2641
2641 194 2282
2282 194 2641
2473 277 960
960 277 2473
277 960 2473
193 8 2620
2620 8 193
8 193 2620
2173 2787 2971
2971 2173 2787
2787 2173 2971
844 999 1657
1657 844 999
999 844 1657
1225 509 2015
509 1225 2015
2015 509 1225
1506 1082 2012
1082 1506 2012
2012 1082 1506
1156 1731 1773
1731 1156 1773
1773 1156 1731
2640 1265 2264
1265 2264 2640
2264 1265 2640
940 263 1902
1902 263 940
263 940 1902
27 41 2965
41 27 2965
2965 27 41
1544 2181 2410
2181 1544 2410
2410 1544 2181
2018 880 2124
2124 880 2018
880 2018 2124
1244 816 1083
816 1083 1244
1083 816 1244
1144 1386 2939
2939 1144 1386
1386 1144 2939
806 553 2722
553 806 2722
2722 553 806
551 309 1281
309 551 1281
1281 309 551
2068 1462 2887
1462 2068 2887
2887 1462 2068
954 760 1810
1810 760 954
760 954 1810
402 445 1349
445 402 1349
1349 402 445
79 953 1818
1818 79 953
953 79 1818
1266 459 2136
2136 459 1266
459 1266 2136
267 335 2367
335 267 2367
2367 267 335
18 1297 2767
1297 18 2767
2767 18 1297
2278 1712 2126
1712 2126 2278
2126 1712 2278
2885 1026 2261
1026 2261 2885
2261 1026 2885
659 304 1907
304 659 1907
1907 304 659
35 933 1269
1269 35 933
933 35 1269
255 273 2748
2748 255 273
273 255 2748
1291 1397 2830
2830 1291 1397
1397 1291 2830
2737 22 1164
1164 22 2737
22 1164 2737
2623 476 893
476 893 2623
893 476 2623
584 2313 2354
2313 584 2354
2354 584 2313
2365 2490 2783
2490 2365 2783
2783 2365 2490
2667 1534 1660
1534 1660 2667
1660 1534 2667
1234 455 2155
455 1234 2155
2155 455 1234
976 1504 1747
1504 976 1747
1747 976 1504
189 731 2443
731 189 2443
2443 189 731
73 1959 2081
2081 73 1959
1959 73 2081
1037 230 2329
230 1037 2329
2329 230 1037
841 871 1651
1651 841 871
871 841 1651
858 70 2418
2418 70 858
70 858 2418
1588 1966 2307
1966 1588 2307
2307 1588 1966
1847 374 691
374 691 1847
691 374 1847
2377 218 1459
1459 218 2377
218 1459 2377
2270 1203 1569
1569 1203 2270
1203 1569 2270
1084 1319 2950
1319 1084 2950
2950 1084 1319
2812 1698 1983
1698 1983 2812
1983 1698 2812
2820 540 2674
540 2674 2820
2674 540 2820
2974 1621 1708
1708 1621 2974
1621 1708 2974
1 1086 2428
1086 1 2428
2428 1 1086
1826 932 2942
2942 932 1826
932 1826 2942
541 231 904
231 541 904
904 231 541
2346 364 988
364 988 2346
988 364 2346
987 1129 1948
1129 987 1948
1948 987 1129
1564 4 2393
4 1564 2393
2393 4 1564
1314 539 774
774 539 1314
539 774 1314
2524 480 1071
1071 480 2524
480 1071 2524
2299 1906 2163
1906 2163 2299
2163 1906 2299
613 93 403
403 93 613
93 403 613
1491 498 1106
1106 498 1491
498 1106 1491
2629 2054 2082
2054 2082 2629
2082 2054 2629
1303 1346 2780
1346 1303 2780
2780 1303 1346
2315 930 1241
930 1241 2315
1241 930 2315
37 2615 2633
2615 37 2633
2633 37 2615
1752 1239 1272
1239 1272 1752
1272 1239 1752
2084 287 2832
287 2084 2832
2832 287 2084
2514 1682 2899
1682 2514 2899
2899 1682 2514
1825 1895 2847
1895 1825 2847
2847 1825 1895
1042 796 1400
796 1042 1400
1400 796 1042
136 1097 2366
1097 136 2366
2366 136 1097
775 176 2571
176 775 2571
2571 176 775
2070 1507 2343
2343 1507 2070
1507 2070 2343
2604 1110 2471
2471 1110 2604
1110 2471 2604
2280 524 1819
1819 524 2280
524 1819 2280
1336 1844 2967
2967 1336 1844
1844 1336 2967
1184 1889 1950
1950 1184 1889
1889 1184 1950
2663 1360 1646
1646 1360 2663
1360 1646 2663
366 240 654
654 240 366
240 366 654
1615 632 2876
2876 632 1615
632 1615 2876
1846 585 2150
2150 585 1846
585 1846 2150
1822 770 2987
2987 770 1822
770 1822 2987
638 2484 2671
2671 638 2484
2484 638 2671
422 2567 2617
2567 422 2617
2617 422 2567
2995 1050 2010
2010 1050 2995
1050 2010 2995
2574 732 2469
732 2469 2574
2469 732 2574
2856 1199 2058
1199 2058 2856
2058 1199 2856
1251 156 1347
156 1251 1347
1347 156 1251
2616 1286 2098
1286 2098 2616
2098 1286 2616
2328 1015 1607
1607 1015 2328
1015 1607 2328
2730 188 901
188 901 2730
901 188 2730
1878 418 1470
418 1470 1878
1470 418 1878
1243 5 1845
5 1243 1845
1845 5 1243
2905 1563 1927
1563 1927 2905
1927 1563 2905
1363 995 2406
995 1363 2406
2406 995 1363
2539 1292 1639
1292 1639 2539
1639 1292 2539
2715 1824 2961
2961 1824 2715
1824 2715 2961
1856 963 1604
1604 963 1856
963 1604 1856
1004 42 2284
2284 42 1004
42 1004 2284
2552 241 662
241 662 2552
662 241 2552
1528 1936 2095
2095 1528 1936
1936 1528 2095
2791 1124 2694
2694 1124 2791
1124 2694 2791
971 1774 2889
2889 971 1774
1774 971 2889
1392 992 1275
992 1275 1392
1275 992 1392
1075 1167 2913
2913 1075 1167
1167 1075 2913
2579 709 1911
1911 709 2579
709 1911 2579
1195 147 373
147 373 1195
373 147 1195
242 110 2380
110 242 2380
2380 110 242
812 1471 2401
2401 812 1471
1471 812 2401
1873 419 2530
419 1873 2530
2530 419 1873
1699 220 1187
1187 220 1699
220 1187 1699
2964 215 2327
2327 215 2964
215 2327 2964
2427 1277 1885
1885 1277 2427
1277 1885 2427
1609 483 1337
1337 483 1609
483 1337 1609
2356 867 1326
1326 867 2356
867 1326 2356
733 303 2962
303 733 2962
2962 303 733
1092 2349 2840
2840 1092 2349
2349 1092 2840
853 811 1133
1133 811 853
811 853 1133
769 2175 2416
2416 769 2175
2175 769 2416
803 184 746
746 184 803
184 746 803
1312 575 1158
1158 575 1312
575 1158 1312
1512 1888 2116
1888 1512 2116
2116 1512 1888
1532 91 2387
91 1532 2387
2387 91 1532
1019 1739 1772
1772 1019 1739
1739 1019 1772
1736 602 619
602 619 1736
619 602 1736
2253 343 2611
343 2253 2611
2611 343 2253
2706 357 2043
357 2043 2706
2043 357 2706
917 1420 2518
2518 917 1420
1420 917 2518
1886 529 2757
2757 529 1886
529 1886 2757
1301 90 603
603 90 1301
90 603 1301
1554 506 1469
506 1469 1554
1469 506 1554
384 65 159
159 65 384
65 159 384
2560 141 1579
141 1579 2560
1579 141 2560
827 727 2436
2436 727 827
727 827 2436
1434 348 637
348 637 1434
637 348 1434
187 323 2685
323 187 2685
2685 187 323
2463 466 1197
1197 466 2463
466 1197 2463
644 1072 2139
1072 644 2139
2139 644 1072
2835 2153 2569
2153 2569 2835
2569 2153 2835
1422 2762 2769
2762 1422 2769
2769 1422 2762
2875 535 2135
2135 535 2875
535 2135 2875
2587 519 2724
519 2587 2724
2724 519 2587
151 356 472
472 151 356
356 151 472
164 145 902
902 145 164
145 164 902
390 117 2499
2499 117 390
117 390 2499
596 1520 2224
1520 596 2224
2224 596 1520
1428 728 1899
728 1428 1899
1899 728 1428
126 577 636
577 126 636
636 126 577
1029 1643 2603
1643 1029 2603
2603 1029 1643
1670 1011 2607
2607 1011 1670
1011 1670 2607
1890 1407 2968
1407 1890 2968
2968 1407 1890
1655 1700 2660
1700 1655 2660
2660 1655 1700
1505 895 896
896 895 1505
895 896 1505
270 165 2022
2022 165 270
165 270 2022
2169 2316 2701
2316 2169 2701
2701 2169 2316
2697 761 778
761 778 2697
778 761 2697
350 1586 2646
1586 350 2646
2646 350 1586
801 1387 1726
1387 801 1726
1726 801 1387
1079 1636 2019
2019 1079 1636
1636 1079 2019
2630 1300 1419
1300 1419 2630
1419 1300 2630
2673 597 2738
2738 597 2673
597 2673 2738
1992 952 1188
1188 952 1992
952 1188 1992
1454 411 2784
2784 411 1454
411 1454 2784
2020 109 1892
109 1892 2020
1892 109 2020
2338 248 2088
2088 248 2338
248 2088 2338
133 1345 1750
1345 133 1750
1750 133 1345
326 699 1451
699 326 1451
1451 326 699
2699 1316 2432
1316 2432 2699
2432 1316 2699
1100 1485 2670
2670 1100 1485
1485 1100 2670
610 296 1765
1765 296 610
296 610 1765
701 1795 1962
1795 701 1962
1962 701 1795
416 31 1453
1453 31 416
31 416 1453
412 875 2568
2568 412 875
875 412 2568
1016 1032 1216
1216 1016 1032
1032 1016 1216
1903 1581 2076
1581 1903 2076
2076 1581 1903
884 246 1536
1536 246 884
246 884 1536
438 1964 2606
2606 438 1964
1964 438 2606
2226 1943 2838
2838 1943 2226
1943 2226 2838
889 2507 2839
2507 889 2839
2839 889 2507
129 485 626
485 129 626
626 129 485
2115 385 1610
1610 385 2115
385 1610 2115
2156 1171 2528
2528 1171 2156
1171 2156 2528
2944 504 947
504 947 2944
947 504 2944
1932 408 425
425 408 1932
408 425 1932
1614 245 2424
2424 245 1614
245 1614 2424
2649 336 2069
336 2069 2649
2069 336 2649
2854 2183 2400
2183 2400 2854
2400 2183 2854
1416 2437 2932
2437 1416 2932
2932 1416 2437
1307 38 2581
38 1307 2581
2581 38 1307
2457 1040 2454
1040 2454 2457
2454 1040 2457
1479 2009 2301
2301 1479 2009
2009 1479 2301
2205 295 2495
295 2205 2495
2495 295 2205
224 50 1472
50 224 1472
1472 50 224
339 1796 2746
1796 339 2746
2746 339 1796
2625 180 2107
2107 180 2625
180 2107 2625
2024 1157 2331
1157 2024 2331
2331 1157 2024
1357 208 753
753 208 1357
208 753 1357
900 1539 2729
1539 900 2729
2729 900 1539
677 1054 1311
1311 677 1054
1054 677 1311
2345 432 496
432 496 2345
496 432 2345
1488 228 1431
1431 228 1488
228 1431 1488
1209 74 742
742 74 1209
74 742 1209
2565 1995 2645
2645 1995 2565
1995 2565 2645
2867 959 2160
2160 959 2867
959 2160 2867
1904 1623 2446
1623 1904 2446
2446 1623 1904
2511 1789 2570
2570 1789 2511
1789 2511 2570
2910 320 1385
1385 320 2910
320 1385 2910
351 324 458
458 324 351
324 351 458
2333 2546 2999
2999 2333 2546
2546 2333 2999
2209 1619 2050
1619 2050 2209
2050 1619 2209
887 1365 2322
1365 887 2322
2322 887 1365
989 2609 2793
2793 989 2609
2609 989 2793
2005 227 729
227 729 2005
729 227 2005
915 813 1344
813 915 1344
1344 813 915
588 1055 1766
1766 588 1055
1055 588 1766
401 229 2760
229 401 2760
2760 229 401
453 1354 2588
2588 453 1354
1354 453 2588
2121 116 608
608 116 2121
116 608 2121
1260 1355 1858
1858 1260 1355
1355 1260 1858
620 312 2843
2843 312 620
312 620 2843
2277 1391 2909
2909 1391 2277
1391 2277 2909
2458 1764 2137
1764 2137 2458
2137 1764 2458
1762 1267 1308
1308 1267 1762
1267 1308 1762
144 864 1813
864 144 1813
1813 144 864
877 1928 2488
2488 877 1928
1928 877 2488
2096 700 1461
700 1461 2096
1461 700 2096
125 859 1500
859 125 1500
1500 125 859
1768 754 1788
754 1768 1788
1788 754 1768
256 706 755
755 256 706
706 256 755
1383 1905 2858
2858 1383 1905
1905 1383 2858
398 2651 2953
2953 398 2651
2651 398 2953
692 1779 2792
1779 692 2792
2792 692 1779
2014 174 1048
1048 174 2014
174 1048 2014
1841 865 2993
2993 865 1841
865 1841 2993
2197 973 2900
973 2197 2900
2900 973 2197
1576 85 1309
85 1309 1576
1309 85 1576
888 805 2142
2142 805 888
805 888 2142
146 2321 2949
2949 146 2321
2321 146 2949
2725 1913 2233
1913 2233 2725
2233 1913 2725
2890 436 2988
436 2890 2988
2988 436 2890
143 1855 2912
2912 143 1855
1855 143 2912
1235 260 799
799 260 1235
260 799 1235
2083 738 2193
2193 738 2083
738 2083 2193
2326 28 1745
1745 28 2326
28 1745 2326
814 1412 2894
2894 814 1412
1412 814 2894
26 39 839
839 26 39
39 26 839
1705 1215 2052
2052 1215 1705
1215 1705 2052
2717 1937 2533
1937 2533 2717
2533 1937 2717
1761 1206 1481
1481 1206 1761
1206 1481 1761
2109 968 2044
2044 968 2109
968 2044 2109
338 1812 1828
1812 338 1828
1828 338 1812
2461 1675 2303
2303 1675 2461
1675 2303 2461
2189 629 2092
2092 629 2189
629 2092 2189
347 1373 1404
1404 347 1373
1373 347 1404
1432 1108 1465
1465 1108 1432
1108 1432 1465
1857 306 2271
306 1857 2271
2271 306 1857
1849 821 2466
2466 821 1849
821 1849 2466
943 1891 2077
1891 943 2077
2077 943 1891
1963 998 1993
998 1963 1993
1993 998 1963
2836 530 2035
2035 530 2836
530 2035 2836
1127 536 2578
536 1127 2578
2578 536 1127
2117 590 2030
590 2030 2117
2030 590 2117
1441 2520 2877
2877 1441 2520
2520 1441 2877
2369 140 1560
140 1560 2369
1560 140 2369
2665 1221 1742
1742 1221 2665
1221 1742 2665
669 103 2632
103 669 2632
2632 103 669
1074 981 1803
981 1074 1803
1803 981 1074
1411 1245 2766
2766 1245 1411
1245 1411 2766
552 1837 2049
1837 552 2049
2049 552 1837
82 1785 2025
1785 82 2025
2025 82 1785
2891 16 1480
16 1480 2891
1480 16 2891
2602 68 2268
2268 68 2602
68 2268 2602
2396 1140 2201
2201 1140 2396
1140 2201 2396
1521 1255 2619
2619 1255 1521
1255 1521 2619
680 1191 1641
1191 680 1641
1641 680 1191
1310 423 1425
1425 423 1310
423 1310 1425
97 1179 1866
1179 97 1866
1866 97 1179
337 704 1190
1190 337 704
704 337 1190
2982 2676 2804
2676 2804 2982
2804 2676 2982
784 625 2726
625 784 2726
2726 625 784
1080 1941 1982
1941 1080 1982
1982 1080 1941
1919 2143 2718
2143 1919 2718
2718 1919 2143
2559 1018 1143
1018 1143 2559
1143 1018 2559
1051 1146 1259
1259 1051 1146
1146 1051 1259
866 1228 1840
1228 866 1840
1840 866 1228
2624 663 1624
663 1624 2624
1624 663 2624
2004 289 1908
1908 289 2004
289 1908 2004
1722 1172 2719
2719 1172 1722
1172 1722 2719
1327 776 792
776 792 1327
792 776 1327
487 2089 2788
2089 487 2788
2788 487 2089
1692 489 1237
1237 489 1692
489 1237 1692
924 537 2592
537 924 2592
2592 537 924
2829 400 2958
400 2829 2958
2958 400 2829
1447 190 2750
2750 190 1447
190 1447 2750
1324 474 2550
2550 474 1324
474 1324 2550
1515 872 1496
1496 872 1515
872 1496 1515
1047 651 2779
2779 651 1047
651 1047 2779
2758 913 2735
913 2735 2758
2735 913 2758
565 33 1620
1620 33 565
33 565 1620
1429 2002 2450
2450 1429 2002
2002 1429 2450
2859 747 1003
1003 747 2859
747 1003 2859
1498 119 2129
2129 119 1498
119 1498 2129
660 1804 2643
1804 660 2643
2643 660 1804
450 1126 2332
2332 450 1126
1126 450 2332
344 86 1296
86 344 1296
1296 86 344
820 2374 2661
2374 820 2661
2661 820 2374
1659 134 393
134 393 1659
393 134 1659
595 684 1142
684 595 1142
1142 595 684
2394 84 1005
1005 84 2394
84 1005 2394
1368 14 1632
14 1368 1632
1632 14 1368
2526 1150 1258
1150 1258 2526
1258 1150 2526
465 1017 1148
1017 465 1148
1148 465 1017
2441 179 1714
1714 179 2441
179 1714 2441
2151 213 2695
2695 213 2151
213 2151 2695
2677 881 2094
881 2094 2677
2094 881 2677
431 2851 2918
2851 431 2918
2918 431 2851
1582 76 2258
76 1582 2258
2258 76 1582
1364 322 743
743 322 1364
322 743 1364
2472 2105 2122
2105 2122 2472
2122 2105 2472
1901 1644 2305
2305 1644 1901
1644 1901 2305
2710 740 1628
1628 740 2710
740 1628 2710
2582 297 1684
1684 297 2582
297 1684 2582
1128 1162 1956
1956 1128 1162
1162 1128 1956
1715 75 861
861 75 1715
75 861 1715
1835 2541 2805
2805 1835 2541
2541 1835 2805
1558 1596 2144
2144 1558 1596
1596 1558 2144
1894 899 1006
899 1006 1894
1006 899 1894
2564 2776 2921
2776 2564 2921
2921 2564 2776
2206 211 1806
1806 211 2206
211 1806 2206
1109 557 722
722 557 1109
557 722 1109
1424 1910 2679
1910 1424 2679
2679 1424 1910
2872 1240 1811
1811 1240 2872
1240 1811 2872
334 346 1147
346 334 1147
1147 334 346
101 1114 1394
1394 101 1114
1114 101 1394
2302 2062 2548
2548 2062 2302
2062 2302 2548
1540 2164 2385
2385 1540 2164
2164 1540 2385
994 554 2140
554 994 2140
2140 554 994
2013 617 831
617 831 2013
831 617 2013
2222 907 2470
907 2222 2470
2470 907 2222
1877 203 756
756 203 1877
203 756 1877
1382 623 2657
623 1382 2657
2657 623 1382
2948 1450 1640
1640 1450 2948
1450 1640 2948
1567 2431 2709
2431 1567 2709
2709 1567 2431
2901 544 1497
1497 544 2901
544 1497 2901
2833 856 1842
1842 856 2833
856 1842 2833
1593 802 2127
2127 802 1593
802 1593 2127
2712 1720 1793
1793 1720 2712
1720 1793 2712
430 2752 2884
2884 430 2752
2752 430 2884
606 1817 2863
1817 606 2863
2863 606 1817
2747 315 1154
315 1154 2747
1154 315 2747
2190 1027 2869
2869 1027 2190
1027 2190 2869
482 2742 2923
2742 482 2923
2923 482 2742
