210 164 220
220 164 210
164 210 220
20 76 169
76 20 169
169 20 76
215 231 288
231 215 288
288 215 231
227 99 233
99 227 233
233 99 227
116 237 250
237 116 250
250 116 237
166 108 113
108 113 166
113 108 166
74 15 30
30 15 74
15 30 74
179 70 221
70 179 221
221 70 179
184 2 213
2 184 213
213 2 184
172 122 275
275 122 172
122 172 275
31 87 136
136 31 87
87 31 136
281 48 269
48 269 281
269 48 281
290 94 234
94 234 290
234 94 290
79 241 283
283 79 241
241 79 283
14 138 246
138 14 246
246 14 138
232 17 69
69 17 232
17 69 232
151 267 298
298 151 267
267 151 298
80 21 280
21 80 280
280 21 80
147 126 205
205 126 147
126 147 205
1 88 190
88 1 190
190 1 88
226 153 240
153 226 240
240 153 226
180 66 239
239 66 180
66 180 239
85 41 92
92 41 85
41 85 92
144 29 145
145 29 144
29 144 145
222 28 101
101 28 222
28 101 222
83 55 285
285 55 83
55 83 285
59 182 185
185 59 182
182 59 185
57 7 216
216 7 57
7 57 216
277 12 13
13 12 277
12 13 277
207 36 161
36 161 207
161 36 207
276 263 264
264 263 276
263 264 276
50 32 33
33 32 50
32 33 50
255 45 91
91 45 255
45 91 255
245 77 219
77 219 245
219 77 245
195 266 286
286 195 266
266 195 286
223 120 225
225 120 223
120 223 225
160 98 103
103 98 160
98 103 160
211 253 274
253 211 274
274 211 253
133 63 247
247 63 133
63 133 247
191 35 268
35 191 268
268 35 191
279 73 257
257 73 279
73 257 279
259 40 158
158 40 259
40 158 259
64 10 258
10 64 258
258 10 64
272 46 150
46 150 272
150 46 272
254 11 194
194 11 254
11 194 254
287 89 262
89 262 287
262 89 287
114 38 118
38 114 118
118 38 114
54 9 235
235 9 54
9 54 235
217 176 228
176 217 228
228 176 217
43 27 249
27 43 249
249 27 43
212 6 61
6 61 212
61 6 212
300 23 163
23 163 300
163 23 300
112 106 201
106 112 201
201 106 112
155 97 273
97 155 273
273 97 155
71 60 186
186 60 71
60 71 186
139 25 62
25 62 139
62 25 139
243 95 132
95 132 243
132 95 243
127 5 149
5 127 149
149 5 127
19 156 214
156 19 214
214 19 156
82 52 206
52 82 206
206 52 82
104 187 208
187 104 208
208 104 187
65 183 199
183 65 199
199 65 183
24 193 236
193 24 236
236 24 193
248 124 125
125 124 248
124 125 248
244 162 175
175 162 244
162 175 244
271 78 137
78 137 271
137 78 271
128 90 148
148 90 128
90 128 148
265 3 75
3 75 265
75 3 265
170 51 67
51 67 170
67 51 170
294 111 154
154 111 294
111 154 294
34 167 198
198 34 167
167 34 198
115 181 252
252 115 181
181 115 252
26 131 141
141 26 131
131 26 141
157 140 282
282 140 157
140 157 282
86 117 299
299 86 117
117 86 299
16 143 295
143 16 295
295 16 143
278 84 119
84 119 278
119 84 278
47 129 189
129 47 189
189 47 129
251 96 102
102 96 251
96 102 251
146 107 121
121 107 146
107 121 146
110 188 297
297 110 188
188 110 297
18 284 289
289 18 284
284 18 289
192 49 229
229 49 192
49 192 229
105 135 291
135 105 291
291 105 135
72 123 260
123 72 260
260 72 123
197 44 58
44 58 197
58 44 197
37 173 270
270 37 173
173 37 270
4 134 296
134 4 296
296 4 134
142 53 109
109 53 142
53 109 142
68 159 261
261 68 159
159 68 261
238 39 292
292 39 238
39 238 292
224 22 130
130 22 224
22 130 224
200 93 203
203 93 200
93 200 203
56 209 242
242 56 209
209 56 242
165 204 293
293 165 204
204 165 293
152 178 218
178 152 218
218 152 178
174 42 177
42 174 177
177 42 174
8 100 196
196 8 100
100 8 196
202 168 230
168 202 230
230 168 202
256 81 171
171 81 256
81 171 256
