1899 15310 26731
15310 1899 26731
26731 1899 15310
14070 199 1507
1507 199 14070
199 1507 14070
27835 503 807
807 503 27835
503 807 27835
24378 24778 28201
28201 24378 24778
24778 24378 28201
17784 27296 29823
29823 17784 27296
27296 17784 29823
7812 10200 13197
10200 7812 13197
13197 7812 10200
20349 20918 28620
20918 20349 28620
28620 20349 20918
438 2235 8806
8806 438 2235
2235 438 8806
12037 16137 24345
16137 12037 24345
24345 12037 16137
18794 18870 29767
29767 18794 18870
18870 18794 29767
29175 8921 13800
8921 13800 29175
13800 8921 29175
24320 981 22783
22783 981 24320
981 22783 24320
21960 4491 29433
4491 21960 29433
29433 4491 21960
4787 5348 7123
5348 4787 7123
7123 4787 5348
4119 3707 29006
3707 4119 29006
29006 3707 4119
22244 1547 25093
1547 22244 25093
25093 1547 22244
19131 3503 8989
3503 8989 19131
8989 3503 19131
17643 7939 27117
7939 17643 27117
27117 7939 17643
1088 12434 26742
12434 1088 26742
26742 1088 12434
27096 7148 8047
7148 8047 27096
8047 7148 27096
7223 2581 20846
20846 2581 7223
2581 7223 20846
13842 5595 24276
5595 13842 24276
24276 5595 13842
3147 3485 9507
3485 3147 9507
9507 3147 3485
4831 15587 19271
19271 4831 15587
15587 4831 19271
18317 5619 22352
5619 18317 22352
22352 5619 18317
19777 8299 25982
25982 8299 19777
8299 19777 25982
14208 6905 29631
6905 14208 29631
29631 6905 14208
16961 11803 15554
15554 11803 16961
11803 15554 16961
9309 17165 20678
20678 9309 17165
17165 9309 20678
11224 13922 29507
13922 11224 29507
29507 11224 13922
21876 10796 15071
15071 10796 21876
10796 15071 21876
20102 24539 25920
24539 20102 25920
25920 20102 24539
18010 1873 16422
16422 1873 18010
1873 16422 18010
25996 4171 28773
4171 25996 28773
28773 4171 25996
20148 24063 27671
27671 20148 24063
24063 20148 27671
13482 2261 6399
6399 2261 13482
2261 6399 13482
23069 13362 18903
18903 13362 23069
13362 18903 23069
24233 5987 26250
26250 5987 24233
5987 24233 26250
25032 26128 27806
26128 25032 27806
27806 25032 26128
27128 11373 28100
11373 27128 28100
28100 11373 27128
18046 1611 17327
17327 1611 18046
1611 17327 18046
11494 3947 7740
3947 7740 11494
7740 3947 11494
22392 406 1398
406 1398 22392
1398 406 22392
17084 5464 12916
12916 5464 17084
5464 12916 17084
16288 17801 27082
27082 16288 17801
17801 16288 27082
3761 17720 21051
21051 3761 17720
17720 3761 21051
13741 15158 19828
19828 13741 15158
15158 13741 19828
10432 1146 19378
19378 1146 10432
1146 10432 19378
9867 10872 27169
10872 9867 27169
27169 9867 10872
7229 4208 15936
15936 4208 7229
4208 7229 15936
10956 4071 26034
4071 10956 26034
26034 4071 10956
16890 11359 13027
11359 13027 16890
13027 11359 16890
23717 1563 1818
1818 1563 23717
1563 1818 23717
16425 22983 25194
25194 16425 22983
22983 16425 25194
21315 2041 8416
2041 8416 21315
8416 2041 21315
19412 9987 29189
9987 19412 29189
29189 9987 19412
25533 7001 23520
23520 7001 25533
7001 23520 25533
13594 19012 19397
19012 13594 19397
19397 13594 19012
6931 4371 18380
18380 4371 6931
4371 6931 18380
16683 9147 23161
9147 16683 23161
23161 9147 16683
6681 8694 9417
8694 6681 9417
9417 6681 8694
6458 2299 29670
29670 2299 6458
2299 6458 29670
6395 5193 22007
22007 5193 6395
5193 6395 22007
10120 2963 8652
2963 8652 10120
8652 2963 10120
19404 4440 19013
4440 19013 19404
19013 4440 19404
10595 3716 23605
23605 3716 10595
3716 10595 23605
24822 17242 26980
17242 24822 26980
26980 17242 24822
28064 14752 25245
14752 25245 28064
25245 14752 28064
24905 190 20157
190 20157 24905
20157 190 24905
12540 9757 15076
9757 12540 15076
15076 9757 12540
16158 11630 22497
11630 16158 22497
22497 11630 16158
17153 5481 10357
5481 10357 17153
10357 5481 17153
11104 17459 23156
17459 11104 23156
23156 11104 17459
24787 15378 24189
15378 24189 24787
24189 15378 24787
23708 15671 19991
15671 19991 23708
19991 15671 23708
1361 6769 25779
25779 1361 6769
6769 1361 25779
19662 12185 19401
12185 19401 19662
19401 12185 19662
9209 544 5103
544 5103 9209
5103 544 9209
19969 1249 21431
1249 19969 21431
21431 1249 19969
10218 5728 21116
21116 5728 10218
5728 10218 21116
19449 10866 13848
13848 10866 19449
10866 13848 19449
16920 1554 27712
1554 16920 27712
27712 1554 16920
2830 3910 16788
3910 2830 16788
16788 2830 3910
6256 13205 16835
16835 6256 13205
13205 6256 16835
11049 8923 23807
23807 8923 11049
8923 11049 23807
4148 312 8511
8511 312 4148
312 4148 8511
19638 12024 16400
12024 16400 19638
16400 12024 19638
17255 8678 11337
11337 8678 17255
8678 11337 17255
3652 10005 12250
12250 3652 10005
10005 3652 12250
28823 9852 20607
20607 9852 28823
9852 20607 28823
11231 18654 24172
24172 11231 18654
18654 11231 24172
15070 24474 29145
24474 15070 29145
29145 15070 24474
3268 245 18599
245 3268 18599
18599 245 3268
2791 12104 29141
12104 2791 29141
29141 2791 12104
26652 6278 19751
6278 19751 26652
19751 6278 26652
17457 6061 10698
6061 10698 17457
10698 6061 17457
15849 3221 8668
8668 3221 15849
3221 8668 15849
18929 6205 19893
19893 6205 18929
6205 18929 19893
13809 11841 16011
16011 11841 13809
11841 13809 16011
24710 25024 26686
25024 24710 26686
26686 24710 25024
7543 16521 16965
16965 7543 16521
16521 7543 16965
29043 4755 10264
10264 4755 29043
4755 10264 29043
21231 5028 20010
5028 20010 21231
20010 5028 21231
2653 3897 19333
19333 2653 3897
3897 2653 19333
8340 20343 21859
21859 8340 20343
20343 8340 21859
1552 12343 22836
22836 1552 12343
12343 1552 22836
16107 13862 21790
13862 16107 21790
21790 13862 16107
10422 7088 23652
23652 7088 10422
7088 10422 23652
25011 7703 11160
7703 11160 25011
11160 7703 25011
11122 7282 16091
16091 7282 11122
7282 11122 16091
10908 11935 17313
17313 10908 11935
11935 10908 17313
2924 2051 28800
28800 2051 2924
2051 2924 28800
4252 2889 21920
2889 4252 21920
21920 2889 4252
611 5445 22884
5445 611 22884
22884 611 5445
26240 17662 20911
20911 17662 26240
17662 20911 26240
24339 10999 18585
18585 10999 24339
10999 18585 24339
22935 7847 17566
7847 17566 22935
17566 7847 22935
7550 18347 24487
24487 7550 18347
18347 7550 24487
17116 10412 25941
10412 17116 25941
25941 10412 17116
7830 8204 23463
23463 7830 8204
8204 7830 23463
10198 1971 27643
1971 10198 27643
27643 1971 10198
5406 1098 5868
1098 5406 5868
5868 1098 5406
21589 19224 21468
21468 19224 21589
19224 21468 21589
28181 10207 29153
10207 28181 29153
29153 10207 28181
28226 15548 23174
15548 23174 28226
23174 15548 28226
12177 744 26027
744 12177 26027
26027 744 12177
21778 7428 22089
22089 7428 21778
7428 21778 22089
14483 6972 18236
6972 14483 18236
18236 6972 14483
18810 1285 20631
1285 18810 20631
20631 1285 18810
8315 630 1340
630 1340 8315
1340 630 8315
22221 13901 24184
13901 22221 24184
24184 13901 22221
2318 3589 21210
3589 2318 21210
21210 2318 3589
10721 12961 14040
12961 10721 14040
14040 10721 12961
26061 15406 16849
16849 15406 26061
15406 16849 26061
1121 5073 7391
5073 1121 7391
7391 1121 5073
7285 25298 25616
25616 7285 25298
25298 7285 25616
3152 441 16414
16414 441 3152
441 3152 16414
29884 4820 20054
4820 20054 29884
20054 4820 29884
28460 8673 11779
8673 11779 28460
11779 8673 28460
18617 4754 18478
4754 18478 18617
18478 4754 18617
9375 2105 12506
2105 9375 12506
12506 2105 9375
10097 12400 24558
12400 10097 24558
24558 10097 12400
19432 5860 22074
22074 5860 19432
5860 19432 22074
9256 18452 22145
18452 9256 22145
22145 9256 18452
30 15734 19833
15734 30 19833
19833 30 15734
21322 9459 27635
9459 21322 27635
27635 9459 21322
26152 17714 27528
17714 26152 27528
27528 17714 26152
6780 18816 26546
26546 6780 18816
18816 6780 26546
10967 15211 16044
15211 10967 16044
16044 10967 15211
20480 1794 21681
1794 20480 21681
21681 1794 20480
12773 18688 22398
18688 12773 22398
22398 12773 18688
17360 9372 16281
9372 16281 17360
16281 9372 17360
12466 11742 12645
11742 12466 12645
12645 11742 12466
14842 10634 17554
10634 14842 17554
17554 10634 14842
11798 5076 28782
28782 5076 11798
5076 11798 28782
18572 5534 29465
29465 5534 18572
5534 18572 29465
19028 5713 19909
19909 5713 19028
5713 19028 19909
24592 3477 21093
21093 3477 24592
3477 21093 24592
18525 24083 27036
27036 18525 24083
24083 18525 27036
14442 12536 20077
20077 12536 14442
12536 14442 20077
14643 10548 28058
28058 10548 14643
10548 14643 28058
7073 1639 18362
1639 7073 18362
18362 1639 7073
26605 9978 13123
9978 13123 26605
13123 9978 26605
13632 5143 20117
5143 13632 20117
20117 5143 13632
5438 11154 18454
11154 5438 18454
18454 5438 11154
19152 19254 24707
24707 19152 19254
19254 19152 24707
24245 1615 3653
3653 1615 24245
1615 3653 24245
16304 6246 28498
28498 6246 16304
6246 16304 28498
1801 4805 10447
10447 1801 4805
4805 1801 10447
14129 14043 21048
21048 14043 14129
14043 14129 21048
20592 5583 22833
22833 5583 20592
5583 20592 22833
20749 20161 23390
23390 20161 20749
20161 20749 23390
13531 15212 18174
15212 13531 18174
18174 13531 15212
7731 836 25557
836 7731 25557
25557 836 7731
11504 3480 4280
4280 3480 11504
3480 4280 11504
14893 2155 14710
2155 14710 14893
14710 2155 14893
8781 13617 29171
13617 8781 29171
29171 8781 13617
3920 6714 11568
11568 3920 6714
6714 3920 11568
18481 10910 15753
10910 15753 18481
15753 10910 18481
8155 20651 26951
26951 8155 20651
20651 8155 26951
22298 8265 17285
17285 8265 22298
8265 17285 22298
15862 13324 16852
13324 15862 16852
16852 13324 15862
13524 1502 22361
1502 13524 22361
22361 1502 13524
21726 6802 27286
27286 6802 21726
6802 21726 27286
18368 8030 19667
8030 18368 19667
19667 8030 18368
20969 2291 13610
13610 2291 20969
2291 13610 20969
3417 10386 26713
26713 3417 10386
10386 3417 26713
20091 3817 20831
3817 20091 20831
20831 3817 20091
19014 5502 17132
17132 5502 19014
5502 17132 19014
1837 12670 24159
12670 1837 24159
24159 1837 12670
18986 2959 23273
23273 2959 18986
2959 18986 23273
22279 17905 29681
29681 17905 22279
17905 22279 29681
8515 17359 18949
17359 8515 18949
18949 8515 17359
14059 4475 24257
24257 4475 14059
4475 14059 24257
15448 10541 18451
10541 15448 18451
18451 10541 15448
28423 1416 22728
22728 1416 28423
1416 22728 28423
12242 1556 2609
1556 2609 12242
2609 1556 12242
5101 3321 19480
3321 5101 19480
19480 3321 5101
2949 24637 29011
24637 2949 29011
29011 2949 24637
21964 132 1935
132 1935 21964
1935 132 21964
15566 9506 12121
12121 9506 15566
9506 12121 15566
19987 1205 4390
1205 4390 19987
4390 1205 19987
24311 17912 23818
23818 17912 24311
17912 23818 24311
6043 931 15981
931 6043 15981
15981 931 6043
1222 26795 29575
29575 1222 26795
26795 1222 29575
22347 8864 28253
8864 22347 28253
28253 8864 22347
1901 3666 25320
3666 1901 25320
25320 1901 3666
9214 4026 5153
5153 4026 9214
4026 5153 9214
27483 19130 24054
24054 19130 27483
19130 24054 27483
17927 18556 23991
23991 17927 18556
18556 17927 23991
4111 7305 16975
16975 4111 7305
7305 4111 16975
20858 15056 18557
15056 18557 20858
18557 15056 20858
18375 11009 28670
28670 11009 18375
11009 18375 28670
4015 203 19576
19576 203 4015
203 4015 19576
5660 9304 28783
28783 5660 9304
9304 5660 28783
12963 23239 23514
23239 12963 23514
23514 12963 23239
11925 206 21031
206 11925 21031
21031 206 11925
25236 7815 9846
7815 9846 25236
9846 7815 25236
27386 11885 22015
22015 11885 27386
11885 22015 27386
285 10140 24522
10140 285 24522
24522 285 10140
11930 1680 6940
6940 1680 11930
1680 6940 11930
19168 4313 16194
16194 4313 19168
4313 16194 19168
17143 19950 28599
19950 17143 28599
28599 17143 19950
789 22954 29679
22954 789 29679
29679 789 22954
19554 7380 21571
21571 7380 19554
7380 19554 21571
25499 23247 25790
23247 25499 25790
25790 23247 25499
24221 8557 23157
23157 8557 24221
8557 23157 24221
21418 28455 28890
28890 21418 28455
28455 21418 28890
25336 2646 5001
2646 5001 25336
5001 2646 25336
7235 7905 28841
28841 7235 7905
7905 7235 28841
1575 196 8657
8657 196 1575
196 1575 8657
4434 6523 26478
26478 4434 6523
6523 4434 26478
26858 185 23110
23110 185 26858
185 23110 26858
6129 21019 25518
25518 6129 21019
21019 6129 25518
17655 2854 19810
2854 17655 19810
19810 2854 17655
23100 15032 16964
15032 16964 23100
16964 15032 23100
14889 2867 18412
2867 14889 18412
18412 2867 14889
17886 12574 22420
12574 17886 22420
22420 12574 17886
23757 11945 26446
26446 11945 23757
11945 23757 26446
17315 18401 20274
20274 17315 18401
18401 17315 20274
23179 10916 26642
26642 10916 23179
10916 23179 26642
16804 2919 7005
7005 2919 16804
2919 7005 16804
29099 13285 17404
13285 17404 29099
17404 13285 29099
15245 1381 8388
8388 1381 15245
1381 8388 15245
7430 14233 14768
14233 7430 14768
14768 7430 14233
16245 20852 28114
28114 16245 20852
20852 16245 28114
16118 2282 25224
25224 2282 16118
2282 16118 25224
8507 1344 22687
22687 1344 8507
1344 8507 22687
9039 2825 27792
2825 9039 27792
27792 2825 9039
11157 14491 25892
14491 11157 25892
25892 11157 14491
24196 4274 4999
4999 4274 24196
4274 4999 24196
25521 12291 19602
19602 12291 25521
12291 19602 25521
26618 24645 27013
27013 24645 26618
24645 26618 27013
18220 2967 27809
2967 18220 27809
27809 2967 18220
16566 17556 28041
17556 16566 28041
28041 16566 17556
13279 5058 26622
26622 5058 13279
5058 13279 26622
23026 26189 26855
26189 23026 26855
26855 23026 26189
29769 15756 16088
15756 16088 29769
16088 15756 29769
15439 23712 29708
23712 15439 29708
29708 15439 23712
21446 2094 17595
17595 2094 21446
2094 17595 21446
8157 20515 25877
20515 8157 25877
25877 8157 20515
15309 4594 8636
8636 4594 15309
4594 8636 15309
16875 4273 14522
14522 4273 16875
4273 14522 16875
24228 15858 15913
15858 15913 24228
15913 15858 24228
5541 3520 15876
3520 5541 15876
15876 3520 5541
21753 12060 18026
18026 12060 21753
12060 18026 21753
29351 22714 24907
24907 22714 29351
22714 24907 29351
28848 3691 26218
3691 26218 28848
26218 3691 28848
16524 27831 27923
27831 16524 27923
27923 16524 27831
267 6115 15002
15002 267 6115
6115 267 15002
6913 15494 24524
24524 6913 15494
15494 6913 24524
3216 18205 18523
18205 3216 18523
18523 3216 18205
10684 15156 17322
17322 10684 15156
15156 10684 17322
5721 9642 9900
9900 5721 9642
9642 5721 9900
26568 3787 12754
3787 12754 26568
12754 3787 26568
26139 288 27573
27573 288 26139
288 26139 27573
23817 6004 11718
6004 11718 23817
11718 6004 23817
21514 17260 24359
24359 17260 21514
17260 21514 24359
4182 7091 16549
7091 4182 16549
16549 4182 7091
26052 12733 15543
12733 15543 26052
15543 12733 26052
16639 6843 14048
6843 14048 16639
14048 6843 16639
16470 12760 14704
14704 12760 16470
12760 14704 16470
1419 11414 25504
11414 1419 25504
25504 1419 11414
18666 12015 21942
21942 12015 18666
12015 18666 21942
21558 2424 5341
5341 2424 21558
2424 5341 21558
29791 17763 27086
17763 27086 29791
27086 17763 29791
19889 15921 21454
15921 19889 21454
21454 15921 19889
29042 9504 26290
9504 26290 29042
26290 9504 29042
22627 16706 17738
17738 16706 22627
16706 17738 22627
15542 11539 12356
12356 11539 15542
11539 12356 15542
21918 16191 19676
16191 19676 21918
19676 16191 21918
26809 488 612
488 612 26809
612 488 26809
27803 1525 5898
1525 5898 27803
5898 1525 27803
7630 548 21696
548 7630 21696
21696 548 7630
24981 20708 22430
20708 22430 24981
22430 20708 24981
27212 1733 23075
1733 23075 27212
23075 1733 27212
10707 5241 7618
7618 5241 10707
5241 7618 10707
13331 17108 22559
22559 13331 17108
17108 13331 22559
15190 4143 13534
13534 4143 15190
4143 13534 15190
13162 10426 19625
19625 10426 13162
10426 13162 19625
375 26405 27667
27667 375 26405
26405 375 27667
15061 319 22883
319 15061 22883
22883 319 15061
1221 2628 18055
18055 1221 2628
2628 1221 18055
17364 5703 26160
5703 17364 26160
26160 5703 17364
13676 105 24562
24562 105 13676
105 13676 24562
23430 2918 4626
2918 4626 23430
4626 2918 23430
17122 9455 23764
9455 17122 23764
23764 9455 17122
60 15176 28166
28166 60 15176
15176 60 28166
2122 785 22174
22174 785 2122
785 2122 22174
15836 8504 12346
8504 12346 15836
12346 8504 15836
8633 4722 26919
26919 4722 8633
4722 8633 26919
13194 15768 25881
15768 13194 25881
25881 13194 15768
26212 210 9116
9116 210 26212
210 9116 26212
15896 1550 12920
1550 12920 15896
12920 1550 15896
18567 18536 27371
18536 18567 27371
27371 18536 18567
22205 4053 17889
4053 17889 22205
17889 4053 22205
14663 3124 25188
3124 14663 25188
25188 3124 14663
28088 11928 19226
11928 19226 28088
19226 11928 28088
1882 6312 22662
6312 1882 22662
22662 1882 6312
2260 25173 29384
29384 2260 25173
25173 2260 29384
25275 17455 26633
17455 25275 26633
26633 17455 25275
15984 5911 28381
28381 5911 15984
5911 15984 28381
5912 10380 17777
17777 5912 10380
10380 5912 17777
4506 43 18261
43 4506 18261
18261 43 4506
29538 2530 14930
14930 2530 29538
2530 14930 29538
14065 1720 29710
1720 14065 29710
29710 1720 14065
18500 143 4460
143 4460 18500
4460 143 18500
1414 5544 27067
5544 1414 27067
27067 1414 5544
27092 1983 26987
26987 1983 27092
1983 26987 27092
7059 5654 9109
9109 5654 7059
5654 7059 9109
10195 17676 28652
17676 10195 28652
28652 10195 17676
10246 4547 18072
4547 10246 18072
18072 4547 10246
4037 10528 18575
10528 4037 18575
18575 4037 10528
20980 24532 27848
27848 20980 24532
24532 20980 27848
6668 1345 27892
1345 6668 27892
27892 1345 6668
7532 18381 24866
24866 7532 18381
18381 7532 24866
18493 1346 29676
29676 1346 18493
1346 18493 29676
18992 3764 9683
9683 3764 18992
3764 9683 18992
12272 11167 12862
11167 12272 12862
12862 11167 12272
10332 25073 27423
25073 10332 27423
27423 10332 25073
20806 25987 27471
25987 20806 27471
27471 20806 25987
28148 9043 25239
9043 25239 28148
25239 9043 28148
775 4653 20770
20770 775 4653
4653 775 20770
15391 20450 29699
29699 15391 20450
20450 15391 29699
4986 4363 7904
7904 4363 4986
4363 4986 7904
24751 13045 26335
26335 13045 24751
13045 24751 26335
20167 24577 25532
25532 20167 24577
24577 20167 25532
20425 24555 29967
24555 20425 29967
29967 20425 24555
2948 10407 19312
19312 2948 10407
10407 2948 19312
3596 22526 28302
22526 3596 28302
28302 3596 22526
17393 16848 20656
16848 17393 20656
20656 16848 17393
10949 12644 15407
12644 10949 15407
15407 10949 12644
23112 26690 27104
27104 23112 26690
26690 23112 27104
7047 8852 23230
23230 7047 8852
8852 7047 23230
26782 416 14455
14455 416 26782
416 14455 26782
27576 9246 18647
9246 18647 27576
18647 9246 27576
9541 303 17452
17452 303 9541
303 9541 17452
19080 5547 7625
5547 7625 19080
7625 5547 19080
26407 9074 26339
9074 26339 26407
26339 9074 26407
13270 17689 19591
19591 13270 17689
17689 13270 19591
2897 637 7328
637 2897 7328
7328 637 2897
13855 4903 12442
12442 4903 13855
4903 12442 13855
14956 8935 29549
29549 8935 14956
8935 14956 29549
17045 2607 22129
2607 17045 22129
22129 2607 17045
6231 3002 6605
6605 3002 6231
3002 6231 6605
2938 13466 26119
26119 2938 13466
13466 2938 26119
18005 3640 24332
24332 3640 18005
3640 18005 24332
8920 15546 19114
19114 8920 15546
15546 8920 19114
3327 13189 20998
20998 3327 13189
13189 3327 20998
11666 5570 13882
5570 11666 13882
13882 5570 11666
23039 10876 29655
29655 10876 23039
10876 23039 29655
14338 1721 19381
19381 1721 14338
1721 14338 19381
6794 14683 17997
14683 6794 17997
17997 6794 14683
23259 2212 15382
2212 15382 23259
15382 2212 23259
23606 19745 26081
19745 23606 26081
26081 19745 23606
10714 8133 13264
13264 8133 10714
8133 10714 13264
17799 14135 18634
18634 14135 17799
14135 17799 18634
17117 12608 18488
12608 17117 18488
18488 12608 17117
12249 1698 6279
1698 6279 12249
6279 1698 12249
5104 3760 17805
3760 5104 17805
17805 3760 5104
11095 7826 26984
7826 11095 26984
26984 7826 11095
4759 13904 28527
13904 4759 28527
28527 4759 13904
3743 563 12370
563 3743 12370
12370 563 3743
10713 5755 21160
21160 5755 10713
5755 10713 21160
23477 21764 28218
28218 21764 23477
21764 23477 28218
28557 7970 16264
7970 16264 28557
16264 7970 28557
17532 13468 28522
13468 17532 28522
28522 13468 17532
21272 14422 18893
18893 14422 21272
14422 18893 21272
14044 8037 13879
8037 13879 14044
13879 8037 14044
13945 2479 3349
3349 2479 13945
2479 3349 13945
20477 9302 15510
15510 9302 20477
9302 15510 20477
519 3118 27472
27472 519 3118
3118 519 27472
22625 27302 28085
28085 22625 27302
27302 22625 28085
6160 17222 29732
29732 6160 17222
17222 6160 29732
28236 20992 29130
20992 28236 29130
29130 20992 28236
6361 7036 14373
14373 6361 7036
7036 6361 14373
14985 7930 23498
7930 14985 23498
23498 7930 14985
8750 18784 24280
24280 8750 18784
18784 8750 24280
21384 18533 29550
18533 21384 29550
29550 18533 21384
15534 18849 24857
24857 15534 18849
18849 15534 24857
20618 2288 20954
20954 2288 20618
2288 20618 20954
13478 13193 29581
29581 13193 13478
13193 13478 29581
14053 6896 13218
6896 13218 14053
13218 6896 14053
2072 5391 24958
24958 2072 5391
5391 2072 24958
9694 6957 20110
20110 6957 9694
6957 9694 20110
786 13395 14425
14425 786 13395
13395 786 14425
17475 5431 21461
5431 17475 21461
21461 5431 17475
27131 16532 20088
20088 16532 27131
16532 20088 27131
25508 14564 21805
14564 21805 25508
21805 14564 25508
12837 408 16277
408 12837 16277
16277 408 12837
3934 235 16805
16805 235 3934
235 3934 16805
11913 495 8417
495 8417 11913
8417 495 11913
11861 645 25402
25402 645 11861
645 11861 25402
27801 16611 18295
16611 18295 27801
18295 16611 27801
2053 2030 13667
13667 2030 2053
2030 2053 13667
8747 4714 23509
4714 8747 23509
23509 4714 8747
9634 1475 5497
5497 1475 9634
1475 5497 9634
27408 1960 26557
1960 26557 27408
26557 1960 27408
7438 13592 25162
25162 7438 13592
13592 7438 25162
2232 3076 7860
3076 2232 7860
7860 2232 3076
2087 10223 15552
10223 2087 15552
15552 2087 10223
2219 10504 21970
10504 2219 21970
21970 2219 10504
19081 17280 29653
29653 17280 19081
17280 19081 29653
27147 25048 27288
27288 25048 27147
25048 27147 27288
876 22036 26751
22036 876 26751
26751 876 22036
22799 7050 23535
23535 7050 22799
7050 22799 23535
3129 11131 19787
11131 3129 19787
19787 3129 11131
16677 6295 28580
6295 16677 28580
28580 6295 16677
23016 11057 24644
11057 23016 24644
24644 11057 23016
23431 4172 28816
4172 23431 28816
28816 4172 23431
21506 8756 22135
22135 8756 21506
8756 21506 22135
19903 2642 20334
20334 2642 19903
2642 19903 20334
9044 7601 11092
7601 9044 11092
11092 7601 9044
9814 10632 15966
15966 9814 10632
10632 9814 15966
18668 4197 11962
4197 11962 18668
11962 4197 18668
1577 11285 12127
11285 1577 12127
12127 1577 11285
5008 18752 26726
18752 5008 26726
26726 5008 18752
25180 6199 14836
14836 6199 25180
6199 14836 25180
21510 2403 8053
2403 8053 21510
8053 2403 21510
27523 9848 18961
9848 18961 27523
18961 9848 27523
10531 14101 25096
14101 10531 25096
25096 10531 14101
13391 1862 20107
20107 1862 13391
1862 13391 20107
3364 2571 2999
2571 2999 3364
2999 2571 3364
8590 7675 8064
7675 8064 8590
8064 7675 8590
12778 8058 15095
8058 12778 15095
15095 8058 12778
26001 14270 19717
19717 14270 26001
14270 19717 26001
4939 3643 15206
3643 4939 15206
15206 3643 4939
7137 2386 13601
2386 7137 13601
13601 2386 7137
4103 24862 25121
25121 4103 24862
24862 4103 25121
20702 22587 27114
22587 20702 27114
27114 20702 22587
13791 11228 26211
26211 11228 13791
11228 13791 26211
19103 1067 1659
1067 1659 19103
1659 1067 19103
25905 22606 29621
22606 25905 29621
29621 22606 25905
18679 5701 17631
17631 5701 18679
5701 17631 18679
10132 20947 26899
20947 10132 26899
26899 10132 20947
13143 853 16040
16040 853 13143
853 13143 16040
5866 522 23353
23353 522 5866
522 5866 23353
6444 19444 28357
19444 6444 28357
28357 6444 19444
14929 4978 7778
7778 4978 14929
4978 7778 14929
15134 7155 29486
29486 7155 15134
7155 15134 29486
6509 2358 19555
2358 6509 19555
19555 2358 6509
23671 5005 8244
8244 5005 23671
5005 8244 23671
11878 8712 24902
8712 11878 24902
24902 8712 11878
1642 19758 28612
28612 1642 19758
19758 1642 28612
17864 6691 21525
6691 17864 21525
21525 6691 17864
3552 21385 22823
21385 3552 22823
22823 3552 21385
17439 22172 23698
22172 17439 23698
23698 17439 22172
4419 4545 8771
8771 4419 4545
4545 4419 8771
25165 18252 25210
18252 25165 25210
25210 18252 25165
14590 8050 24147
24147 8050 14590
8050 14590 24147
27879 6629 29880
6629 27879 29880
29880 6629 27879
24527 7989 17357
17357 7989 24527
7989 17357 24527
6046 16560 25419
16560 6046 25419
25419 6046 16560
5015 2670 6122
6122 2670 5015
2670 5015 6122
5033 634 29523
29523 634 5033
634 5033 29523
7374 9769 18641
9769 7374 18641
18641 7374 9769
13694 392 16668
16668 392 13694
392 13694 16668
1880 23092 26991
23092 1880 26991
26991 1880 23092
15333 9162 21223
9162 15333 21223
21223 9162 15333
9248 3695 14964
3695 9248 14964
14964 3695 9248
13850 8807 11574
8807 11574 13850
11574 8807 13850
26931 24333 27556
24333 26931 27556
27556 24333 26931
12947 16004 28277
16004 12947 28277
28277 12947 16004
20662 7350 9429
9429 7350 20662
7350 9429 20662
27343 13783 18110
13783 18110 27343
18110 13783 27343
832 14235 21451
14235 832 21451
21451 832 14235
13497 6407 29736
6407 13497 29736
29736 6407 13497
23497 18393 21849
18393 21849 23497
21849 18393 23497
10224 20059 26195
26195 10224 20059
20059 10224 26195
14405 12578 18933
18933 12578 14405
12578 14405 18933
16537 1079 4667
4667 1079 16537
1079 4667 16537
18288 2371 19569
19569 2371 18288
2371 18288 19569
22033 18020 21775
21775 18020 22033
18020 21775 22033
6708 8821 29335
8821 6708 29335
29335 6708 8821
21040 2577 6470
2577 6470 21040
6470 2577 21040
28920 1628 5408
5408 1628 28920
1628 5408 28920
6182 26088 29928
26088 6182 29928
29928 6182 26088
1353 12095 27411
27411 1353 12095
12095 1353 27411
22857 24479 26142
24479 22857 26142
26142 22857 24479
3342 966 23354
966 3342 23354
23354 966 3342
8136 13238 24638
24638 8136 13238
13238 8136 24638
25442 51 3400
51 3400 25442
3400 51 25442
14293 7431 20771
7431 14293 20771
20771 7431 14293
19044 24790 25908
25908 19044 24790
24790 19044 25908
26429 23613 29323
29323 23613 26429
23613 26429 29323
21683 13595 15908
13595 15908 21683
15908 13595 21683
15253 3406 15170
3406 15170 15253
15170 3406 15253
3914 12066 17834
17834 3914 12066
12066 3914 17834
12139 3259 20793
3259 12139 20793
20793 3259 12139
12508 1401 23844
1401 12508 23844
23844 1401 12508
10914 13670 21799
21799 10914 13670
13670 10914 21799
1293 2588 21275
21275 1293 2588
2588 1293 21275
14413 1046 14856
1046 14413 14856
14856 1046 14413
27272 2346 18760
2346 18760 27272
18760 2346 27272
15606 3962 20653
20653 3962 15606
3962 15606 20653
25679 2138 25052
2138 25052 25679
25052 2138 25679
26959 6912 23366
6912 23366 26959
23366 6912 26959
18633 446 25854
446 18633 25854
25854 446 18633
16938 2211 27578
27578 2211 16938
2211 16938 27578
22734 18527 23739
23739 18527 22734
18527 22734 23739
18148 11130 22414
11130 18148 22414
22414 11130 18148
5795 20421 23970
23970 5795 20421
20421 5795 23970
21627 5749 22922
5749 21627 22922
22922 5749 21627
19834 8353 14138
14138 8353 19834
8353 14138 19834
7697 16024 26056
16024 7697 26056
26056 7697 16024
11593 5799 6956
6956 5799 11593
5799 6956 11593
25900 15935 27160
15935 25900 27160
27160 15935 25900
17690 5274 18842
5274 17690 18842
18842 5274 17690
12860 6806 8446
8446 6806 12860
6806 8446 12860
22178 13086 15353
13086 15353 22178
15353 13086 22178
23570 444 16394
16394 444 23570
444 16394 23570
20468 20340 27605
20340 20468 27605
27605 20340 20468
7384 4532 15171
15171 4532 7384
4532 7384 15171
25108 16072 26775
16072 25108 26775
26775 16072 25108
8300 8252 10959
8252 8300 10959
10959 8252 8300
3441 9495 25453
9495 3441 25453
25453 3441 9495
18783 6092 13657
13657 6092 18783
6092 13657 18783
13536 14050 16420
14050 13536 16420
16420 13536 14050
4607 2093 29203
29203 2093 4607
2093 4607 29203
17746 7345 20641
20641 7345 17746
7345 17746 20641
23995 9692 11634
9692 11634 23995
11634 9692 23995
860 12739 23357
23357 860 12739
12739 860 23357
26487 16540 28593
16540 26487 28593
28593 16540 26487
22433 5263 24389
5263 22433 24389
24389 5263 22433
552 26143 29738
29738 552 26143
26143 552 29738
16580 15487 21716
21716 15487 16580
15487 16580 21716
15182 10569 11907
10569 11907 15182
11907 10569 15182
25072 1877 5891
5891 1877 25072
1877 5891 25072
7424 13093 16702
13093 7424 16702
16702 7424 13093
17273 9522 13702
13702 9522 17273
9522 13702 17273
3790 14025 20584
20584 3790 14025
14025 3790 20584
3299 342 28239
28239 342 3299
342 3299 28239
17480 1364 17773
17773 1364 17480
1364 17480 17773
23426 18038 29647
18038 23426 29647
29647 18038 23426
20307 6662 19649
6662 19649 20307
19649 6662 20307
12973 16444 27416
27416 12973 16444
16444 12973 27416
15445 13141 20644
20644 13141 15445
13141 15445 20644
20175 22683 23346
22683 20175 23346
23346 20175 22683
7003 11106 23866
11106 7003 23866
23866 7003 11106
17778 6376 23059
6376 17778 23059
23059 6376 17778
19568 11 8301
11 8301 19568
8301 11 19568
626 7769 26790
7769 626 26790
26790 626 7769
2434 1313 3061
1313 2434 3061
3061 1313 2434
18996 18432 27750
18432 18996 27750
27750 18432 18996
17628 3146 15335
3146 15335 17628
15335 3146 17628
4771 25410 28213
25410 4771 28213
28213 4771 25410
16344 1742 6722
1742 6722 16344
6722 1742 16344
504 2221 26169
2221 504 26169
26169 504 2221
14102 11737 20469
11737 14102 20469
20469 11737 14102
29491 22274 24443
24443 22274 29491
22274 24443 29491
11108 9004 21066
21066 9004 11108
9004 11108 21066
25507 9951 20030
9951 20030 25507
20030 9951 25507
4006 18232 20504
18232 4006 20504
20504 4006 18232
1623 3476 15115
3476 1623 15115
15115 1623 3476
26725 17887 24631
17887 24631 26725
24631 17887 26725
9601 13987 21527
13987 9601 21527
21527 9601 13987
22769 6475 20347
20347 6475 22769
6475 20347 22769
20501 1614 17174
1614 17174 20501
17174 1614 20501
8214 9573 26776
9573 8214 26776
26776 8214 9573
6963 10288 14127
14127 6963 10288
10288 6963 14127
23883 2396 6510
2396 6510 23883
6510 2396 23883
16600 2116 12598
12598 2116 16600
2116 12598 16600
1244 1874 5778
5778 1244 1874
1874 1244 5778
10620 7249 29441
29441 7249 10620
7249 10620 29441
7248 8602 12075
8602 7248 12075
12075 7248 8602
20005 1055 26678
1055 20005 26678
26678 1055 20005
22304 8572 20326
20326 8572 22304
8572 20326 22304
26519 700 16675
16675 700 26519
700 16675 26519
15560 4470 16467
4470 15560 16467
16467 4470 15560
8661 11789 27914
27914 8661 11789
11789 8661 27914
28184 3075 26301
3075 26301 28184
26301 3075 28184
26644 13437 16774
13437 16774 26644
16774 13437 26644
17493 8362 8438
8438 8362 17493
8362 8438 17493
8483 18319 18672
18319 8483 18672
18672 8483 18319
23762 16500 29857
16500 23762 29857
29857 16500 23762
6727 18436 19056
18436 6727 19056
19056 6727 18436
26830 849 18970
18970 849 26830
849 18970 26830
21511 16892 24875
16892 21511 24875
24875 16892 21511
21145 485 14571
14571 485 21145
485 14571 21145
2656 22934 29314
29314 2656 22934
22934 2656 29314
6530 6400 18222
18222 6400 6530
6400 6530 18222
4885 695 10943
695 4885 10943
10943 695 4885
26789 13138 22254
13138 22254 26789
22254 13138 26789
638 340 3506
3506 340 638
340 638 3506
1963 19497 23099
19497 1963 23099
23099 1963 19497
9114 2970 25648
2970 9114 25648
25648 2970 9114
2194 7404 17301
7404 2194 17301
17301 2194 7404
2471 627 7314
627 2471 7314
7314 627 2471
3845 65 17486
17486 65 3845
65 3845 17486
27175 5429 27869
27869 5429 27175
5429 27175 27869
27921 10080 16487
16487 10080 27921
10080 16487 27921
11992 12922 29968
12922 11992 29968
29968 11992 12922
21094 17478 21186
21186 17478 21094
17478 21094 21186
2049 2643 15766
15766 2049 2643
2643 2049 15766
11428 9350 21699
9350 11428 21699
21699 9350 11428
19137 324 26709
26709 324 19137
324 19137 26709
23830 25303 29161
25303 23830 29161
29161 23830 25303
9128 11600 21687
21687 9128 11600
11600 9128 21687
28998 4152 13932
4152 13932 28998
13932 4152 28998
8738 7578 27094
27094 7578 8738
7578 8738 27094
23979 5436 14568
5436 14568 23979
14568 5436 23979
10462 3018 7316
7316 3018 10462
3018 7316 10462
27780 26199 29731
26199 27780 29731
29731 26199 27780
27539 22813 24438
24438 22813 27539
22813 24438 27539
6814 2014 8128
2014 6814 8128
8128 2014 6814
28689 536 14954
14954 536 28689
536 14954 28689
516 3838 4610
4610 516 3838
3838 516 4610
2464 19728 29689
29689 2464 19728
19728 2464 29689
25748 5040 18638
18638 5040 25748
5040 18638 25748
23205 13001 25880
13001 23205 25880
25880 13001 23205
24948 16754 17592
16754 17592 24948
17592 16754 24948
5945 6757 23784
6757 5945 23784
23784 5945 6757
18505 5518 13829
5518 13829 18505
13829 5518 18505
18308 7212 14268
7212 14268 18308
14268 7212 18308
25571 12879 23749
23749 12879 25571
12879 23749 25571
16823 4861 21350
4861 16823 21350
21350 4861 16823
22418 12029 22088
12029 22088 22418
22088 12029 22418
2695 10984 15683
15683 2695 10984
10984 2695 15683
22718 6779 8967
8967 6779 22718
6779 8967 22718
7260 11002 27019
11002 7260 27019
27019 7260 11002
12498 4059 4919
4059 4919 12498
4919 4059 12498
26113 6284 18476
18476 6284 26113
6284 18476 26113
187 18551 25443
25443 187 18551
18551 187 25443
12181 20732 27111
27111 12181 20732
20732 12181 27111
3383 7801 8541
8541 3383 7801
7801 3383 8541
5232 21096 25028
25028 5232 21096
21096 5232 25028
17880 2419 18181
2419 17880 18181
18181 2419 17880
28451 16584 22023
22023 16584 28451
16584 22023 28451
2381 14583 15039
14583 2381 15039
15039 2381 14583
29187 12615 18847
12615 18847 29187
18847 12615 29187
10731 25472 26217
25472 10731 26217
26217 10731 25472
4198 15442 26967
15442 4198 26967
26967 4198 15442
20769 3960 26763
3960 20769 26763
26763 3960 20769
19073 22927 23536
23536 19073 22927
22927 19073 23536
21966 5317 21471
5317 21471 21966
21471 5317 21966
3632 2562 8246
2562 3632 8246
8246 2562 3632
29717 6116 9698
9698 6116 29717
6116 9698 29717
13307 4230 28374
4230 13307 28374
28374 4230 13307
3698 3339 16161
3339 3698 16161
16161 3339 3698
19248 651 10250
651 10250 19248
10250 651 19248
3608 7850 27279
7850 3608 27279
27279 3608 7850
5000 8703 9962
9962 5000 8703
8703 5000 9962
15612 9155 18700
18700 9155 15612
9155 15612 18700
28019 22889 26836
22889 26836 28019
26836 22889 28019
2618 9633 11424
11424 2618 9633
9633 2618 11424
9422 3711 11597
11597 3711 9422
3711 9422 11597
6715 1619 4946
4946 1619 6715
1619 4946 6715
11448 2640 14312
14312 2640 11448
2640 11448 14312
19308 6107 27452
27452 6107 19308
6107 19308 27452
25251 23933 28035
23933 25251 28035
28035 23933 25251
22948 4354 27954
27954 4354 22948
4354 22948 27954
18761 8776 19469
8776 18761 19469
19469 8776 18761
18502 9616 19415
9616 18502 19415
19415 9616 18502
28887 7103 27093
27093 7103 28887
7103 27093 28887
16050 783 9226
783 9226 16050
9226 783 16050
11855 15524 19264
19264 11855 15524
15524 11855 19264
13798 932 15711
15711 932 13798
932 13798 15711
26783 7679 14154
7679 14154 26783
14154 7679 26783
22523 2013 12265
12265 2013 22523
2013 12265 22523
7807 1039 5790
1039 5790 7807
5790 1039 7807
470 8867 9141
9141 470 8867
8867 470 9141
17305 8953 10350
8953 10350 17305
10350 8953 17305
14678 24440 25723
25723 14678 24440
24440 14678 25723
10394 20549 28412
28412 10394 20549
20549 10394 28412
14394 15119 16994
15119 14394 16994
16994 14394 15119
14756 3431 24209
3431 14756 24209
24209 3431 14756
12156 4886 16485
4886 12156 16485
16485 4886 12156
23057 1248 24649
24649 1248 23057
1248 23057 24649
2915 15231 26626
15231 2915 26626
26626 2915 15231
12538 8232 23809
23809 8232 12538
8232 12538 23809
726 11398 18984
11398 726 18984
18984 726 11398
21592 4628 26719
4628 21592 26719
26719 4628 21592
28309 20346 27568
20346 27568 28309
27568 20346 28309
18839 4216 14695
14695 4216 18839
4216 14695 18839
28574 7753 27851
7753 27851 28574
27851 7753 28574
16081 21398 28440
21398 16081 28440
28440 16081 21398
3977 79 4079
79 3977 4079
4079 79 3977
27026 19007 24641
19007 24641 27026
24641 19007 27026
10231 21214 22405
22405 10231 21214
21214 10231 22405
11052 11701 12166
12166 11052 11701
11701 11052 12166
27021 21118 21538
21538 21118 27021
21118 21538 27021
11383 17848 26561
26561 11383 17848
17848 11383 26561
2359 3521 10343
10343 2359 3521
3521 2359 10343
25515 2280 8263
8263 2280 25515
2280 8263 25515
28216 8784 12747
8784 12747 28216
12747 8784 28216
18015 8666 9206
8666 9206 18015
9206 8666 18015
18327 8021 10702
8021 10702 18327
10702 8021 18327
26413 3935 26631
3935 26413 26631
26631 3935 26413
16649 5748 9015
5748 9015 16649
9015 5748 16649
17029 10179 22480
10179 17029 22480
22480 10179 17029
2372 22164 26344
26344 2372 22164
22164 2372 26344
4190 10222 21971
21971 4190 10222
10222 4190 21971
13637 10676 23934
23934 10676 13637
10676 13637 23934
26050 12323 25353
25353 12323 26050
12323 25353 26050
20829 14307 26866
26866 14307 20829
14307 20829 26866
4569 7242 16502
16502 4569 7242
7242 4569 16502
6664 4706 29589
4706 6664 29589
29589 4706 6664
14838 5034 17079
5034 14838 17079
17079 5034 14838
4926 7651 20613
7651 4926 20613
20613 4926 7651
24127 3046 26451
26451 3046 24127
3046 24127 26451
16151 11430 27898
27898 11430 16151
11430 16151 27898
17681 12303 15651
12303 15651 17681
15651 12303 17681
18901 2119 15289
2119 15289 18901
15289 2119 18901
10939 6949 20491
20491 6949 10939
6949 10939 20491
10558 14680 28090
14680 10558 28090
28090 10558 14680
23915 6660 16858
16858 6660 23915
6660 16858 23915
15072 10395 14841
10395 14841 15072
14841 10395 15072
16065 21728 28713
28713 16065 21728
21728 16065 28713
21480 4998 20389
20389 4998 21480
4998 20389 21480
22302 3237 17683
3237 17683 22302
17683 3237 22302
12584 19976 20736
19976 12584 20736
20736 12584 19976
27495 8434 28310
28310 8434 27495
8434 27495 28310
7200 14835 20496
20496 7200 14835
14835 7200 20496
19934 16616 20560
20560 16616 19934
16616 19934 20560
17182 7024 26072
26072 7024 17182
7024 17182 26072
18363 6274 9231
9231 6274 18363
6274 9231 18363
22590 7446 17825
17825 7446 22590
7446 17825 22590
21804 11658 25579
11658 21804 25579
25579 11658 21804
18937 12699 15314
15314 12699 18937
12699 15314 18937
28628 23488 25020
25020 23488 28628
23488 25020 28628
8968 4393 19880
19880 4393 8968
4393 8968 19880
561 10575 15079
15079 561 10575
10575 561 15079
19514 7768 17656
7768 17656 19514
17656 7768 19514
22656 5893 14654
5893 14654 22656
14654 5893 22656
11707 5284 12581
5284 11707 12581
12581 5284 11707
11998 8165 10316
8165 10316 11998
10316 8165 11998
20754 21180 28119
21180 20754 28119
28119 20754 21180
20488 7615 23483
23483 7615 20488
7615 20488 23483
205 5800 20081
20081 205 5800
5800 205 20081
8086 9684 17968
17968 8086 9684
9684 8086 17968
27407 14726 24427
24427 14726 27407
14726 24427 27407
1347 18060 21822
18060 1347 21822
21822 1347 18060
9343 1087 21438
21438 1087 9343
1087 9343 21438
16054 1250 20906
1250 16054 20906
20906 1250 16054
3175 22030 25697
25697 3175 22030
22030 3175 25697
13578 762 9569
762 9569 13578
9569 762 13578
15117 6370 14398
14398 6370 15117
6370 14398 15117
9704 5974 12721
5974 9704 12721
12721 5974 9704
12110 8960 13984
13984 8960 12110
8960 12110 13984
12936 6721 13561
6721 12936 13561
13561 6721 12936
27989 15844 24303
24303 15844 27989
15844 24303 27989
23756 4690 24429
4690 23756 24429
24429 4690 23756
1440 17840 27300
17840 1440 27300
27300 1440 17840
12204 10808 25464
25464 10808 12204
10808 12204 25464
26099 3891 28350
3891 26099 28350
28350 3891 26099
26634 117 22540
117 22540 26634
22540 117 26634
11401 12482 14382
12482 11401 14382
14382 11401 12482
12298 11747 28775
28775 11747 12298
11747 12298 28775
11257 18442 18681
18681 11257 18442
18442 11257 18681
5114 1522 4980
4980 1522 5114
1522 4980 5114
7845 502 27089
27089 502 7845
502 7845 27089
11423 8726 25745
25745 8726 11423
8726 11423 25745
21767 16399 23679
16399 21767 23679
23679 16399 21767
1937 2874 10650
2874 1937 10650
10650 1937 2874
25604 4312 10909
10909 4312 25604
4312 10909 25604
20526 1341 23648
23648 1341 20526
1341 20526 23648
19736 9083 29291
9083 19736 29291
29291 9083 19736
8071 23685 29935
23685 8071 29935
29935 8071 23685
12820 24942 27621
27621 12820 24942
24942 12820 27621
28000 14016 21810
14016 21810 28000
21810 14016 28000
10570 19069 21895
19069 10570 21895
21895 10570 19069
25177 526 7450
7450 526 25177
526 7450 25177
469 21535 24034
21535 469 24034
24034 469 21535
8640 5068 6513
6513 5068 8640
5068 6513 8640
19691 8979 26041
8979 19691 26041
26041 8979 19691
29027 11843 14057
14057 11843 29027
11843 14057 29027
22013 8291 23128
8291 22013 23128
23128 8291 22013
24879 17371 20415
20415 17371 24879
17371 20415 24879
15094 10118 22280
22280 10118 15094
10118 15094 22280
3195 2289 26903
2289 3195 26903
26903 2289 3195
