739 913 2653
2653 739 913
913 739 2653
1340 152 414
152 414 1340
414 152 1340
1604 402 1272
402 1272 1604
1272 402 1604
156 1862 2785
2785 156 1862
1862 156 2785
1636 432 489
432 489 1636
489 432 1636
1748 2168 2620
2168 1748 2620
2620 1748 2168
2450 1716 2314
1716 2314 2450
2314 1716 2450
2548 1126 2588
1126 2548 2588
2588 1126 2548
2471 508 1812
508 1812 2471
1812 508 2471
2066 208 2570
2570 208 2066
208 2066 2570
1776 2003 2456
2003 1776 2456
2456 1776 2003
2134 2678 2914
2678 2134 2914
2914 2134 2678
1973 1195 1801
1195 1801 1973
1801 1195 1973
653 1485 1698
1698 653 1485
1485 653 1698
224 1950 2501
2501 224 1950
1950 224 2501
1761 672 967
967 672 1761
672 967 1761
1018 461 761
761 461 1018
461 761 1018
1032 1470 1598
1470 1032 1598
1598 1032 1470
1567 1639 2787
2787 1567 1639
1639 1567 2787
2070 314 800
800 314 2070
314 800 2070
924 2150 2850
2850 924 2150
2150 924 2850
2519 2331 2418
2418 2331 2519
2331 2418 2519
2604 577 1395
1395 577 2604
577 1395 2604
2976 743 2103
743 2103 2976
2103 743 2976
1008 1295 1989
1295 1008 1989
1989 1008 1295
2177 609 2131
609 2131 2177
2131 609 2177
2983 1756 2522
1756 2522 2983
2522 1756 2983
2894 1314 2278
1314 2278 2894
2278 1314 2894
1496 688 2624
2624 688 1496
688 1496 2624
1462 986 1552
1552 986 1462
986 1462 1552
894 242 1943
242 894 1943
1943 242 894
2848 181 2174
181 2174 2848
2174 181 2848
2901 110 328
110 328 2901
328 110 2901
1955 637 872
872 637 1955
637 872 1955
2767 636 916
916 636 2767
636 916 2767
680 1298 2198
2198 680 1298
1298 680 2198
1410 451 2930
451 1410 2930
2930 451 1410
572 246 1048
1048 246 572
246 572 1048
2158 2037 2735
2037 2158 2735
2735 2037 2158
587 411 1116
1116 411 587
411 587 1116
1277 83 219
219 83 1277
83 219 1277
2095 247 1919
1919 247 2095
247 1919 2095
2645 1212 1535
1212 1535 2645
1535 1212 2645
2957 482 794
794 482 2957
482 794 2957
1312 664 998
664 998 1312
998 664 1312
276 1767 2974
2974 276 1767
1767 276 2974
377 2049 2367
2049 377 2367
2367 377 2049
2634 1062 2630
1062 2630 2634
2630 1062 2634
2751 375 2791
375 2751 2791
2791 375 2751
2867 2509 2792
2509 2792 2867
2792 2509 2867
2598 1983 2115
2115 1983 2598
1983 2115 2598
2923 514 2700
2700 514 2923
514 2700 2923
2273 455 1556
1556 455 2273
455 1556 2273
1374 1309 1562
1562 1309 1374
1309 1374 1562
2613 1885 2329
1885 2329 2613
2329 1885 2613
1015 2466 2680
2680 1015 2466
2466 1015 2680
391 926 1959
926 391 1959
1959 391 926
1373 1644 2009
1644 1373 2009
2009 1373 1644
1551 177 2181
177 1551 2181
2181 177 1551
2723 515 2708
2708 515 2723
515 2708 2723
1849 498 2529
2529 498 1849
498 1849 2529
588 1057 2996
1057 588 2996
2996 588 1057
38 1391 1659
1659 38 1391
1391 38 1659
1250 396 1865
1865 396 1250
396 1250 1865
2368 1088 1259
1088 1259 2368
1259 1088 2368
2731 1364 2528
1364 2528 2731
2528 1364 2731
2043 2390 2489
2489 2043 2390
2390 2043 2489
988 543 1040
1040 543 988
543 988 1040
1749 58 820
820 58 1749
58 820 1749
1896 975 2920
2920 975 1896
975 1896 2920
2721 1094 2285
2285 1094 2721
1094 2285 2721
2013 497 2593
497 2013 2593
2593 497 2013
1219 2388 2925
2925 1219 2388
2388 1219 2925
2964 493 1090
1090 493 2964
493 1090 2964
1331 91 2824
91 1331 2824
2824 91 1331
1678 103 1692
103 1678 1692
1692 103 1678
275 463 2144
2144 275 463
463 275 2144
964 1111 1566
1111 964 1566
1566 964 1111
1757 183 2512
2512 183 1757
183 1757 2512
464 2223 2539
2223 464 2539
2539 464 2223
1102 2059 2482
2482 1102 2059
2059 1102 2482
2012 2276 2971
2971 2012 2276
2276 2012 2971
795 1443 1452
1452 795 1443
1443 795 1452
2612 108 1411
108 1411 2612
1411 108 2612
2178 1061 1872
1061 1872 2178
1872 1061 2178
2124 1097 1689
1689 1097 2124
1097 1689 2124
437 865 2243
2243 437 865
865 437 2243
2485 495 1730
495 1730 2485
1730 495 2485
1076 1082 2099
2099 1076 1082
1082 1076 2099
251 1857 2405
2405 251 1857
1857 251 2405
554 591 1880
1880 554 591
591 554 1880
846 1172 2045
1172 846 2045
2045 846 1172
2172 403 2492
2492 403 2172
403 2172 2492
354 1268 2241
1268 354 2241
2241 354 1268
675 217 1890
217 675 1890
1890 217 675
836 525 1827
1827 525 836
525 836 1827
240 207 2235
2235 207 240
207 240 2235
860 692 1992
692 860 1992
1992 692 860
1355 778 1986
1986 778 1355
778 1355 1986
428 2643 2681
2681 428 2643
2643 428 2681
2369 259 1071
259 1071 2369
1071 259 2369
2770 904 2981
904 2770 2981
2981 904 2770
2590 260 1592
1592 260 2590
260 1592 2590
2321 1768 2039
1768 2039 2321
2039 1768 2321
2277 20 1612
20 1612 2277
1612 20 2277
1224 569 946
569 946 1224
946 569 1224
1251 1715 2342
1715 1251 2342
2342 1251 1715
1640 474 1728
1728 474 1640
474 1640 1728
2018 238 1633
1633 238 2018
238 1633 2018
2348 356 1034
1034 356 2348
356 1034 2348
1941 1035 2259
2259 1035 1941
1035 1941 2259
2722 2244 2861
2861 2244 2722
2244 2722 2861
342 1474 2170
2170 342 1474
1474 342 2170
718 57 2747
2747 57 718
57 718 2747
873 274 1081
274 873 1081
1081 274 873
1098 1432 2441
1432 1098 2441
2441 1098 1432
2899 491 2987
491 2899 2987
2987 491 2899
2225 453 2393
2393 453 2225
453 2225 2393
2967 760 1348
760 1348 2967
1348 760 2967
2182 595 1159
1159 595 2182
595 1159 2182
1782 991 2175
991 1782 2175
2175 991 1782
797 34 2545
2545 34 797
34 797 2545
2625 957 1095
957 1095 2625
1095 957 2625
2677 120 2044
2044 120 2677
120 2044 2677
1408 844 2279
2279 844 1408
844 1408 2279
2633 1486 1908
1486 1908 2633
1908 1486 2633
1543 1817 2240
1817 1543 2240
2240 1543 1817
1422 2072 2779
2779 1422 2072
2072 1422 2779
935 564 2798
2798 564 935
564 935 2798
2986 180 1206
1206 180 2986
180 1206 2986
1829 166 2031
2031 166 1829
166 1829 2031
496 612 1765
1765 496 612
612 496 1765
755 513 714
714 513 755
513 714 755
1647 2396 2694
2396 1647 2694
2694 1647 2396
2319 2157 2970
2970 2157 2319
2157 2319 2970
2744 1579 1930
1579 1930 2744
1930 1579 2744
1581 501 1754
501 1581 1754
1754 501 1581
1343 667 2118
667 1343 2118
2118 667 1343
2011 1464 1561
1464 1561 2011
1561 1464 2011
2734 788 2427
788 2427 2734
2427 788 2734
2229 1433 1516
1516 1433 2229
1433 1516 2229
1113 1220 1338
1220 1113 1338
1338 1113 1220
309 9 312
9 309 312
312 9 309
2812 2151 2886
2886 2151 2812
2151 2812 2886
662 2412 2687
2687 662 2412
2412 662 2687
2195 268 2206
2206 268 2195
268 2195 2206
2619 1294 1600
1294 1600 2619
1600 1294 2619
1665 2293 2705
2705 1665 2293
2293 1665 2705
2196 23 719
719 23 2196
23 719 2196
2004 1152 2185
1152 2004 2185
2185 1152 2004
1913 439 2499
439 1913 2499
2499 439 1913
1902 163 385
385 163 1902
163 385 1902
31 343 545
343 31 545
545 31 343
1712 2120 2629
2629 1712 2120
2120 1712 2629
565 668 1733
1733 565 668
668 565 1733
2819 1847 2675
1847 2675 2819
2675 1847 2819
1366 1414 1819
1414 1366 1819
1819 1366 1414
1182 1273 1476
1273 1182 1476
1476 1182 1273
758 709 2184
709 758 2184
2184 709 758
433 1696 2296
2296 433 1696
1696 433 2296
1151 2028 2382
2382 1151 2028
2028 1151 2382
1998 1174 2816
1174 1998 2816
2816 1174 1998
912 406 2188
2188 406 912
406 912 2188
682 1920 2674
1920 682 2674
2674 682 1920
39 649 2216
2216 39 649
649 39 2216
2713 1025 1537
1537 1025 2713
1025 1537 2713
1962 186 2222
2222 186 1962
186 1962 2222
2544 6 1590
6 1590 2544
1590 6 2544
2916 1137 2699
2699 1137 2916
1137 2699 2916
1147 737 2891
2891 737 1147
737 1147 2891
2748 628 969
628 969 2748
969 628 2748
1508 589 2560
2560 589 1508
589 1508 2560
1487 2727 2774
2727 1487 2774
2774 1487 2727
2224 1339 2071
2071 1339 2224
1339 2071 2224
1065 1080 2826
2826 1065 1080
1080 1065 2826
2256 315 1253
315 1253 2256
1253 315 2256
2754 621 1483
1483 621 2754
621 1483 2754
2487 201 2783
201 2487 2783
2783 201 2487
2397 816 2596
2596 816 2397
816 2397 2596
1513 1318 2737
1318 1513 2737
2737 1318 1513
604 206 382
382 206 604
206 382 604
239 534 1820
1820 239 534
534 239 1820
802 1263 2479
1263 802 2479
2479 802 1263
1072 585 1497
1497 585 1072
585 1072 1497
106 297 2758
2758 106 297
297 106 2758
1912 2346 2911
2346 1912 2911
2911 1912 2346
1997 2040 2648
2648 1997 2040
2040 1997 2648
1956 131 2638
131 1956 2638
2638 131 1956
1966 553 633
633 553 1966
553 633 1966
68 4 1186
4 68 1186
1186 4 68
1079 1143 2457
2457 1079 1143
1143 1079 2457
1451 322 367
322 367 1451
367 322 1451
2928 1299 2106
2106 1299 2928
1299 2106 2928
787 1845 2521
2521 787 1845
1845 787 2521
1838 1589 2451
2451 1589 1838
1589 1838 2451
2491 361 2287
2287 361 2491
361 2287 2491
1553 7 1466
1466 7 1553
7 1466 1553
900 434 2258
2258 434 900
434 900 2258
2414 73 608
608 73 2414
73 608 2414
2067 1123 2890
1123 2067 2890
2890 1123 2067
1830 887 2149
2149 887 1830
887 1830 2149
1056 1066 1325
1325 1056 1066
1066 1056 1325
941 1380 1709
1380 941 1709
1709 941 1380
724 261 1568
1568 261 724
261 724 1568
204 939 1638
1638 204 939
939 204 1638
1699 231 1390
231 1390 1699
1390 231 1699
1558 1139 1453
1139 1453 1558
1453 1139 1558
139 578 2768
578 139 2768
2768 139 578
2069 1180 1199
1199 1180 2069
1180 1199 2069
2269 862 1652
862 1652 2269
1652 862 2269
2541 901 2050
901 2050 2541
2050 901 2541
1796 1769 2065
2065 1769 1796
1769 1796 2065
725 266 2047
2047 266 725
266 725 2047
112 542 2524
2524 112 542
542 112 2524
1087 1005 1879
1005 1087 1879
1879 1005 1087
196 847 2100
2100 196 847
847 196 2100
1086 373 1915
373 1086 1915
1915 373 1086
2608 1969 2993
2993 1969 2608
1969 2608 2993
1214 1664 2742
1664 1214 2742
2742 1214 1664
12 2209 2218
2218 12 2209
2209 12 2218
2688 1363 1893
1363 1893 2688
1893 1363 2688
1140 69 2776
69 1140 2776
2776 69 1140
2171 25 2825
2825 25 2171
25 2171 2825
1346 215 2849
2849 215 1346
215 1346 2849
2193 723 2202
723 2193 2202
2202 723 2193
993 17 2333
17 993 2333
2333 17 993
2236 1178 1894
1894 1178 2236
1178 1894 2236
1595 1004 1957
1004 1595 1957
1957 1004 1595
526 635 2813
635 526 2813
2813 526 635
989 1525 2915
1525 989 2915
2915 989 1525
511 81 2110
2110 81 511
81 511 2110
2305 270 2900
2900 270 2305
270 2305 2900
365 230 326
326 230 365
230 326 365
2647 712 2271
712 2271 2647
2271 712 2647
1286 2926 2969
2926 1286 2969
2969 1286 2926
2797 790 2583
2583 790 2797
790 2583 2797
885 686 2026
686 885 2026
2026 686 885
2862 100 2942
2942 100 2862
100 2862 2942
158 2446 2933
2933 158 2446
2446 158 2933
822 87 2394
87 822 2394
2394 87 822
2702 1968 2832
1968 2702 2832
2832 1968 2702
1518 1743 2351
1743 1518 2351
2351 1518 1743
366 2745 2897
2745 366 2897
2897 366 2745
839 1706 1814
1706 839 1814
1814 839 1706
2154 1171 1622
1622 1171 2154
1171 1622 2154
2601 592 2251
2251 592 2601
592 2251 2601
2833 940 1420
940 1420 2833
1420 940 2833
412 1794 2061
1794 412 2061
2061 412 1794
603 2075 2602
2075 603 2602
2602 603 2075
1135 1000 2496
2496 1000 1135
1000 1135 2496
2864 369 1110
369 1110 2864
1110 369 2864
1232 427 1775
427 1232 1775
1775 427 1232
600 799 892
892 600 799
799 600 892
255 302 1892
1892 255 302
302 255 1892
303 1465 2310
2310 303 1465
1465 303 2310
1458 523 1726
1726 523 1458
523 1458 1726
2963 541 1900
1900 541 2963
541 1900 2963
2714 1870 1921
1870 1921 2714
1921 1870 2714
2788 1442 2804
1442 2788 2804
2804 1442 2788
654 444 943
444 654 943
943 444 654
888 831 2136
2136 831 888
831 888 2136
15 466 2683
2683 15 466
466 15 2683
99 1216 1434
1434 99 1216
1216 99 1434
2728 2773 2941
2773 2728 2941
2941 2728 2773
2805 866 1010
866 1010 2805
1010 866 2805
1238 509 893
509 893 1238
893 509 1238
2257 2617 2761
2617 2257 2761
2761 2257 2617
1204 1583 1984
1984 1204 1583
1583 1204 1984
1047 296 2753
2753 296 1047
296 1047 2753
2122 161 1873
161 1873 2122
1873 161 2122
193 1052 1763
1052 193 1763
1763 193 1052
2140 1539 2676
1539 2140 2676
2676 1539 2140
539 1611 2888
1611 539 2888
2888 539 1611
981 1398 1532
1398 981 1532
1532 981 1398
690 1089 1344
1344 690 1089
1089 690 1344
2353 1573 2526
1573 2353 2526
2526 1573 2353
149 1267 1557
1557 149 1267
1267 149 1557
50 855 1225
855 50 1225
1225 50 855
2239 199 1385
1385 199 2239
199 1385 2239
2208 651 2543
651 2208 2543
2543 651 2208
1848 320 389
320 389 1848
389 320 1848
2569 442 1577
1577 442 2569
442 1577 2569
1108 852 2078
852 1108 2078
2078 852 1108
358 1823 2019
1823 358 2019
2019 358 1823
859 1387 1762
1387 859 1762
1762 859 1387
1734 265 2946
265 1734 2946
2946 265 1734
1884 2264 2552
2264 1884 2552
2552 1884 2264
1863 441 2298
441 1863 2298
2298 441 1863
1358 1405 1914
1914 1358 1405
1405 1358 1914
1663 96 2720
96 1663 2720
2720 96 1663
851 1053 2765
1053 851 2765
2765 851 1053
2474 357 384
357 384 2474
384 357 2474
1559 1407 2752
2752 1407 1559
1407 1559 2752
102 2320 2807
2320 102 2807
2807 102 2320
1549 502 2249
2249 502 1549
502 1549 2249
2655 1183 2142
1183 2142 2655
2142 1183 2655
1246 1832 1925
1925 1246 1832
1832 1246 1925
2097 127 1707
127 1707 2097
1707 127 2097
684 1601 2795
1601 684 2795
2795 684 1601
2081 992 2837
992 2081 2837
2837 992 2081
229 559 1524
559 229 1524
1524 229 559
1270 629 1454
629 1270 1454
1454 629 1270
949 953 1793
953 949 1793
1793 949 953
1520 415 1365
1365 415 1520
415 1365 1520
2764 691 1555
691 1555 2764
1555 691 2764
2906 2582 2614
2582 2614 2906
2614 2582 2906
2359 1457 2959
2959 1457 2359
1457 2359 2959
2221 1354 1987
1354 1987 2221
1987 1354 2221
425 452 2644
2644 425 452
452 425 2644
48 902 1529
902 48 1529
1529 48 902
392 21 580
21 392 580
580 21 392
638 1274 1613
1613 638 1274
1274 638 1613
2010 1632 2663
1632 2010 2663
2663 1632 2010
1641 1850 1858
1850 1641 1858
1858 1641 1850
1721 1100 2940
2940 1100 1721
1100 1721 2940
2421 1283 2984
1283 2421 2984
2984 1283 2421
1831 507 1386
507 1386 1831
1386 507 1831
2197 566 2599
566 2197 2599
2599 566 2197
1161 586 1978
586 1161 1978
1978 586 1161
2579 1635 1777
1777 1635 2579
1635 1777 2579
2347 747 1154
1154 747 2347
747 1154 2347
169 89 1660
1660 89 169
89 169 1660
2472 317 757
317 757 2472
757 317 2472
504 349 2793
349 504 2793
2793 349 504
13 1798 2230
1798 13 2230
2230 13 1798
2815 716 1981
1981 716 2815
716 1981 2815
398 325 1092
1092 325 398
325 398 1092
955 394 961
961 394 955
394 955 961
1550 1662 2138
1662 1550 2138
2138 1550 1662
1317 786 1810
1810 786 1317
786 1317 1810
2741 2391 2639
2391 2639 2741
2639 2391 2741
1625 227 738
738 227 1625
227 738 1625
2483 368 1328
368 1328 2483
1328 368 2483
1388 722 1643
1643 722 1388
722 1388 1643
1720 2426 2818
2426 1720 2818
2818 1720 2426
1444 812 2991
2991 812 1444
812 1444 2991
1293 819 990
990 819 1293
819 990 1293
2161 704 1288
1288 704 2161
704 1288 2161
1760 1026 1367
1026 1367 1760
1367 1026 1760
1972 1011 2781
1011 1972 2781
2781 1011 1972
1498 655 2108
2108 655 1498
655 1498 2108
1014 151 1967
1967 151 1014
151 1014 1967
143 1406 2371
2371 143 1406
1406 143 2371
648 1584 2717
2717 648 1584
1584 648 2717
294 1971 2836
2836 294 1971
1971 294 2836
141 336 2403
2403 141 336
336 141 2403
2945 59 1949
1949 59 2945
59 1949 2945
1055 1772 2187
1772 1055 2187
2187 1055 1772
857 2399 2950
2950 857 2399
2399 857 2950
974 726 2231
726 974 2231
2231 726 974
1190 2014 2132
2132 1190 2014
2014 1190 2132
2907 1667 2141
2141 1667 2907
1667 2141 2907
1345 333 2404
2404 333 1345
333 1345 2404
2977 938 1792
1792 938 2977
938 1792 2977
1142 1235 2490
1235 1142 2490
2490 1142 1235
1533 571 845
571 845 1533
845 571 1533
2962 216 2989
216 2962 2989
2989 216 2962
771 1201 2425
2425 771 1201
1201 771 2425
330 2307 2660
2307 330 2660
2660 330 2307
2775 2125 2631
2125 2631 2775
2631 2125 2775
2561 647 2435
647 2435 2561
2435 647 2561
310 350 2871
350 310 2871
2871 310 350
2477 1077 1222
1222 1077 2477
1077 1222 2477
1210 547 1846
547 1210 1846
1846 547 1210
1208 209 416
416 209 1208
209 416 1208
2417 226 1507
1507 226 2417
226 1507 2417
51 1369 2440
1369 51 2440
2440 51 1369
2495 1050 2623
1050 2495 2623
2623 1050 2495
2576 280 1844
280 1844 2576
1844 280 2576
1046 400 696
696 400 1046
400 696 1046
550 307 2695
2695 307 550
307 550 2695
1804 424 2718
424 1804 2718
2718 424 1804
1327 1770 2076
2076 1327 1770
1770 1327 2076
1146 293 2951
293 1146 2951
2951 293 1146
2312 756 1167
756 1167 2312
1167 756 2312
475 1189 2214
2214 475 1189
1189 475 2214
520 1528 2716
1528 520 2716
2716 520 1528
125 115 1947
1947 115 125
115 125 1947
1993 313 2880
2880 313 1993
313 1993 2880
598 2566 2884
2566 598 2884
2884 598 2566
129 579 1944
579 129 1944
1944 129 579
10 956 1381
1381 10 956
956 10 1381
835 1610 2301
2301 835 1610
1610 835 2301
1020 918 1588
918 1020 1588
1588 918 1020
1512 891 1502
1502 891 1512
891 1502 1512
1049 2782 2929
2929 1049 2782
2782 1049 2929
252 715 1107
1107 252 715
715 252 1107
47 976 1041
976 47 1041
1041 47 976
1469 821 2690
2690 821 1469
821 1469 2690
2323 1800 1951
1951 1800 2323
1800 1951 2323
700 837 1322
1322 700 837
837 700 1322
1401 1310 2739
2739 1310 1401
1310 1401 2739
1173 561 1740
561 1173 1740
1740 561 1173
111 417 895
417 111 895
895 111 417
1946 746 2500
746 1946 2500
2500 746 1946
2799 683 1511
683 1511 2799
1511 683 2799
426 2557 2866
2557 426 2866
2866 426 2557
173 1547 2801
1547 173 2801
2801 173 1547
832 1415 2290
1415 832 2290
2290 832 1415
2546 864 2211
2211 864 2546
864 2211 2546
1300 777 2478
777 1300 2478
2478 777 1300
2642 486 2649
2649 486 2642
486 2642 2649
2085 1988 2540
1988 2085 2540
2540 1988 2085
2139 122 1007
1007 122 2139
122 1007 2139
1916 1560 2302
1560 1916 2302
2302 1560 1916
2650 854 1616
1616 854 2650
854 1616 2650
533 236 256
236 256 533
256 236 533
2811 1917 2029
1917 2029 2811
2029 1917 2811
324 60 267
60 267 324
267 60 324
150 732 1668
1668 150 732
732 150 1668
1493 661 2565
2565 661 1493
661 1493 2565
1945 381 2493
381 1945 2493
2493 381 1945
1700 1104 2247
2247 1104 1700
1104 1700 2247
1477 1759 2701
1759 1477 2701
2701 1477 1759
537 2352 2908
2352 537 2908
2908 537 2352
2995 345 733
733 345 2995
345 733 2995
970 148 1353
1353 148 970
148 970 1353
2903 85 1523
1523 85 2903
85 1523 2903
1073 617 2686
617 1073 2686
2686 617 1073
2978 1091 1866
1091 1866 2978
1866 1091 2978
2868 708 2304
708 2304 2868
2304 708 2868
1233 713 2117
2117 713 1233
713 1233 2117
1637 170 2834
170 1637 2834
2834 170 1637
200 140 449
140 200 449
449 140 200
413 301 1856
1856 301 413
301 413 1856
1101 1587 1649
1649 1101 1587
1587 1101 1649
2889 780 2445
2445 780 2889
780 2445 2889
1861 1907 2961
1907 1861 2961
2961 1861 1907
2909 1982 2568
1982 2568 2909
2568 1982 2909
192 1791 2506
1791 192 2506
2506 192 1791
2706 194 657
657 194 2706
194 657 2706
2228 1156 2673
1156 2228 2673
2673 1156 2228
37 457 2473
457 37 2473
2473 37 457
1871 2123 2729
2729 1871 2123
2123 1871 2729
285 841 2254
841 285 2254
2254 285 841
197 1938 2005
2005 197 1938
1938 197 2005
220 834 1806
834 220 1806
1806 220 834
1042 869 1430
869 1042 1430
1430 869 1042
1564 1229 1449
1229 1449 1564
1449 1229 1564
1773 1960 2931
1960 1773 2931
2931 1773 1960
783 168 1279
1279 168 783
168 783 1279
2609 1421 2340
2340 1421 2609
1421 2340 2609
1605 823 1974
823 1605 1974
1974 823 1605
2769 1480 2882
2882 1480 2769
1480 2769 2882
117 477 2603
477 117 2603
2603 117 477
462 74 656
74 462 656
656 74 462
2006 153 2176
2176 153 2006
153 2006 2176
319 548 1585
1585 319 548
548 319 1585
2465 2429 2979
2979 2429 2465
2429 2465 2979
2358 1484 1582
1484 1582 2358
1582 1484 2358
205 931 2550
931 205 2550
2550 205 931
1144 390 512
390 512 1144
512 390 1144
3000 55 2895
55 2895 3000
2895 55 3000
1304 742 2267
742 1304 2267
2267 742 1304
1648 1490 1541
1490 1541 1648
1541 1490 1648
2133 1114 1418
1418 1114 2133
1114 1418 2133
2606 189 1842
1842 189 2606
189 1842 2606
1492 1028 1694
1028 1492 1694
1694 1028 1492
2973 2411 2515
2515 2411 2973
2411 2515 2973
2672 1307 1499
1307 1499 2672
1499 1307 2672
1427 63 1739
63 1427 1739
1739 63 1427
2760 1494 1783
1494 1783 2760
1783 1494 2760
2842 1576 1619
1576 1619 2842
1619 1576 2842
932 506 1417
506 932 1417
1417 506 932
927 703 1606
1606 703 927
703 927 1606
2349 1084 2682
1084 2349 2682
2682 1084 2349
2156 1170 2294
1170 2156 2294
2294 1170 2156
2704 1447 1544
1544 1447 2704
1447 1544 2704
2462 1148 1510
1510 1148 2462
1148 1510 2462
813 1808 2839
2839 813 1808
1808 813 2839
2581 1835 2724
1835 2581 2724
2724 1835 2581
863 450 1194
450 863 1194
1194 450 863
22 62 2874
2874 22 62
62 22 2874
1899 1105 1995
1995 1105 1899
1105 1899 1995
212 575 798
798 212 575
575 212 798
1319 360 2810
360 1319 2810
2810 360 1319
1940 395 1491
1491 395 1940
395 1491 1940
929 66 1093
66 929 1093
1093 66 929
1855 925 2105
2105 925 1855
925 1855 2105
1954 1287 1389
1389 1287 1954
1287 1389 1954
160 162 1875
162 160 1875
1875 160 162
1429 155 2860
155 1429 2860
2860 155 1429
2615 980 2343
980 2343 2615
2343 980 2615
2092 2525 2904
2525 2092 2904
2904 2092 2525
2693 142 364
142 364 2693
364 142 2693
807 479 2584
479 807 2584
2584 479 807
1627 121 768
768 121 1627
121 768 1627
1217 605 1704
1704 605 1217
605 1217 1704
1177 2460 2750
2460 1177 2750
2750 1177 2460
116 84 1342
1342 84 116
84 116 1342
1809 1609 1645
1645 1609 1809
1609 1645 1809
1145 2173 2357
2173 1145 2357
2357 1145 2173
2762 203 2416
203 2416 2762
2416 203 2762
2052 435 1779
435 1779 2052
1779 435 2052
582 614 1563
1563 582 614
614 582 1563
376 469 2360
469 376 2360
2360 376 469
1867 1463 1965
1463 1867 1965
1965 1463 1867
2232 53 2936
53 2232 2936
2936 53 2232
934 299 776
776 299 934
299 776 934
910 1241 1906
1241 910 1906
1906 910 1241
2306 104 383
104 383 2306
383 104 2306
2053 1818 2400
2400 1818 2053
1818 2053 2400
1352 468 762
762 468 1352
468 762 1352
1187 1886 2402
2402 1187 1886
1886 1187 2402
288 35 327
327 35 288
35 288 327
1500 26 1359
26 1359 1500
1359 26 1500
2855 1545 1774
1545 1774 2855
1774 1545 2855
877 179 2444
179 877 2444
2444 179 877
1519 610 2696
2696 610 1519
610 1519 2696
2288 551 1840
551 1840 2288
1840 551 2288
1329 1953 2272
1953 1329 2272
2272 1329 1953
1597 397 2597
397 1597 2597
2597 397 1597
2497 1226 1795
1795 1226 2497
1226 1795 2497
2309 2374 2586
2586 2309 2374
2374 2309 2586
107 1266 2955
1266 107 2955
2955 107 1266
979 1821 2944
2944 979 1821
1821 979 2944
842 560 2354
2354 560 842
560 842 2354
2873 574 2289
574 2289 2873
2289 574 2873
972 1254 2912
2912 972 1254
1254 972 2912
1673 388 801
801 388 1673
388 801 1673
962 1236 2413
2413 962 1236
1236 962 2413
2109 1264 1281
1281 1264 2109
1264 1281 2109
130 70 1630
1630 70 130
70 130 1630
689 483 1888
1888 483 689
483 689 1888
1461 94 2876
94 1461 2876
2876 94 1461
2183 1306 1926
1926 1306 2183
1306 1926 2183
937 1141 1257
1257 937 1141
1141 937 1257
2875 134 1382
134 1382 2875
1382 134 2875
947 1958 2365
1958 947 2365
2365 947 1958
471 1096 2756
2756 471 1096
1096 471 2756
529 45 2532
2532 45 529
45 529 2532
1841 90 915
915 90 1841
90 915 1841
408 1045 2679
2679 408 1045
1045 408 2679
1305 622 1527
1527 622 1305
622 1305 1527
1722 695 2186
2186 695 1722
695 1722 2186
2406 1990 2516
2516 1990 2406
1990 2406 2516
2051 500 1165
1165 500 2051
500 1165 2051
1133 1803 2668
2668 1133 1803
1803 1133 2668
1150 1737 2475
1737 1150 2475
2475 1150 1737
54 1400 2806
2806 54 1400
1400 54 2806
1023 2128 2363
2363 1023 2128
2128 1023 2363
1634 792 1054
1054 792 1634
792 1054 1634
2042 948 1261
1261 948 2042
948 1261 2042
741 281 840
281 741 840
840 281 741
2468 481 2847
2847 481 2468
481 2468 2847
958 1292 1615
1292 958 1615
1615 958 1292
818 890 1684
890 818 1684
1684 818 890
2535 1771 2494
2494 1771 2535
1771 2494 2535
2514 221 1166
221 1166 2514
1166 221 2514
1394 387 1099
1099 387 1394
387 1099 1394
858 1843 2121
2121 858 1843
1843 858 2121
549 951 2938
2938 549 951
951 549 2938
2559 711 1460
711 1460 2559
1460 711 2559
380 2007 2200
2200 380 2007
2007 380 2200
985 2166 2291
2291 985 2166
2166 985 2291
2715 1037 1149
1149 1037 2715
1037 1149 2715
2772 573 2567
2567 573 2772
573 2567 2772
2817 2458 2887
2887 2458 2817
2458 2817 2887
2350 2253 2658
2658 2253 2350
2253 2350 2658
2481 766 907
766 907 2481
907 766 2481
1228 1 923
923 1 1228
1 923 1228
1039 386 2242
2242 386 1039
386 1039 2242
861 370 2510
2510 370 861
370 861 2510
1719 1675 2094
1675 1719 2094
2094 1675 1719
2116 164 2710
164 2116 2710
2710 164 2116
1021 1626 2056
2056 1021 1626
1626 1021 2056
1207 287 2953
287 1207 2953
2953 287 1207
978 754 2234
754 978 2234
2234 754 978
2922 44 954
44 954 2922
954 44 2922
1799 176 1628
1628 176 1799
176 1628 1799
917 1565 2777
1565 917 2777
2777 917 1565
2107 339 982
982 339 2107
339 982 2107
2383 2433 2488
2488 2383 2433
2433 2383 2488
1736 95 447
95 447 1736
447 95 1736
2505 1168 2605
1168 2505 2605
2605 1168 2505
2711 264 279
279 264 2711
264 279 2711
870 1578 2948
1578 870 2948
2948 870 1578
331 731 1669
1669 331 731
731 331 1669
517 2189 2820
2189 517 2820
2820 517 2189
775 666 1742
1742 666 775
666 775 1742
2520 1897 2549
2549 1897 2520
1897 2520 2549
485 796 2164
2164 485 796
796 485 2164
2089 43 2857
43 2089 2857
2857 43 2089
101 188 1939
1939 101 188
188 101 1939
1501 677 1162
1162 677 1501
677 1162 1501
563 1599 2179
1599 563 2179
2179 563 1599
1031 401 1747
1747 401 1031
401 1031 1747
1138 1536 2685
1536 1138 2685
2685 1138 1536
829 1713 2355
2355 829 1713
1713 829 2355
1446 460 2245
460 1446 2245
2245 460 1446
2585 570 811
570 811 2585
811 570 2585
2102 409 1764
1764 409 2102
409 1764 2102
1994 1109 2270
1109 1994 2270
2270 1109 1994
436 945 2315
945 436 2315
2315 436 945
1657 14 963
14 963 1657
963 14 1657
2990 1676 1695
1676 1695 2990
1695 1676 2990
2822 1017 1542
1542 1017 2822
1017 1542 2822
2523 250 1656
250 1656 2523
1656 250 2523
2373 950 1658
950 1658 2373
1658 950 2373
625 8 2227
8 625 2227
2227 8 625
1248 346 1546
346 1248 1546
1546 346 1248
2147 1717 1811
1811 1717 2147
1717 1811 2147
2652 1160 2379
1160 2379 2652
2379 1160 2652
64 767 933
767 64 933
933 64 767
1569 1321 1482
1321 1482 1569
1482 1321 1569
2212 1629 1670
1629 1670 2212
1670 1629 2212
2084 362 2939
2939 362 2084
362 2084 2939
527 736 867
867 527 736
736 527 867
1878 899 1725
1725 899 1878
899 1725 1878
2952 1618 2032
1618 2032 2952
2032 1618 2952
2935 154 407
407 154 2935
154 407 2935
2217 371 1918
1918 371 2217
371 1918 2217
340 685 717
685 340 717
717 340 685
1964 1505 1837
1505 1837 1964
1837 1505 1964
1393 583 942
942 583 1393
583 942 1393
1495 2508 2555
2508 1495 2555
2555 1495 2508
2452 1428 1702
1428 1702 2452
1702 1428 2452
1441 2055 2459
2055 1441 2459
2459 1441 2055
2749 1602 2160
1602 2160 2749
2160 1602 2749
2111 341 1450
1450 341 2111
341 1450 2111
1651 182 1942
182 1651 1942
1942 182 1651
627 815 1009
815 627 1009
1009 627 815
562 531 2387
531 562 2387
2387 531 562
2024 1252 2023
2023 1252 2024
1252 2023 2024
1392 1282 1929
1282 1392 1929
1929 1282 1392
257 875 2692
875 257 2692
2692 257 875
2038 2534 2743
2743 2038 2534
2534 2038 2743
2878 825 1682
1682 825 2878
825 1682 2878
2852 213 881
213 881 2852
881 213 2852
2246 1752 1910
1910 1752 2246
1752 1910 2246
2401 52 167
52 167 2401
167 52 2401
1230 472 1727
472 1230 1727
1727 472 1230
2730 1526 2587
2587 1526 2730
1526 2587 2730
2626 613 1237
613 1237 2626
1237 613 2626
2845 673 1478
1478 673 2845
673 1478 2845
1554 2250 2338
2250 1554 2338
2338 1554 2250
2362 321 2201
2201 321 2362
321 2201 2362
669 632 1650
632 669 1650
1650 632 669
1280 405 1209
1209 405 1280
405 1209 1280
248 93 1731
1731 93 248
93 248 1731
487 1970 2361
2361 487 1970
1970 487 2361
429 295 2375
2375 295 429
295 429 2375
2064 830 2098
830 2064 2098
2098 830 2064
1785 2790 2851
2851 1785 2790
2790 1785 2851
701 922 2853
2853 701 922
922 701 2853
1976 2364 2533
2533 1976 2364
2364 1976 2533
1296 2464 2998
2464 1296 2998
2998 1296 2464
1833 282 1515
1515 282 1833
282 1515 1833
1825 752 2281
2281 752 1825
752 1825 2281
2965 505 2563
2563 505 2965
505 2563 2965
806 2313 2689
2689 806 2313
2313 806 2689
355 113 2740
2740 113 355
113 355 2740
473 878 896
896 473 878
878 473 896
1326 1996 2589
1996 1326 2589
2589 1326 1996
2162 1063 2001
1063 2001 2162
2001 1063 2162
2 1898 2233
1898 2 2233
2233 2 1898
1473 114 2877
2877 114 1473
114 1473 2877
2077 291 879
879 291 2077
291 879 2077
1249 1572 1860
1572 1249 1860
1860 1249 1572
706 602 730
730 602 706
602 706 730
1378 960 2062
960 1378 2062
2062 960 1378
1175 1697 1839
1697 1175 1839
1839 1175 1697
1362 2148 2840
2840 1362 2148
2148 1362 2840
86 2104 2332
2332 86 2104
2104 86 2332
1075 1672 2994
2994 1075 1672
1672 1075 2994
1024 1029 2339
2339 1024 1029
1029 1024 2339
1729 184 1413
1413 184 1729
184 1413 1729
254 499 1070
499 254 1070
1070 254 499
1231 1155 2447
1155 1231 2447
2447 1155 1231
2260 304 1265
1265 304 2260
304 1265 2260
1680 1883 2000
1883 1680 2000
2000 1680 1883
1384 2409 2975
2409 1384 2975
2975 1384 2409
2169 1357 1593
1593 1357 2169
1357 1593 2169
1085 338 2671
338 1085 2671
2671 338 1085
2869 1903 2130
1903 2130 2869
2130 1903 2869
126 928 2641
2641 126 928
928 126 2641
809 399 2803
399 809 2803
2803 399 809
372 1036 1961
1036 372 1961
1961 372 1036
1205 2430 2893
2893 1205 2430
2430 1205 2893
2574 128 2282
2282 128 2574
128 2282 2574
2280 1192 2551
2551 1192 2280
1192 2280 2551
2034 277 748
277 748 2034
748 277 2034
1746 136 2318
136 1746 2318
2318 136 1746
1351 1685 1876
1876 1351 1685
1685 1351 1876
202 3 2814
2814 3 202
3 202 2814
1608 1383 2252
1383 1608 2252
2252 1383 1608
2881 889 1745
1745 889 2881
889 1745 2881
445 2219 2480
2219 445 2480
2480 445 2219
308 705 2666
705 308 2666
2666 308 705
494 808 2101
2101 494 808
808 494 2101
2997 36 147
147 36 2997
36 147 2997
79 1016 2191
2191 79 1016
1016 79 2191
810 1790 2213
2213 810 1790
1790 810 2213
135 225 1200
1200 135 225
225 135 1200
1060 2308 2627
2627 1060 2308
2308 1060 2627
2856 133 1448
1448 133 2856
133 1448 2856
2698 911 1481
1481 911 2698
911 1481 2698
1631 278 1431
278 1431 1631
1431 278 1631
323 1927 1948
1948 323 1927
1927 323 1948
707 1826 2726
2726 707 1826
1826 707 2726
2732 24 1379
24 1379 2732
1379 24 2732
2410 590 1455
590 1455 2410
1455 590 2410
2248 1134 2988
2988 1134 2248
1134 2248 2988
353 2384 2980
2980 353 2384
2384 353 2980
5 856 1459
1459 5 856
856 5 1459
1284 663 2159
663 1284 2159
2159 663 1284
1931 1467 2954
2954 1467 1931
1467 1931 2954
2328 1521 1683
1683 1521 2328
1521 1683 2328
2129 540 619
619 540 2129
540 619 2129
1854 1614 2784
1614 1854 2784
2784 1614 1854
999 1891 2580
1891 999 2580
2580 999 1891
2215 1781 2484
1781 2215 2484
2484 1781 2215
2292 734 1980
1980 734 2292
734 1980 2292
1409 1022 1963
1022 1409 1963
1963 1022 1409
2838 1335 1677
1677 1335 2838
1335 1677 2838
1030 378 1115
1115 378 1030
378 1030 1115
528 1475 2096
2096 528 1475
1475 528 2096
522 1356 2226
2226 522 1356
1356 522 2226
2300 626 2778
626 2300 2778
2778 626 2300
1083 552 594
594 552 1083
552 594 1083
2463 2372 2896
2896 2372 2463
2372 2463 2896
159 332 2455
332 159 2455
2455 159 332
1710 616 2771
2771 616 1710
616 1710 2771
2755 30 1330
1330 30 2755
30 1330 2755
2892 639 2547
639 2547 2892
2547 639 2892
137 1256 2827
1256 137 2827
2827 137 1256
1570 290 2422
2422 290 1570
290 1570 2422
1738 49 2830
2830 49 1738
49 1738 2830
558 2016 2327
2016 558 2327
2327 558 2016
76 1877 2143
2143 76 1877
1877 76 2143
2376 2419 2919
2419 2376 2919
2919 2376 2419
959 728 2091
728 959 2091
2091 728 959
2325 363 2167
2167 363 2325
363 2167 2325
123 2086 2635
2635 123 2086
2086 123 2635
480 175 2192
175 480 2192
2192 175 480
838 61 897
897 61 838
61 838 897
1666 1787 2738
1787 1666 2738
2738 1666 1787
1058 1479 2858
1479 1058 2858
2858 1058 1479
2137 693 1242
693 1242 2137
1242 693 2137
2905 174 2513
2513 174 2905
174 2513 2905
973 826 2595
826 973 2595
2595 826 973
2027 198 1468
1468 198 2027
198 1468 2027
1002 697 1419
1419 697 1002
697 1002 1419
2344 1122 2719
2719 1122 2344
1122 2344 2719
1185 41 601
601 41 1185
41 601 1185
2918 269 721
721 269 2918
269 721 2918
2800 138 2389
2389 138 2800
138 2389 2800
1674 1360 2591
1360 1674 2591
2591 1360 1674
2564 145 597
145 597 2564
597 145 2564
2423 2238 2707
2707 2238 2423
2238 2423 2707
420 232 503
503 232 420
232 420 503
1489 784 1923
784 1489 1923
1923 784 1489
2442 1027 2082
1027 2082 2442
2082 1027 2442
1687 2074 2910
2910 1687 2074
2074 1687 2910
1438 195 2058
195 1438 2058
2058 195 1438
2377 490 909
909 490 2377
490 909 2377
1001 694 1688
694 1001 1688
1688 694 1001
1594 2033 2436
2033 1594 2436
2436 1594 2033
1723 1197 2194
2194 1197 1723
1197 1723 2194
2573 615 919
919 615 2573
615 919 2573
2265 124 1215
1215 124 2265
124 1215 2265
1227 930 2594
2594 930 1227
930 1227 2594
1646 1153 2924
1153 1646 2924
2924 1153 1646
422 1868 2530
2530 422 1868
1868 422 2530
1642 1904 2366
2366 1642 1904
1904 1642 2366
1337 765 2020
2020 765 1337
765 1337 2020
348 1181 2432
2432 348 1181
1181 348 2432
440 1922 1975
1922 440 1975
1975 440 1922
1051 676 2119
676 1051 2119
2119 676 1051
2865 884 2558
884 2558 2865
2558 884 2865
1132 1690 2883
1690 1132 2883
2883 1132 1690
476 519 2943
2943 476 519
519 476 2943
1303 374 1504
1504 374 1303
374 1303 1504
253 157 698
698 157 253
157 253 698
2054 344 640
344 640 2054
640 344 2054
2146 410 1371
410 1371 2146
1371 410 2146
2661 237 2982
2982 237 2661
237 2661 2982
581 678 2870
2870 581 678
678 581 2870
1234 607 1828
607 1234 1828
1828 607 1234
2841 235 2934
235 2841 2934
2934 235 2841
214 2408 2972
2972 214 2408
2408 214 2972
1999 2114 2885
2885 1999 2114
2114 1999 2885
2821 305 510
510 305 2821
305 510 2821
1711 789 2651
2651 789 1711
789 1711 2651
2902 311 2640
311 2640 2902
2640 311 2902
2796 740 1887
1887 740 2796
740 1887 2796
763 848 2554
848 763 2554
2554 763 848
1603 1038 1291
1291 1038 1603
1038 1291 1603
2504 781 1985
1985 781 2504
781 1985 2504
77 98 1131
1131 77 98
98 77 1131
2469 1308 1815
1815 1308 2469
1308 1815 2469
488 1889 2636
2636 488 1889
1889 488 2636
770 2268 2872
2872 770 2268
2268 770 2872
1472 1129 2766
2766 1129 1472
1129 1472 2766
1074 329 665
329 665 1074
665 329 1074
2913 1372 1624
1624 1372 2913
1372 1624 2913
284 2080 2330
2080 284 2330
2330 284 2080
1784 1128 1426
1426 1128 1784
1128 1426 1784
750 2424 2966
2424 750 2966
2966 750 2424
2592 644 1574
1574 644 2592
644 1574 2592
1368 234 814
814 234 1368
234 814 1368
190 965 2155
965 190 2155
2155 190 965
606 431 1607
1607 431 606
431 606 1607
2622 1621 2470
2470 1621 2622
1621 2470 2622
286 1136 2336
1136 286 2336
2336 286 1136
132 1043 1591
1591 132 1043
1043 132 1591
1064 1807 1895
1895 1064 1807
1807 1064 1895
273 557 2316
557 273 2316
2316 273 557
82 443 645
645 82 443
443 82 645
2697 920 2927
2927 920 2697
920 2697 2927
2536 824 1176
1176 824 2536
824 1176 2536
218 1068 1425
1068 218 1425
1425 218 1068
347 995 1979
995 347 1979
1979 347 995
1121 1117 2662
2662 1117 1121
1117 1121 2662
1488 316 1786
1786 316 1488
316 1488 1786
1693 1503 1753
1503 1693 1753
1753 1503 1693
535 1575 2665
1575 535 2665
2665 535 1575
1805 42 1864
42 1805 1864
1864 42 1805
1245 936 1223
936 1223 1245
1223 936 1245
1932 1797 2829
2829 1797 1932
1797 1932 2829
28 971 2637
971 28 2637
2637 28 971
1239 1514 1901
1901 1239 1514
1514 1239 1901
2562 611 2046
611 2046 2562
2046 611 2562
966 11 2356
11 966 2356
2356 11 966
2670 67 2917
2917 67 2670
67 2670 2917
556 584 1323
584 556 1323
1323 556 584
211 643 905
905 211 643
643 211 905
2295 185 233
233 185 2295
185 233 2295
27 1044 2556
1044 27 2556
2556 27 1044
827 634 2015
634 827 2015
2015 634 827
2063 1315 2127
2127 1315 2063
1315 2063 2127
773 1103 2203
1103 773 2203
2203 773 1103
1538 1530 2274
1530 1538 2274
2274 1530 1538
29 759 1655
759 29 1655
1655 29 759
1440 2322 2380
2380 1440 2322
2322 1440 2380
1718 465 1271
465 1271 1718
1271 465 1718
1289 652 764
652 764 1289
764 652 1289
404 1852 2204
2204 404 1852
1852 404 2204
744 456 753
456 744 753
753 456 744
1596 56 1882
56 1596 1882
1882 56 1596
2992 223 1069
223 1069 2992
1069 223 2992
2985 555 2572
2572 555 2985
555 2572 2985
2048 119 1218
1218 119 2048
119 1218 2048
921 699 1423
699 921 1423
1423 699 921
1302 379 1435
1435 379 1302
379 1302 1435
300 1522 1671
1522 300 1671
1671 300 1522
952 2152 2163
2163 952 2152
2152 952 2163
1403 187 2937
187 1403 2937
2937 187 1403
1124 1928 2326
1928 1124 2326
2326 1124 1928
318 2284 2503
2284 318 2503
2503 318 2284
1822 459 2088
459 1822 2088
2088 459 1822
1531 1361 1396
1396 1361 1531
1361 1396 1531
1120 624 1012
624 1012 1120
1012 624 1120
2577 1125 1198
1198 1125 2577
1125 1198 2577
2968 1750 1802
1750 1802 2968
1802 1750 2968
735 791 1456
1456 735 791
791 735 1456
2844 1933 2828
1933 2828 2844
2828 1933 2844
2341 983 1586
983 1586 2341
1586 983 2341
1349 1399 2843
2843 1349 1399
1399 1349 2843
458 658 817
658 458 817
817 458 658
1202 19 1243
19 1202 1243
1243 19 1202
2454 1909 2113
1909 2113 2454
2113 1909 2454
32 228 1620
228 32 1620
1620 32 228
2073 1714 2205
1714 2073 2205
2205 1714 2073
1445 567 1874
567 1445 1874
1874 567 1445
241 671 2618
2618 241 671
671 241 2618
1203 243 977
243 977 1203
977 243 1203
874 524 883
524 874 883
883 524 874
2385 244 620
244 620 2385
620 244 2385
2956 660 2337
660 2337 2956
2337 660 2956
2210 1661 2835
2835 1661 2210
1661 2210 2835
109 263 1778
263 109 1778
1778 109 263
1112 596 1741
596 1112 1741
1741 596 1112
833 1067 1788
1067 833 1788
1788 833 1067
2733 2283 2654
2283 2654 2733
2654 2283 2733
1196 105 2002
2002 105 1196
105 1196 2002
1003 2438 2808
2438 1003 2808
2808 1003 2438
2068 518 2311
2311 518 2068
518 2068 2311
2030 544 779
779 544 2030
544 779 2030
681 1118 1164
1118 681 1164
1164 681 1118
2467 1439 1869
1869 1439 2467
1439 1869 2467
1911 306 2691
306 1911 2691
2691 306 1911
2502 1169 2008
2008 1169 2502
1169 2008 2502
2486 1936 2415
1936 2415 2486
2415 1936 2486
2437 516 1534
516 1534 2437
1534 516 2437
2017 454 1509
1509 454 2017
454 1509 2017
359 710 2898
2898 359 710
710 359 2898
2759 1751 1937
1751 1937 2759
1937 1751 2759
530 1766 1853
1766 530 1853
1853 530 1766
1127 1851 2237
1851 1127 2237
2237 1127 1851
2823 880 906
880 906 2823
906 880 2823
2381 2153 2703
2153 2381 2703
2703 2153 2381
2571 546 805
546 805 2571
805 546 2571
2947 670 1006
670 1006 2947
1006 670 2947
1130 1290 2667
2667 1130 1290
1290 1130 2667
289 165 903
903 165 289
165 289 903
172 871 1724
1724 172 871
871 172 1724
2616 538 1654
1654 538 2616
538 1654 2616
521 1935 2297
1935 521 2297
2297 521 1935
868 886 1019
1019 868 886
886 868 1019
876 1275 2659
1275 876 2659
2659 876 1275
2060 171 2443
171 2060 2443
2443 171 2060
642 1681 2517
1681 642 2517
2517 642 1681
2664 92 1623
1623 92 2664
92 1623 2664
1377 1332 2958
2958 1332 1377
1332 1377 2958
843 492 2611
2611 492 843
492 843 2611
1341 727 2220
2220 727 1341
727 1341 2220
72 75 144
144 72 75
75 72 144
1732 2041 2854
2041 1732 2854
2854 1732 2041
2684 631 2449
2449 631 2684
631 2449 2684
994 478 2407
2407 478 994
478 994 2407
1755 1260 2286
1260 1755 2286
2286 1260 1755
898 334 2021
334 898 2021
2021 334 898
2135 33 2431
33 2135 2431
2431 33 2135
2921 283 720
720 283 2921
283 720 2921
2960 729 2199
2199 729 2960
729 2199 2960
804 1255 1258
1258 804 1255
1255 804 1258
1262 2657 2949
2657 1262 2949
2949 1262 2657
828 536 2511
2511 536 828
536 828 2511
2578 1416 2932
2932 1416 2578
1416 2578 2932
2757 2621 2763
2621 2757 2763
2763 2621 2757
1078 2303 2632
2632 1078 2303
2303 1078 2632
351 1540 1571
1540 351 1571
1571 351 1540
914 78 1934
1934 78 914
78 914 1934
2656 272 2831
2831 272 2656
272 2656 2831
646 1424 2207
2207 646 1424
1424 646 2207
2746 944 1780
944 1780 2746
1780 944 2746
2334 18 2255
2255 18 2334
18 2255 2334
1758 968 2448
2448 968 1758
968 1758 2448
679 1059 2453
2453 679 1059
1059 679 2453
1333 1188 1240
1240 1188 1333
1188 1240 1333
467 751 2370
751 467 2370
2370 467 751
2712 1247 1375
1247 1375 2712
1375 1247 2712
1213 1285 1813
1285 1213 1813
1813 1213 1285
249 1184 2335
1184 249 2335
2335 249 1184
1471 2275 2859
2275 1471 2859
2859 1471 2275
1402 1311 2527
2527 1311 1402
1311 1402 2527
2165 1412 2262
1412 2165 2262
2262 1412 2165
1834 984 2025
2025 984 1834
984 1834 2025
1276 1437 2531
2531 1276 1437
1437 1276 2531
2786 1301 2863
2863 1301 2786
1301 2786 2863
71 271 1580
271 71 1580
1580 71 271
2087 1221 1679
1221 1679 2087
1679 1221 2087
2317 352 1836
1836 352 2317
352 1836 2317
2345 1744 2809
1744 2345 2809
2809 1744 2345
849 470 1617
470 849 1617
1617 470 849
1211 576 2628
2628 576 1211
576 1211 2628
1334 1703 2780
2780 1334 1703
1703 1334 2780
2669 882 908
882 908 2669
908 882 2669
745 793 2789
2789 745 793
793 745 2789
419 1278 2575
1278 419 2575
2575 419 1278
1376 446 532
532 446 1376
446 532 1376
2036 88 630
88 630 2036
630 88 2036
438 245 292
245 292 438
292 245 438
772 1193 2725
1193 772 2725
2725 772 1193
2537 2261 2378
2261 2378 2537
2378 2261 2537
623 1158 1789
1789 623 1158
1158 623 1789
987 2395 2518
2395 987 2518
2518 987 2395
421 1705 2022
2022 421 1705
1705 421 2022
853 65 448
