1759 1197 2085
1197 1759 2085
2085 1197 1759
2545 1832 2126
2126 1832 2545
1832 2126 2545
266 1926 2508
1926 266 2508
2508 266 1926
1273 2456 2909
2909 1273 2456
2456 1273 2909
1807 740 2410
2410 740 1807
740 1807 2410
2506 1852 2150
2150 1852 2506
1852 2150 2506
535 579 2206
579 535 2206
2206 535 579
1285 238 1857
238 1285 1857
1857 238 1285
2951 281 1254
281 1254 2951
1254 281 2951
2702 193 1890
193 1890 2702
1890 193 2702
2874 1666 2272
1666 2272 2874
2272 1666 2874
514 96 114
96 114 514
114 96 514
635 1519 2996
1519 635 2996
2996 635 1519
519 547 555
555 519 547
547 519 555
647 1544 1914
1544 647 1914
1914 647 1544
2594 1210 1678
1678 1210 2594
1210 1678 2594
1158 2235 2385
2385 1158 2235
2235 1158 2385
2180 970 2760
2760 970 2180
970 2180 2760
1278 249 2321
249 1278 2321
2321 249 1278
814 132 562
562 132 814
132 562 814
1388 634 2889
2889 634 1388
634 1388 2889
2564 1782 1864
1782 1864 2564
1864 1782 2564
2834 911 2308
2308 911 2834
911 2308 2834
1596 270 470
470 270 1596
270 470 1596
229 2336 2462
2462 229 2336
2336 229 2462
2859 1291 2940
2940 1291 2859
1291 2859 2940
1778 1176 1741
1741 1176 1778
1176 1741 1778
2309 209 2333
2333 209 2309
209 2309 2333
11 835 2283
835 11 2283
2283 11 835
2420 208 1655
1655 208 2420
208 1655 2420
2982 769 2754
769 2754 2982
2754 769 2982
2598 1339 1986
1339 1986 2598
1986 1339 2598
2171 1044 1533
1044 1533 2171
1533 1044 2171
1859 1745 2524
1745 1859 2524
2524 1745 1859
2854 2815 2963
2963 2815 2854
2815 2854 2963
306 692 1105
692 306 1105
1105 306 692
592 510 1135
510 592 1135
1135 510 592
284 1575 2824
2824 284 1575
1575 284 2824
2282 292 2276
2276 292 2282
292 2276 2282
359 589 1298
1298 359 589
589 359 1298
2626 91 938
938 91 2626
91 938 2626
21 1431 2816
1431 21 2816
2816 21 1431
2799 404 2268
404 2268 2799
2268 404 2799
1465 271 2492
2492 271 1465
271 1465 2492
2683 894 2915
894 2683 2915
2915 894 2683
685 1330 1441
1441 685 1330
1330 685 1441
2221 502 1774
1774 502 2221
502 1774 2221
2068 1448 2783
1448 2068 2783
2783 1448 2068
1783 178 1682
1682 178 1783
178 1682 1783
2118 459 2932
459 2118 2932
2932 459 2118
1991 392 1150
1150 392 1991
392 1150 1991
582 481 2006
2006 481 582
481 582 2006
241 1846 2270
1846 241 2270
2270 241 1846
1751 564 2302
2302 564 1751
564 1751 2302
2758 770 1337
770 1337 2758
1337 770 2758
1997 506 2470
2470 506 1997
506 1997 2470
1742 526 1637
1637 526 1742
526 1637 1742
1128 655 2123
2123 655 1128
655 1128 2123
1477 1481 2255
2255 1477 1481
1481 1477 2255
1485 173 1232
173 1232 1485
1232 173 1485
217 1526 2629
1526 217 2629
2629 217 1526
445 182 2684
2684 182 445
182 445 2684
1279 402 1203
402 1203 1279
1203 402 1279
1021 60 1893
60 1021 1893
1893 60 1021
1816 1006 1661
1661 1006 1816
1006 1661 1816
417 1520 1572
1520 417 1572
1572 417 1520
1313 1268 1938
1938 1268 1313
1268 1313 1938
1214 68 1126
68 1126 1214
1126 68 1214
2352 1827 1956
1956 1827 2352
1827 1956 2352
456 1509 2040
1509 456 2040
2040 456 1509
1800 1290 2072
2072 1290 1800
1290 1800 2072
853 1927 2793
1927 853 2793
2793 853 1927
2244 36 2396
2396 36 2244
36 2244 2396
2406 1372 2471
2471 1372 2406
1372 2406 2471
2497 1022 1419
1022 1419 2497
1419 1022 2497
1287 159 1087
1087 159 1287
159 1087 1287
1845 1327 2962
2962 1327 1845
1327 1845 2962
1031 708 2362
2362 708 1031
708 1031 2362
1873 1111 1981
1111 1873 1981
1981 1111 1873
408 1049 2522
1049 408 2522
2522 408 1049
1769 1740 2109
1740 1769 2109
2109 1740 1769
1086 311 2912
311 1086 2912
2912 311 1086
512 1193 1622
1622 512 1193
1193 512 1622
1994 2225 2650
2225 1994 2650
2650 1994 2225
908 2790 2837
2837 908 2790
2790 908 2837
1282 94 1553
1553 94 1282
94 1282 1553
1662 1310 1472
1310 1472 1662
1472 1310 1662
591 357 901
901 357 591
357 591 901
1302 195 1091
1091 195 1302
195 1091 1302
1496 110 2694
110 1496 2694
2694 110 1496
876 1301 2860
2860 876 1301
1301 876 2860
16 215 1664
1664 16 215
215 16 1664
104 1562 1944
1562 104 1944
1944 104 1562
1988 1048 1972
1048 1972 1988
1972 1048 1988
145 763 2315
2315 145 763
763 145 2315
1099 1861 1977
1861 1099 1977
1977 1099 1861
1019 765 2896
2896 765 1019
765 1019 2896
2354 2251 2468
2468 2251 2354
2251 2354 2468
842 296 1867
1867 296 842
296 842 1867
2102 863 1407
863 1407 2102
1407 863 2102
986 776 2403
2403 776 986
776 986 2403
1728 355 1709
355 1709 1728
1709 355 1728
2032 492 1982
1982 492 2032
492 1982 2032
2665 352 1468
352 1468 2665
1468 352 2665
2165 130 332
130 332 2165
332 130 2165
1359 602 2004
602 1359 2004
2004 602 1359
648 2318 2422
2318 648 2422
2422 648 2318
584 1170 1473
1473 584 1170
1170 584 1473
1672 476 927
476 927 1672
927 476 1672
1226 676 1834
676 1226 1834
1834 676 1226
2218 2254 2914
2914 2218 2254
2254 2218 2914
2202 1631 2264
2264 1631 2202
1631 2202 2264
444 827 1880
827 444 1880
1880 444 827
1920 22 1516
1516 22 1920
22 1516 1920
1708 1217 2775
1217 1708 2775
2775 1217 1708
1098 1507 2766
2766 1098 1507
1507 1098 2766
2214 594 2266
594 2214 2266
2266 594 2214
1546 1144 2475
1144 1546 2475
2475 1144 1546
414 703 1303
703 414 1303
1303 414 703
1787 662 2332
2332 662 1787
662 1787 2332
5 1084 1427
1084 5 1427
1427 5 1084
690 2523 2729
2523 690 2729
2729 690 2523
1916 1502 1667
1502 1667 1916
1667 1502 1916
1883 695 1961
1961 695 1883
695 1883 1961
2658 1265 1891
1891 1265 2658
1265 1891 2658
464 45 1482
45 464 1482
1482 45 464
2104 1949 2892
2892 1949 2104
1949 2104 2892
677 156 1715
1715 156 677
156 677 1715
2484 1325 2310
2310 1325 2484
1325 2310 2484
508 751 1620
1620 508 751
751 508 1620
3 699 2017
699 3 2017
2017 3 699
1765 2269 2948
2269 1765 2948
2948 1765 2269
1790 299 2200
2200 299 1790
299 1790 2200
757 2661 2939
2661 757 2939
2939 757 2661
365 888 1206
888 365 1206
1206 365 888
952 2387 2593
2387 952 2593
2593 952 2387
2119 945 1825
1825 945 2119
945 1825 2119
2069 2604 2681
2604 2069 2681
2681 2069 2604
1641 161 1233
1233 161 1641
161 1233 1641
689 880 2108
880 689 2108
2108 689 880
2575 1598 1696
1598 1696 2575
1696 1598 2575
872 1665 2303
1665 872 2303
2303 872 1665
2369 334 1106
334 1106 2369
1106 334 2369
1573 267 2690
2690 267 1573
267 1573 2690
74 302 930
302 74 930
930 74 302
1120 1582 2217
2217 1120 1582
1582 1120 2217
956 2135 2960
2960 956 2135
2135 956 2960
303 2054 2512
2054 303 2512
2512 303 2054
1160 1377 1895
1377 1160 1895
1895 1160 1377
605 69 245
245 69 605
69 245 605
286 1033 1595
1033 286 1595
1595 286 1033
1971 12 2096
2096 12 1971
12 1971 2096
1323 606 941
606 941 1323
941 606 1323
1386 375 2242
375 1386 2242
2242 375 1386
1561 1024 1614
1024 1561 1614
1614 1024 1561
2060 264 1935
1935 264 2060
264 1935 2060
2618 731 2590
731 2590 2618
2590 731 2618
768 1450 2182
2182 768 1450
1450 768 2182
436 465 964
964 436 465
465 436 964
1725 1097 2344
2344 1097 1725
1097 1725 2344
1082 1117 2340
1117 1082 2340
2340 1082 1117
1686 1007 2957
2957 1007 1686
1007 1686 2957
2316 437 2848
437 2316 2848
2848 437 2316
672 2189 2271
2189 672 2271
2271 672 2189
828 219 2056
2056 219 828
219 828 2056
774 717 2866
2866 717 774
717 774 2866
2616 601 1579
1579 601 2616
601 1579 2616
2341 698 2168
698 2168 2341
2168 698 2341
1066 353 2682
2682 353 1066
353 1066 2682
2409 2154 2424
2154 2409 2424
2424 2154 2409
2928 461 780
780 461 2928
461 780 2928
787 462 2243
2243 462 787
462 787 2243
1959 34 2317
2317 34 1959
34 1959 2317
955 87 2140
87 955 2140
2140 87 955
2131 1143 1731
1143 1731 2131
1731 1143 2131
1909 524 2132
2132 524 1909
524 1909 2132
2926 460 2193
460 2193 2926
2193 460 2926
2817 1351 2222
2222 1351 2817
1351 2222 2817
984 158 480
480 158 984
158 480 984
163 367 1829
367 163 1829
1829 163 367
747 1192 2769
1192 747 2769
2769 747 1192
349 1446 2734
2734 349 1446
1446 349 2734
119 758 1970
758 119 1970
1970 119 758
2273 1363 2917
2917 1363 2273
1363 2273 2917
942 1271 2778
1271 942 2778
2778 942 1271
2646 920 2412
920 2412 2646
2412 920 2646
1591 1814 2092
1814 1591 2092
2092 1591 1814
1693 2016 2204
2016 1693 2204
2204 1693 2016
1389 1369 2862
2862 1369 1389
1369 1389 2862
1328 571 1141
1141 571 1328
571 1141 1328
924 1080 2573
1080 924 2573
2573 924 1080
174 260 1968
1968 174 260
260 174 1968
2542 1402 2520
2520 1402 2542
1402 2520 2542
2930 972 2653
2653 972 2930
972 2653 2930
2764 2278 2392
2278 2392 2764
2392 2278 2764
2209 697 1016
697 1016 2209
1016 697 2209
146 953 1183
953 146 1183
1183 146 953
1762 741 2812
2812 741 1762
741 1762 2812
642 315 1729
315 642 1729
1729 315 642
2036 1534 2312
2312 1534 2036
1534 2036 2312
2800 1212 1451
1451 1212 2800
1212 1451 2800
961 80 2375
2375 80 961
80 961 2375
2942 870 2987
870 2942 2987
2987 870 2942
2299 1668 2663
2663 1668 2299
1668 2299 2663
836 112 2603
112 836 2603
2603 112 836
1055 2034 2314
2034 1055 2314
2314 1055 2034
875 1001 1683
1001 875 1683
1683 875 1001
2776 142 1739
1739 142 2776
142 1739 2776
14 1754 2439
2439 14 1754
1754 14 2439
1567 734 2485
2485 734 1567
734 1567 2485
300 738 2166
2166 300 738
738 300 2166
2978 1334 2614
1334 2614 2978
2614 1334 2978
2623 317 2507
2507 317 2623
317 2507 2623
2155 289 2571
2571 289 2155
289 2155 2571
2795 1589 2654
1589 2654 2795
2654 1589 2795
304 1903 2703
1903 304 2703
2703 304 1903
2584 400 2179
2179 400 2584
400 2179 2584
782 533 893
893 533 782
533 782 893
759 678 1153
678 759 1153
1153 678 759
107 1720 1980
1720 107 1980
1980 107 1720
1928 2607 2757
2607 1928 2757
2757 1928 2607
1416 2325 2710
2710 1416 2325
2325 1416 2710
2538 664 2133
664 2133 2538
2133 664 2538
1460 1281 1791
1791 1281 1460
1281 1460 1791
650 35 969
35 650 969
969 35 650
2374 1075 2024
2024 1075 2374
1075 2024 2374
2780 1556 1724
1556 1724 2780
1724 1556 2780
2384 2533 2809
2533 2384 2809
2809 2384 2533
2106 1177 1771
1771 1177 2106
1177 1771 2106
2704 687 2671
2671 687 2704
687 2671 2704
2134 157 882
882 157 2134
157 882 2134
2306 781 1911
781 1911 2306
1911 781 2306
1619 530 1983
1983 530 1619
530 1619 1983
646 1625 2992
1625 646 2992
2992 646 1625
2845 494 2088
494 2088 2845
2088 494 2845
1734 1621 2561
1621 1734 2561
2561 1621 1734
1560 1333 1568
1568 1333 1560
1333 1560 1568
391 222 1274
1274 222 391
222 391 1274
95 1517 2048
1517 95 2048
2048 95 1517
2478 933 1795
1795 933 2478
933 1795 2478
496 329 2502
329 496 2502
2502 329 496
2990 983 2000
2000 983 2990
983 2000 2990
1973 488 1723
1723 488 1973
488 1723 1973
2151 1414 1737
1737 1414 2151
1414 1737 2151
2632 2781 2964
2781 2632 2964
2964 2632 2781
2931 23 1256
1256 23 2931
23 1256 2931
123 390 2685
2685 123 390
390 123 2685
2330 599 2227
2227 599 2330
599 2227 2330
1974 2708 2872
2708 1974 2872
2872 1974 2708
2208 2825 2883
2883 2208 2825
2825 2208 2883
666 1615 1775
1775 666 1615
1615 666 1775
2861 1207 2162
2162 1207 2861
1207 2162 2861
1299 799 1822
1822 799 1299
799 1299 1822
1051 1083 2648
1083 1051 2648
2648 1051 1083
1283 49 936
936 49 1283
49 936 1283
926 802 929
929 802 926
802 926 929
2680 2226 2280
2280 2226 2680
2226 2280 2680
1498 1700 2578
2578 1498 1700
1700 1498 2578
525 865 2843
865 525 2843
2843 525 865
1308 871 1267
871 1267 1308
1267 871 1308
2839 1643 2253
1643 2253 2839
2253 1643 2839
1504 834 2261
834 1504 2261
2261 834 1504
1860 1202 2844
1202 1860 2844
2844 1202 1860
2773 2233 2950
2233 2773 2950
2950 2233 2773
2738 839 2897
2897 839 2738
839 2738 2897
307 1881 2267
1881 307 2267
2267 307 1881
1375 630 850
850 630 1375
630 850 1375
322 2001 2398
2001 322 2398
2398 322 2001
2945 1969 2551
2551 1969 2945
1969 2551 2945
520 58 2787
58 520 2787
2787 58 520
333 52 1161
1161 52 333
52 333 1161
2008 548 1646
548 1646 2008
1646 548 2008
1296 321 2785
2785 321 1296
321 1296 2785
1463 472 2357
472 1463 2357
2357 472 1463
997 2867 2983
2867 997 2983
2983 997 2867
117 1146 1746
1746 117 1146
1146 117 1746
2850 719 1364
719 1364 2850
1364 719 2850
261 327 2256
2256 261 327
327 261 2256
1114 1868 2995
2995 1114 1868
1868 1114 2995
1466 295 323
323 295 1466
295 323 1466
1138 743 2159
2159 743 1138
743 1138 2159
1401 2569 2877
2569 1401 2877
2877 1401 2569
2955 409 2807
2807 409 2955
409 2807 2955
2933 202 2786
202 2786 2933
2786 202 2933
1796 518 2172
2172 518 1796
518 1796 2172
2881 898 2365
2365 898 2881
898 2365 2881
2152 691 2288
2288 691 2152
691 2152 2288
1445 1056 2515
2515 1056 1445
1056 1445 2515
671 338 2546
338 671 2546
2546 338 671
1607 1843 2358
2358 1607 1843
1843 1607 2358
2445 387 1231
387 1231 2445
1231 387 2445
2721 1585 2457
1585 2457 2721
2457 1585 2721
2921 384 1237
384 1237 2921
1237 384 2921
1175 1023 1127
1127 1023 1175
1023 1127 1175
1430 1718 2248
1718 1430 2248
2248 1430 1718
1675 2491 2927
2491 1675 2927
2927 1675 2491
2057 1121 1913
1121 1913 2057
1913 1121 2057
2753 1415 2173
2173 1415 2753
1415 2173 2753
280 711 1403
1403 280 711
711 280 1403
2503 2389 2819
2819 2389 2503
2389 2503 2819
70 48 2841
48 70 2841
2841 48 70
536 257 2089
257 536 2089
2089 257 536
1780 693 2543
693 1780 2543
2543 693 1780
1566 10 1884
1884 10 1566
10 1566 1884
1506 556 2998
556 1506 2998
2998 556 1506
1358 1610 1788
1610 1358 1788
1788 1358 1610
861 9 255
9 255 861
255 9 861
2183 336 1070
1070 336 2183
336 1070 2183
2714 667 1180
667 1180 2714
1180 667 2714
737 279 2045
279 737 2045
2045 279 737
660 20 1719
1719 20 660
20 660 1719
1871 1352 2579
2579 1352 1871
1352 1871 2579
2231 1479 2390
1479 2231 2390
2390 1479 2231
1471 2415 2633
2633 1471 2415
2415 1471 2633
1004 580 1673
580 1004 1673
1673 580 1004
42 2125 2257
2257 42 2125
2125 42 2257
749 668 2293
668 749 2293
2293 668 749
2640 1813 2023
2023 1813 2640
1813 2023 2640
2699 902 2467
902 2467 2699
2467 902 2699
2589 1218 1345
1218 1345 2589
1345 1218 2589
167 75 2539
75 167 2539
2539 75 167
1189 1165 1487
1165 1189 1487
1487 1165 1189
2750 561 1716
1716 561 2750
561 1716 2750
1009 371 811
811 371 1009
371 811 1009
381 857 2230
2230 381 857
857 381 2230
629 1039 2009
1039 629 2009
2009 629 1039
1538 86 877
86 877 1538
877 86 1538
426 1583 2279
2279 426 1583
1583 426 2279
1629 150 1592
150 1592 1629
1592 150 1629
138 1850 2213
1850 138 2213
2213 138 1850
1862 616 756
616 756 1862
756 616 1862
503 33 2488
2488 33 503
33 503 2488
134 1322 2832
2832 134 1322
1322 134 2832
975 1399 1400
1400 975 1399
1399 975 1400
2033 89 386
386 89 2033
89 386 2033
849 187 896
896 187 849
187 849 896
370 1029 2771
2771 370 1029
1029 370 2771
246 801 830
801 246 830
830 246 801
2652 2185 2565
2185 2565 2652
2565 2185 2652
2689 428 2864
2864 428 2689
428 2689 2864
2339 810 2748
810 2339 2748
2748 810 2339
2641 50 1842
50 1842 2641
1842 50 2641
2606 347 707
347 707 2606
707 347 2606
808 1315 2030
2030 808 1315
1315 808 2030
149 259 1027
1027 149 259
259 149 1027
2436 1373 2782
1373 2436 2782
2782 1373 2436
867 1550 2997
1550 867 2997
2997 867 1550
1168 1811 2808
2808 1168 1811
1811 1168 2808
598 1863 1910
1910 598 1863
1863 598 1910
2976 613 2713
2713 613 2976
613 2713 2976
2300 932 1300
932 1300 2300
1300 932 2300
1570 105 191
105 191 1570
191 105 1570
1026 614 2419
2419 614 1026
614 1026 2419
848 570 1457
1457 570 848
570 848 1457
1772 2157 2818
2157 1772 2818
2818 1772 2157
1382 1155 1953
1953 1155 1382
1155 1382 1953
373 374 1156
1156 373 374
374 373 1156
1100 2176 2177
2177 1100 2176
2176 1100 2177
490 1554 2670
2670 490 1554
1554 490 2670
2305 237 1551
237 1551 2305
1551 237 2305
1326 57 1763
1763 57 1326
57 1326 1763
2869 878 2701
2701 878 2869
878 2701 2869
1289 994 1343
1343 994 1289
994 1289 1343
1221 1919 2164
2164 1221 1919
1919 1221 2164
1030 1305 2935
1305 1030 2935
2935 1030 1305
1113 345 2562
345 1113 2562
2562 345 1113
1191 239 2749
239 1191 2749
2749 239 1191
2609 2331 2768
2768 2331 2609
2331 2609 2768
826 1247 2642
1247 826 2642
2642 826 1247
1072 1654 2745
2745 1072 1654
1654 1072 2745
368 680 1032
680 368 1032
1032 368 680
2686 2644 2657
2657 2644 2686
2644 2657 2686
446 1266 1272
1266 446 1272
1272 446 1266
610 27 2635
27 610 2635
2635 27 610
2529 600 1163
1163 600 2529
600 1163 2529
2645 1390 2505
2505 1390 2645
1390 2505 2645
2572 4 985
985 4 2572
4 985 2572
529 1467 2613
2613 529 1467
1467 529 2613
1835 729 1828
729 1828 1835
1828 729 1835
1038 1528 2373
1528 1038 2373
2373 1038 1528
1753 681 1015
681 1015 1753
1015 681 1753
2725 1347 1749
1749 1347 2725
1347 1749 2725
2304 923 1805
1805 923 2304
923 1805 2304
890 1166 2044
2044 890 1166
1166 890 2044
2952 1071 2967
2967 1071 2952
1071 2952 2967
1948 1060 2674
2674 1060 1948
1060 1948 2674
340 701 1941
1941 340 701
701 340 1941
1405 1320 1518
1320 1405 1518
1518 1320 1405
2920 318 1439
1439 318 2920
318 1439 2920
148 1195 2263
1195 148 2263
2263 148 1195
396 950 2178
2178 396 950
950 396 2178
626 1052 2349
2349 626 1052
1052 626 2349
1037 288 478
478 288 1037
288 478 1037
135 1151 1907
1907 135 1151
1151 135 1907
659 982 1076
1076 659 982
982 659 1076
2763 282 1826
282 1826 2763
1826 282 2763
1600 1137 1406
1137 1406 1600
1406 1137 1600
419 171 892
171 419 892
892 171 419
1840 56 2624
56 1840 2624
2624 56 1840
2969 897 2958
897 2958 2969
2958 897 2969
186 228 772
228 186 772
772 186 228
2719 1297 1943
1297 1943 2719
1943 1297 2719
973 573 2174
2174 573 973
573 973 2174
168 1109 2715
1109 168 2715
2715 168 1109
1624 175 1645
1645 175 1624
175 1624 1645
1536 965 1028
965 1028 1536
1028 965 1536
2324 1937 2366
1937 2324 2366
2366 1937 2324
2463 1985 2536
2536 1985 2463
1985 2463 2536
1042 2063 2147
2147 1042 2063
2063 1042 2147
1888 128 1688
1688 128 1888
128 1688 1888
866 777 1238
777 866 1238
1238 777 866
155 2716 2847
2847 155 2716
2716 155 2847
2649 51 2388
51 2388 2649
2388 51 2649
1392 585 2037
585 1392 2037
2037 585 1392
1670 2128 2232
2128 1670 2232
2232 1670 2128
724 798 1397
798 724 1397
1397 724 798
2091 383 2788
2788 383 2091
383 2091 2788
619 1525 1892
1525 619 1892
1892 619 1525
1594 981 1733
1733 981 1594
981 1594 1733
1952 253 1872
1872 253 1952
253 1872 1952
912 773 2116
2116 773 912
773 912 2116
2570 1255 2555
2555 1255 2570
1255 2555 2570
2634 463 962
962 463 2634
463 962 2634
2355 1017 1277
1277 1017 2355
1017 1277 2355
1886 19 1808
1808 19 1886
19 1808 1886
1669 581 1609
1609 581 1669
581 1609 1669
2907 1606 1885
1885 1606 2907
1606 1885 2907
418 1253 1900
1900 418 1253
1253 418 1900
1989 309 1307
1307 309 1989
309 1307 1989
230 429 2755
2755 230 429
429 230 2755
1932 393 2351
393 1932 2351
2351 393 1932
2676 1699 2737
2737 1699 2676
1699 2676 2737
2540 263 2585
263 2540 2585
2585 263 2540
2660 844 2114
2114 844 2660
844 2114 2660
362 379 2074
379 362 2074
2074 362 379
2442 320 588
320 588 2442
588 320 2442
716 722 1908
1908 716 722
722 716 1908
1368 794 1781
1781 794 1368
794 1368 1781
879 1611 2527
1611 879 2527
2527 879 1611
1490 1996 2696
1996 1490 2696
2696 1490 1996
2480 126 1681
1681 126 2480
126 1681 2480
1261 633 1486
1486 633 1261
633 1261 1486
919 1557 2046
1557 919 2046
2046 919 1557
324 1264 2043
2043 324 1264
1264 324 2043
2873 227 2918
2918 227 2873
227 2873 2918
2811 627 1122
1122 627 2811
627 1122 2811
278 797 1008
1008 278 797
797 278 1008
947 675 2377
675 947 2377
2377 675 947
485 943 1785
943 485 1785
1785 485 943
1587 1094 1223
1223 1094 1587
1094 1223 1587
184 277 2919
277 184 2919
2919 184 277
440 2252 2553
2252 440 2553
2553 440 2252
559 750 2418
2418 559 750
750 559 2418
1958 2094 2353
2353 1958 2094
2094 1958 2353
2986 1391 2286
1391 2286 2986
2286 1391 2986
2493 1894 2483
1894 2483 2493
2483 1894 2493
2452 1588 1761
1588 1761 2452
1761 1588 2452
2784 746 954
954 746 2784
746 954 2784
1478 1331 1671
1671 1331 1478
1331 1478 1671
2188 1549 1599
1599 1549 2188
1549 1599 2188
2260 2514 2574
2574 2260 2514
2514 2260 2574
1148 2371 2638
2371 1148 2638
2638 1148 2371
1998 44 560
44 560 1998
560 44 1998
523 816 1005
1005 523 816
816 523 1005
2489 541 2197
2197 541 2489
541 2197 2489
2064 1539 2984
2984 1539 2064
1539 2064 2984
63 1213 1712
1712 63 1213
1213 63 1712
1329 2153 2617
2153 1329 2617
2617 1329 2153
2258 1321 2813
2813 1321 2258
1321 2258 2813
2379 1726 2220
2220 1726 2379
1726 2220 2379
1252 2205 2549
2549 1252 2205
2205 1252 2549
2148 491 2580
491 2148 2580
2580 491 2148
2647 1484 2509
2509 1484 2647
1484 2509 2647
1184 2453 2601
2453 1184 2601
2601 1184 2453
1249 706 2350
2350 706 1249
706 1249 2350
1459 160 2212
160 1459 2212
2212 160 1459
993 2095 2400
2095 993 2400
2400 993 2095
188 2053 2765
2053 188 2765
2765 188 2053
2476 652 1201
652 1201 2476
1201 652 2476
2794 2047 2098
2098 2047 2794
2047 2098 2794
2413 489 2018
2018 489 2413
489 2018 2413
2175 1651 2141
1651 2141 2175
2141 1651 2175
2015 2473 2830
2473 2015 2830
2830 2015 2473
1142 624 2625
2625 624 1142
624 1142 2625
2343 2100 2602
2100 2343 2602
2602 2100 2343
1398 2115 2124
2115 1398 2124
2124 1398 2115
1090 1422 2137
2137 1090 1422
1422 1090 2137
620 2058 2262
2262 620 2058
2058 620 2262
2014 165 2237
2237 165 2014
165 2014 2237
1899 31 1348
1348 31 1899
31 1348 1899
1732 889 1818
889 1732 1818
1818 889 1732
1164 862 1286
1286 862 1164
862 1164 1286
247 2007 2078
2078 247 2007
2007 247 2078
679 907 1276
907 679 1276
1276 679 907
2526 116 2158
116 2158 2526
2158 116 2526
1335 1714 1736
1736 1335 1714
1714 1335 1736
313 1698 1823
1698 313 1823
1823 313 1698
2805 1370 1978
1978 1370 2805
1370 1978 2805
1697 1639 2693
1639 1697 2693
2693 1639 1697
154 905 2399
2399 154 905
905 154 2399
2631 2397 2858
2858 2397 2631
2397 2631 2858
1904 484 2548
2548 484 1904
484 1904 2548
1081 2767 2851
2851 1081 2767
2767 1081 2851
544 532 2732
532 544 2732
2732 532 544
152 845 1650
845 152 1650
1650 152 845
1357 380 623
623 380 1357
380 623 1357
2691 1464 2752
2752 1464 2691
1464 2691 2752
1802 166 1633
1633 166 1802
166 1633 1802
2161 714 2838
714 2161 2838
2838 714 2161
979 1205 2566
1205 979 2566
2566 979 1205
2025 2597 2627
2627 2025 2597
2597 2025 2627
1875 1242 1690
1690 1242 1875
1242 1690 1875
2552 1119 2891
1119 2552 2891
2891 1119 2552
2827 1581 2673
2673 1581 2827
1581 2673 2827
2381 1040 1642
1040 1642 2381
1642 1040 2381
2615 103 1316
1316 103 2615
103 1316 2615
1877 868 2852
2852 868 1877
868 1877 2852
72 553 2041
2041 72 553
553 72 2041
1262 577 2856
577 1262 2856
2856 577 1262
1194 854 2902
2902 854 1194
854 1194 2902
1196 1809 2149
1809 1196 2149
2149 1196 1809
1962 1469 2895
2895 1469 1962
1469 1962 2895
813 665 2756
665 813 2756
2756 665 813
2535 2454 2494
2494 2454 2535
2454 2494 2535
1239 274 1653
274 1239 1653
1653 274 1239
356 636 1059
1059 356 636
636 356 1059
1797 1078 1773
1078 1773 1797
1773 1078 1797
1047 2534 2675
2534 1047 2675
2675 1047 2534
1882 1590 2925
2925 1590 1882
1590 1882 2925
899 469 1777
469 899 1777
1777 469 899
704 1626 2977
1626 704 2977
2977 704 1626
1421 843 1340
1340 843 1421
843 1340 1421
2586 1378 2742
1378 2586 2742
2742 1378 2586
2049 2447 2743
2447 2049 2743
2743 2049 2447
637 250 2111
2111 250 637
250 637 2111
2700 1630 2499
2499 1630 2700
1630 2499 2700
2599 1462 2595
1462 2595 2599
2595 1462 2599
2500 1356 1523
1523 1356 2500
1356 1523 2500
1488 978 1199
1199 978 1488
978 1199 1488
468 211 2010
211 468 2010
2010 211 468
825 1222 2291
2291 825 1222
1222 825 2291
2796 366 1181
1181 366 2796
366 1181 2796
515 310 2294
310 515 2294
2294 310 515
641 949 2943
949 641 2943
2943 641 949
837 1020 1755
1755 837 1020
1020 837 1755
232 97 2949
2949 97 232
97 232 2949
1820 2791 2923
2791 1820 2923
2923 1820 2791
1627 1530 1704
1530 1627 1704
1704 1530 1627
453 325 1576
1576 325 453
325 453 1576
596 348 1159
348 596 1159
1159 348 596
2386 991 1976
1976 991 2386
991 1976 2386
2449 83 543
83 543 2449
543 83 2449
540 686 1817
686 540 1817
1817 540 686
1799 2464 2677
2464 1799 2677
2677 1799 2464
2806 111 2277
111 2277 2806
2277 111 2806
948 935 2228
2228 935 948
935 948 2228
2994 1435 1680
1435 1680 2994
1680 1435 2994
913 205 1495
1495 205 913
205 913 1495
1964 2730 2894
2730 1964 2894
2894 1964 2730
2393 406 2581
2581 406 2393
406 2393 2581
1514 1275 2216
1275 1514 2216
2216 1275 1514
2087 343 1139
1139 343 2087
343 1139 2087
779 164 2071
164 779 2071
2071 164 779
791 638 1410
1410 638 791
638 791 1410
1580 1188 1999
1999 1188 1580
1188 1580 1999
1657 415 1874
415 1657 1874
1874 415 1657
2513 254 1975
1975 254 2513
254 1975 2513
1586 201 2443
201 1586 2443
2443 201 1586
190 522 1984
522 190 1984
1984 190 522
236 656 2510
2510 236 656
656 236 2510
1418 181 207
181 207 1418
207 181 1418
2525 293 1705
293 1705 2525
1705 293 2525
767 256 1366
256 767 1366
1366 256 767
1346 1062 1145
1062 1145 1346
1145 1062 1346
674 1154 1216
1154 674 1216
1216 674 1154
1529 534 639
639 534 1529
534 639 1529
1208 497 1640
1640 497 1208
497 1208 1640
1906 1547 1824
1547 1824 1906
1824 1547 1906
1118 434 917
917 434 1118
434 917 1118
2427 2083 2559
2559 2083 2427
2083 2427 2559
2993 115 337
337 115 2993
115 337 2993
1220 1789 1837
1789 1220 1837
1837 1220 1789
1905 1041 1269
1269 1041 1905
1041 1269 1905
1061 28 341
341 28 1061
28 341 1061
1152 1104 2956
2956 1104 1152
1104 1152 2956
2936 93 495
495 93 2936
93 495 2936
24 1002 1979
1979 24 1002
1002 24 1979
197 423 2052
423 197 2052
2052 197 423
1409 694 2038
694 1409 2038
2038 694 1409
2707 851 2659
851 2659 2707
2659 851 2707
1374 2904 2959
2904 1374 2959
2959 1374 2904
2163 998 1946
1946 998 2163
998 1946 2163
2946 1758 2229
1758 2229 2946
2229 1758 2946
539 244 2327
244 539 2327
2327 244 539
2093 1314 2003
2003 1314 2093
1314 2003 2093
725 1929 2550
2550 725 1929
1929 725 2550
1085 276 2557
276 1085 2557
2557 276 1085
824 855 1295
855 824 1295
1295 824 855
2323 1162 1367
1162 1367 2323
1367 1162 2323
775 124 1552
1552 124 775
124 775 1552
1219 1187 1438
1438 1187 1219
1187 1219 1438
1474 974 2391
2391 974 1474
974 1474 2391
1396 2298 2855
2298 1396 2855
2855 1396 2298
1853 240 1706
1706 240 1853
240 1706 1853
382 1660 2301
2301 382 1660
1660 382 2301
1063 1559 2971
1559 1063 2971
2971 1063 1559
1284 136 940
940 136 1284
136 940 1284
2139 1426 2695
1426 2139 2695
2695 1426 2139
113 576 1429
576 113 1429
1429 113 576
2429 1757 2831
2831 1757 2429
1757 2429 2831
223 1376 2888
2888 223 1376
1376 223 2888
957 2435 2554
2435 957 2554
2554 957 2435
2431 66 542
542 66 2431
66 542 2431
1942 1361 2822
1361 1942 2822
2822 1361 1942
78 438 2636
438 78 2636
2636 78 438
2138 567 2380
2380 567 2138
567 2138 2380
2329 881 2908
2908 881 2329
881 2329 2908
608 1259 2121
1259 608 2121
2121 608 1259
1987 1608 2532
1608 1987 2532
2532 1608 1987
421 1365 1605
1605 421 1365
1365 421 1605
2803 483 2275
2275 483 2803
483 2275 2803
1849 1515 2733
2733 1515 1849
1515 1849 2733
709 1623 2711
2711 709 1623
1623 709 2711
1965 499 1915
1915 499 1965
499 1915 1965
125 1245 1677
1245 125 1677
1677 125 1245
2097 587 1491
587 1491 2097
1491 587 2097
2246 1865 2885
1865 2246 2885
2885 1865 2246
2777 1499 2735
2735 1499 2777
1499 2735 2777
1371 430 654
430 654 1371
654 430 1371
2002 47 377
377 47 2002
47 377 2002
1793 447 2934
2934 447 1793
447 1793 2934
910 1440 2103
1440 910 2103
2103 910 1440
939 517 673
673 517 939
517 673 939
225 1079 2289
1079 225 2289
2289 225 1079
683 1628 2600
2600 683 1628
1628 683 2600
1819 702 2770
702 1819 2770
2770 702 1819
1760 583 1476
1476 583 1760
583 1476 1760
420 554 2338
2338 420 554
554 420 2338
696 934 2167
934 696 2167
2167 696 934
2736 335 2146
2146 335 2736
335 2146 2736
2238 661 2170
661 2170 2238
2170 661 2238
2966 2029 2441
2441 2029 2966
2029 2441 2966
521 1569 1663
1663 521 1569
1569 521 1663
2865 147 906
906 147 2865
147 906 2865
2129 2434 2717
2717 2129 2434
2434 2129 2717
1930 275 2556
2556 275 1930
275 1930 2556
2587 475 2490
2490 475 2587
475 2490 2587
2528 220 2840
220 2528 2840
2840 220 2528
1350 1730 1887
1887 1350 1730
1730 1350 1887
2871 1636 2924
2924 1636 2871
1636 2871 2924
2234 143 2961
2961 143 2234
143 2234 2961
931 607 2999
2999 607 931
607 931 2999
312 1727 2287
2287 312 1727
1727 312 2287
2345 1537 1638
1537 1638 2345
1638 1537 2345
2361 643 1385
1385 643 2361
643 1385 2361
1856 88 234
234 88 1856
88 234 1856
1115 1433 2722
2722 1115 1433
1433 1115 2722
2913 194 2863
194 2863 2913
2863 194 2913
342 1125 2774
1125 342 2774
2774 342 1125
2440 2481 2761
2481 2440 2761
2761 2440 2481
2916 1593 1951
1951 1593 2916
1593 1951 2916
71 354 1014
354 71 1014
1014 71 354
1685 272 2792
272 1685 2792
2792 272 1685
705 2328 2746
2328 705 2746
2746 705 2328
2596 1617 2890
2890 1617 2596
1617 2596 2890
1190 718 2101
718 1190 2101
2101 718 1190
1957 15 118
118 15 1957
15 118 1957
2461 120 2664
2664 120 2461
120 2461 2664
2458 431 2762
431 2458 2762
2762 431 2458
30 1362 2469
2469 30 1362
1362 30 2469
1659 1034 1110
1110 1034 1659
1034 1110 1659
1108 399 2712
399 1108 2712
2712 399 1108
1710 487 2186
2186 487 1710
487 1710 2186
2667 2285 2828
2285 2667 2828
2828 2285 2667
435 1798 2416
1798 435 2416
2416 435 1798
2181 712 1311
712 1311 2181
1311 712 2181
786 212 2829
2829 212 786
212 786 2829
2880 38 778
38 778 2880
778 38 2880
805 618 2823
618 805 2823
2823 618 805
411 621 2747
2747 411 621
621 411 2747
684 1648 2005
2005 684 1648
1648 684 2005
242 294 2144
294 242 2144
2144 242 294
1917 389 2672
389 1917 2672
2672 389 1917
900 376 1332
1332 376 900
376 900 1332
2988 1003 2084
1003 2084 2988
2084 1003 2988
1458 513 2741
2741 513 1458
513 1458 2741
1292 551 812
551 812 1292
812 551 1292
563 766 818
818 563 766
766 563 818
2020 2970 2981
2970 2020 2981
2981 2020 2970
1096 1565 2731
2731 1096 1565
1565 1096 2731
1602 301 2241
2241 301 1602
301 1602 2241
840 361 2028
2028 361 840
361 840 2028
1200 1452 1752
1752 1200 1452
1452 1200 1752
452 18 2274
2274 18 452
18 452 2274
2360 1674 2437
1674 2360 2437
2437 1674 2360
2120 235 2326
2326 235 2120
235 2120 2326
1136 990 2655
990 1136 2655
2655 990 1136
2487 185 987
185 987 2487
987 185 2487
847 807 1869
1869 807 847
807 847 1869
1312 151 1764
1764 151 1312
151 1312 1764
2628 1692 2911
1692 2628 2911
2911 1692 2628
963 41 829
829 41 963
41 829 963
53 1713 2113
2113 53 1713
1713 53 2113
1848 291 1423
291 1423 1848
1423 291 1848
1878 800 1812
1812 800 1878
800 1812 1878
1384 2724 2953
2953 1384 2724
2724 1384 2953
1319 326 2367
2367 326 1319
326 1319 2367
1656 700 1077
700 1077 1656
1077 700 1656
1889 441 1140
1140 441 1889
441 1140 1889
1689 269 316
269 316 1689
316 269 1689
860 960 980
980 860 960
960 860 980
732 378 2611
378 732 2611
2611 378 732
2417 439 1234
439 1234 2417
1234 439 2417
1050 2290 2582
2290 1050 2582
2582 1050 2290
2011 1455 2797
2797 1455 2011
1455 2011 2797
177 2112 2576
2112 177 2576
2576 177 2112
458 403 2583
2583 403 458
403 458 2583
603 388 500
388 500 603
500 388 603
133 2065 2621
2065 133 2621
2621 133 2065
1383 424 728
424 728 1383
728 424 1383
2900 682 1251
1251 682 2900
682 1251 2900
864 809 2082
2082 809 864
809 864 2082
448 631 688
631 448 688
688 448 631
1966 1338 1453
1338 1453 1966
1453 1338 1966
1227 40 1876
1876 40 1227
40 1227 1876
2893 54 1644
54 1644 2893
1644 54 2893
407 216 2899
216 407 2899
2899 216 407
474 1896 2430
2430 474 1896
1896 474 2430
1995 2169 2620
2620 1995 2169
2169 1995 2620
565 251 1475
1475 251 565
251 565 1475
1684 290 2985
290 1684 2985
2985 290 1684
1342 820 2521
820 1342 2521
2521 820 1342
1510 604 1555
1555 604 1510
604 1510 1555
1147 858 1563
858 1147 1563
1563 858 1147
1442 109 1750
109 1442 1750
1750 109 1442
507 1535 2965
1535 507 2965
2965 507 1535
1116 189 1235
1235 189 1116
189 1116 1235
1967 2630 2639
2630 1967 2639
2639 1967 2630
473 1679 2459
1679 473 2459
2459 473 1679
1417 914 2516
914 1417 2516
2516 914 1417
1045 1854 2404
1854 1045 2404
2404 1045 1854
1618 628 2474
2474 628 1618
628 1618 2474
498 1360 2297
1360 498 2297
2297 498 1360
1577 2249 2810
2810 1577 2249
2249 1577 2810
2198 822 2077
2077 822 2198
822 2077 2198
62 2224 2903
2903 62 2224
2224 62 2903
651 1054 2136
1054 651 2136
2136 651 1054
2062 1597 2348
2348 1597 2062
1597 2062 2348
2519 1112 2407
1112 2407 2519
2407 1112 2519
819 100 1000
100 819 1000
1000 100 819
1387 199 1092
199 1092 1387
1092 199 1387
1844 477 1089
477 1089 1844
1089 477 1844
1634 1178 2383
2383 1178 1634
1178 1634 2383
558 1738 2558
1738 558 2558
2558 558 1738
2846 1918 1954
1918 1954 2846
1954 1918 2846
2394 198 350
198 350 2394
350 198 2394
1527 2110 2451
2451 1527 2110
2110 1527 2451
144 1244 2143
1244 144 2143
2143 144 1244
1434 37 2698
37 1434 2698
2698 37 1434
1454 2122 2619
2619 1454 2122
2122 1454 2619
1839 1810 2789
2789 1810 1839
1810 1839 2789
2821 183 1461
183 1461 2821
1461 183 2821
1756 2190 2191
2190 1756 2191
2191 1756 2190
657 859 1167
859 657 1167
1167 657 859
221 966 2466
966 221 2466
2466 221 966
1324 206 1616
206 1324 1616
1616 206 1324
2194 2223 2342
2223 2194 2342
2342 2194 2223
710 231 1831
1831 231 710
231 710 1831
2563 351 1064
1064 351 2563
351 1064 2563
550 314 1803
314 550 1803
1803 314 550
85 127 2335
2335 85 127
127 85 2335
1444 1792 2833
2833 1444 1792
1792 1444 2833
2979 1123 2334
1123 2334 2979
2334 1123 2979
2313 372 1779
372 1779 2313
1779 372 2313
233 1173 2495
1173 233 2495
2495 233 1173
996 617 1922
1922 617 996
617 996 1922
1721 25 1129
1129 25 1721
25 1129 1721
2857 593 723
593 723 2857
723 593 2857
903 744 1804
744 903 1804
1804 744 903
252 792 2972
792 252 2972
2972 252 792
1240 1847 2337
1847 1240 2337
2337 1240 1847
73 401 1601
1601 73 401
401 73 1601
416 43 1355
1355 43 416
43 416 1355
1443 670 1931
1931 670 1443
670 1443 1931
1182 1010 2518
1010 1182 2518
2518 1010 1182
2022 831 1412
831 1412 2022
1412 831 2022
179 944 1215
944 179 1215
1215 179 944
2814 32 218
32 218 2814
218 32 2814
586 2728 2975
2975 586 2728
2728 586 2975
2968 1858 2448
1858 2448 2968
2448 1858 2968
137 2059 2265
2059 137 2265
2265 137 2059
726 2414 2937
2414 726 2937
2937 726 2414
1380 988 2090
988 1380 2090
2090 988 1380
2759 273 2882
2882 273 2759
273 2759 2882
67 454 2031
2031 67 454
454 67 2031
545 1702 2055
2055 545 1702
1702 545 2055
1694 1531 1992
1992 1531 1694
1531 1694 1992
1394 720 2849
2849 720 1394
720 1394 2849
2401 457 1934
1934 457 2401
457 1934 2401
976 663 1776
1776 663 976
663 976 1776
2878 486 1603
486 1603 2878
1603 486 2878
1379 1095 1260
1260 1095 1379
1095 1260 1379
2201 1950 2944
2944 1950 2201
1950 2201 2944
455 895 1691
895 455 1691
1691 455 895
1425 516 2705
2705 516 1425
516 1425 2705
1711 2692 2842
2842 1711 2692
2692 1711 2842
2666 2187 2835
2187 2666 2835
2835 2187 2666
1248 1866 2744
1866 1248 2744
2744 1248 1866
1722 442 1432
1432 442 1722
442 1432 1722
815 61 2423
2423 61 815
61 815 2423
832 615 1065
1065 615 832
615 832 1065
531 101 2425
101 531 2425
2425 101 531
1494 162 2105
162 1494 2105
2105 162 1494
838 1130 1134
1130 838 1134
1134 838 1130
2884 528 1306
1306 528 2884
528 1306 2884
833 549 2637
549 833 2637
2637 549 833
1069 1747 1990
1990 1069 1747
1747 1069 1990
806 176 200
200 176 806
176 200 806
1493 501 1185
501 1185 1493
1185 501 1493
243 1257 2382
1257 243 2382
2382 243 1257
1879 1604 2662
1604 1879 2662
2662 1604 1879
2107 1067 2184
2184 1067 2107
1067 2107 2184
869 2 2195
2 869 2195
2195 2 869
2247 204 921
204 921 2247
921 204 2247
1939 405 2142
405 1939 2142
2142 405 1939
2027 344 1571
1571 344 2027
344 1571 2027
2876 2070 2898
2070 2876 2898
2898 2070 2876
730 1012 2622
2622 730 1012
1012 730 2622
1270 846 999
999 846 1270
846 999 1270
574 590 887
590 574 887
887 574 590
394 153 727
153 394 727
727 153 394
479 2245 2426
2245 479 2426
2426 479 2245
2706 422 2906
422 2706 2906
2906 422 2706
925 568 1309
1309 568 925
568 925 1309
328 258 884
258 328 884
884 258 328
1770 395 1545
1545 395 1770
395 1545 1770
1993 2450 2460
2460 1993 2450
2450 1993 2460
1480 1836 2779
2779 1480 1836
1836 1480 2779
1767 39 2021
39 1767 2021
2021 39 1767
1018 658 922
658 922 1018
922 658 1018
1025 1707 2378
2378 1025 1707
1707 1025 2378
2938 180 1420
180 1420 2938
1420 180 2938
268 546 2086
546 268 2086
2086 268 546
2346 410 622
622 410 2346
410 622 2346
1 1912 2076
1912 1 2076
2076 1 1912
2820 1411 2292
2292 1411 2820
1411 2292 2820
640 873 2145
2145 640 873
873 640 2145
504 578 754
754 504 578
578 504 754
1353 226 552
226 552 1353
552 226 1353
213 1174 2544
2544 213 1174
1174 213 2544
1695 427 1806
427 1695 1806
1806 427 1695
2446 1230 1522
1522 1230 2446
1230 1522 2446
81 649 2798
649 81 2798
2798 81 649
1612 784 1541
784 1541 1612
1541 784 1612
951 1801 2740
2740 951 1801
1801 951 2740
339 609 1833
1833 339 609
609 339 1833
1318 891 2905
891 1318 2905
2905 891 1318
2910 1748 2496
2496 1748 2910
1748 2496 2910
2211 611 1349
1349 611 2211
611 1349 2211
308 203 363
363 203 308
203 308 363
2307 298 915
915 298 2307
298 915 2307
1898 823 1107
1107 823 1898
823 1107 1898
330 2061 2156
2061 330 2156
2156 330 2061
397 398 1294
398 397 1294
1294 397 398
992 1574 2035
1574 992 2035
2035 992 1574
1540 1133 1735
1133 1540 1735
1735 1133 1540
2019 505 1288
1288 505 2019
505 1288 2019
1542 1647 2203
1647 1542 2203
2203 1542 1647
1304 916 2498
2498 916 1304
916 1304 2498
2368 2013 2322
2013 2322 2368
2322 2013 2368
2973 2465 2588
2588 2465 2973
2465 2588 2973
2482 467 2991
2991 467 2482
467 2482 2991
364 26 721
721 26 364
26 364 721
1497 1179 1198
1179 1198 1497
1198 1179 1497
131 669 1103
1103 131 669
669 131 1103
2295 852 1524
1524 852 2295
852 1524 2295
1532 788 1508
1508 788 1532
788 1508 1532
425 1841 2679
2679 425 1841
1841 425 2679
2709 443 928
928 443 2709
443 928 2709
2879 210 1424
210 1424 2879
1424 210 2879
2081 471 752
471 752 2081
752 471 2081
1838 196 1945
1945 196 1838
196 1838 1945
2887 1687 2531
2531 1687 2887
1687 2531 2887
1963 2643 2901
2901 1963 2643
2643 1963 2901
761 841 2656
2656 761 841
841 761 2656
968 283 1058
283 968 1058
1058 283 968
959 466 1936
466 959 1936
1936 466 959
76 346 451
451 76 346
346 76 451
1131 170 1258
170 1131 1258
1258 170 1131
1511 2239 2408
2408 1511 2239
2239 1511 2408
1703 1101 1701
1701 1101 1703
1101 1701 1703
2259 795 1578
1578 795 2259
795 1578 2259
2051 1503 2804
2804 1503 2051
1503 2051 2804
413 1584 1786
1584 413 1786
1786 413 1584
2870 369 2974
2974 369 2870
369 2870 2974
2402 575 817
575 817 2402
817 575 2402
2720 1057 1068
1068 1057 2720
1057 1068 2720
793 358 2560
2560 358 793
358 793 2560
1341 886 2099
886 1341 2099
2099 886 1341
2372 8 2428
8 2372 2428
2428 8 2372
958 1102 2067
1102 958 2067
2067 958 1102
140 1035 1074
1074 140 1035
1035 140 1074
1436 918 1293
1293 918 1436
918 1293 1436
1250 2359 2687
2359 1250 2687
2687 1250 2359
1632 169 733
733 169 1632
169 733 1632
2504 1408 2405
1408 2405 2504
2405 1408 2504
450 760 1413
1413 450 760
760 450 1413
569 360 2688
2688 360 569
360 569 2688
1897 1395 2376
2376 1395 1897
1395 1897 2376
821 2026 2080
2080 821 2026
2026 821 2080
2411 1263 2432
1263 2411 2432
2432 1263 2411
2356 1209 1768
1768 1209 2356
1209 1768 2356
92 172 3000
3000 92 172
172 92 3000
2199 632 1676
632 1676 2199
1676 632 2199
885 1053 1172
1172 885 1053
1053 885 1172
1744 745 2941
745 1744 2941
2941 745 1744
6 297 1960
297 6 1960
1960 6 297
2826 566 2802
2802 566 2826
566 2802 2826
1204 432 1548
1548 432 1204
432 1204 1548
2922 121 385
385 121 2922
121 385 2922
1901 214 2196
2196 214 1901
214 1901 2196
2284 736 2363
2363 736 2284
736 2284 2363
2079 55 1228
55 1228 2079
1228 55 2079
804 1317 1784
1784 804 1317
1317 804 1784
748 141 1851
141 748 1851
1851 141 748
2210 99 1046
99 1046 2210
1046 99 2210
433 789 1073
1073 433 789
789 433 1073
2311 46 595
46 595 2311
595 46 2311
612 1652 2127
1652 612 2127
2127 612 1652
653 739 2511
2511 653 739
739 653 2511
753 1224 2612
1224 753 2612
2612 753 1224
1855 90 1132
90 1132 1855
1132 90 1855
1512 537 1635
1635 537 1512
537 1512 1635
2472 538 1036
1036 538 2472
538 1036 2472
1229 2739 2954
2954 1229 2739
2739 1229 2954
1437 771 2281
771 1437 2281
2281 771 1437
874 2370 2726
2370 874 2726
2726 874 2370
1923 1404 2875
1404 1923 2875
2875 1404 1923
13 785 2207
2207 13 785
785 13 2207
2751 262 1501
262 1501 2751
1501 262 2751
2421 2066 2718
2718 2066 2421
2066 2421 2718
1483 2433 2989
2433 1483 2989
2989 1483 2433
2236 1088 1243
1088 1243 2236
1243 1088 2236
644 2219 2438
2219 644 2438
2438 644 2219
2073 1489 1821
1489 1821 2073
1821 1489 2073
803 796 2608
796 803 2608
2608 796 803
1613 1513 2130
2130 1513 1613
1513 1613 2130
715 139 265
265 139 715
139 265 715
2678 7 735
7 735 2678
735 7 2678
790 82 1171
1171 82 790
82 790 1171
2160 319 2117
2117 319 2160
319 2117 2160
645 2395 2668
2668 645 2395
2395 645 2668
2479 64 2501
64 2479 2501
2501 64 2479
2723 285 1236
285 1236 2723
1236 285 2723
77 29 287
29 77 287
287 29 77
2320 1344 1947
1947 1344 2320
1344 1947 2320
509 527 1381
1381 509 527
527 509 1381
762 412 2012
412 762 2012
2012 412 762
713 79 1921
79 713 1921
1921 79 713
904 1955 2537
2537 904 1955
