163 191 253
253 163 191
191 163 253
52 151 245
151 52 245
245 52 151
240 115 284
115 240 284
284 115 240
209 67 292
292 67 209
67 209 292
275 18 106
106 18 275
18 106 275
189 11 183
183 11 189
11 183 189
227 95 128
95 128 227
128 95 227
155 116 158
158 116 155
116 155 158
184 53 159
53 159 184
159 53 184
197 96 235
96 197 235
235 96 197
219 14 300
300 14 219
14 219 300
101 20 248
248 20 101
20 101 248
44 29 247
29 44 247
247 29 44
285 206 276
276 206 285
206 276 285
174 47 90
47 90 174
90 47 174
265 167 208
167 208 265
208 167 265
91 76 139
76 91 139
139 76 91
5 41 216
41 5 216
216 5 41
207 104 120
120 104 207
104 120 207
243 215 221
221 215 243
215 221 243
242 70 204
204 70 242
70 204 242
61 98 229
229 61 98
98 61 229
180 16 271
16 180 271
271 16 180
75 54 102
54 75 102
102 54 75
77 10 212
10 77 212
212 10 77
283 138 280
138 280 283
280 138 283
30 48 268
48 30 268
268 30 48
210 94 122
122 94 210
94 122 210
117 226 263
226 117 263
263 117 226
136 33 190
190 33 136
33 136 190
295 37 231
37 231 295
231 37 295
187 34 218
34 187 218
218 34 187
81 186 281
281 81 186
186 81 281
199 108 223
108 199 223
223 108 199
181 83 143
143 83 181
83 143 181
84 23 196
196 23 84
23 84 196
71 147 165
165 71 147
147 71 165
237 89 154
89 154 237
154 89 237
132 45 170
170 45 132
45 132 170
224 251 287
287 224 251
251 224 287
35 32 291
291 32 35
32 35 291
161 60 193
60 161 193
193 60 161
12 38 179
38 12 179
179 12 38
130 250 289
289 130 250
250 130 289
217 297 299
297 217 299
299 217 297
129 110 232
232 110 129
110 129 232
274 43 166
43 166 274
166 43 274
293 164 258
164 258 293
258 164 293
249 175 214
214 175 249
175 214 249
66 31 137
31 66 137
137 31 66
92 162 173
162 92 173
173 92 162
73 238 282
238 73 282
282 73 238
182 19 99
19 99 182
99 19 182
230 6 246
246 6 230
6 230 246
26 46 109
46 26 109
109 26 46
277 63 234
234 63 277
63 234 277
124 28 233
28 124 233
233 28 124
168 39 119
119 39 168
39 119 168
56 1 177
1 56 177
177 1 56
133 141 273
141 133 273
273 133 141
9 80 239
80 9 239
239 9 80
74 27 88
27 74 88
88 27 74
134 13 140
13 134 140
140 13 134
58 79 278
278 58 79
79 58 278
36 112 149
149 36 112
112 36 149
59 2 252
2 59 252
252 2 59
286 126 178
178 126 286
126 178 286
68 51 205
51 68 205
205 51 68
22 57 62
62 22 57
57 22 62
236 24 121
24 121 236
121 24 236
298 65 152
152 65 298
65 152 298
294 131 150
131 150 294
150 131 294
256 172 244
172 244 256
244 172 256
200 127 169
127 169 200
169 127 200
188 107 125
125 107 188
107 125 188
105 64 261
64 105 261
261 64 105
8 113 192
113 8 192
192 8 113
49 100 259
100 49 259
259 49 100
93 213 255
213 93 255
255 93 213
272 148 260
260 148 272
148 260 272
267 198 257
257 198 267
198 257 267
269 50 114
114 50 269
50 114 269
156 69 146
69 146 156
146 69 156
72 15 78
78 15 72
15 72 78
254 4 220
4 220 254
220 4 254
228 195 201
195 201 228
201 195 228
266 157 262
262 157 266
157 262 266
103 202 288
202 103 288
288 103 202
118 123 194
194 118 123
123 118 194
296 86 203
86 203 296
203 86 296
25 17 185
185 17 25
17 25 185
171 85 279
85 171 279
279 85 171
97 176 225
176 97 225
225 97 176
40 135 270
270 40 135
135 40 270
142 7 145
145 7 142
7 142 145
55 144 222
222 55 144
144 55 222
160 111 241
241 111 160
111 160 241
42 82 290
290 42 82
82 42 290
87 21 264
264 21 87
21 87 264
211 3 153
153 3 211
3 153 211
