3212 10427 18480
10427 3212 18480
18480 3212 10427
11636 6824 17409
6824 11636 17409
17409 6824 11636
962 9005 19925
19925 962 9005
9005 962 19925
15213 5704 29584
29584 5704 15213
5704 15213 29584
14375 13495 21270
21270 13495 14375
13495 14375 21270
21751 16240 24662
16240 21751 24662
24662 16240 21751
8464 9082 12937
12937 8464 9082
9082 8464 12937
23725 9779 20164
9779 20164 23725
20164 9779 23725
10672 27069 27280
27280 10672 27069
27069 10672 27280
7074 6142 7626
7626 6142 7074
6142 7074 7626
4566 17883 22262
17883 4566 22262
22262 4566 17883
24675 15149 17433
15149 17433 24675
17433 15149 24675
8316 3349 22784
3349 8316 22784
22784 3349 8316
1044 20198 27598
27598 1044 20198
20198 1044 27598
10820 787 13555
13555 787 10820
787 10820 13555
15411 5461 24003
5461 15411 24003
24003 5461 15411
13083 17972 28753
17972 13083 28753
28753 13083 17972
1920 20348 26304
20348 1920 26304
26304 1920 20348
26330 6370 13660
13660 6370 26330
6370 13660 26330
18870 17633 26590
17633 18870 26590
26590 17633 18870
2816 9899 22263
22263 2816 9899
9899 2816 22263
22266 7086 17723
7086 17723 22266
17723 7086 22266
2117 2201 5214
5214 2117 2201
2201 2117 5214
18190 12917 29574
29574 12917 18190
12917 18190 29574
16481 4846 5346
5346 4846 16481
4846 5346 16481
23014 8173 18013
8173 18013 23014
18013 8173 23014
26649 7884 23753
23753 7884 26649
7884 23753 26649
18936 8205 8771
8771 8205 18936
8205 8771 18936
7500 10303 16301
10303 7500 16301
16301 7500 10303
11535 2760 3061
2760 3061 11535
3061 2760 11535
17360 11108 24286
11108 17360 24286
24286 11108 17360
20367 10835 27002
27002 10835 20367
10835 20367 27002
1124 3155 10636
3155 1124 10636
10636 1124 3155
26367 15860 22924
15860 22924 26367
22924 15860 26367
8404 16583 25259
16583 8404 25259
25259 8404 16583
29572 13029 27967
27967 13029 29572
13029 27967 29572
4573 2145 14650
14650 2145 4573
2145 4573 14650
15805 1425 26207
1425 15805 26207
26207 1425 15805
1226 3515 6819
3515 1226 6819
6819 1226 3515
1089 19618 29585
29585 1089 19618
19618 1089 29585
2027 134 28463
28463 134 2027
134 2027 28463
11513 11225 23472
23472 11225 11513
11225 11513 23472
23765 19771 28935
19771 23765 28935
28935 19771 23765
7497 12324 28331
12324 7497 28331
28331 7497 12324
1962 2272 19637
19637 1962 2272
2272 1962 19637
11073 17087 26470
26470 11073 17087
17087 11073 26470
6043 2938 5891
2938 5891 6043
5891 2938 6043
5089 13665 26118
13665 5089 26118
26118 5089 13665
4219 7111 17439
7111 4219 17439
17439 4219 7111
25107 7934 13760
13760 7934 25107
7934 13760 25107
5402 2916 5285
5285 2916 5402
2916 5285 5402
4340 3103 11130
11130 3103 4340
3103 4340 11130
9351 441 15590
15590 441 9351
441 9351 15590
19815 21770 24640
21770 19815 24640
24640 19815 21770
20514 11528 16067
16067 11528 20514
11528 16067 20514
14225 11216 12452
11216 12452 14225
12452 11216 14225
7930 16812 24854
24854 7930 16812
16812 7930 24854
20595 15352 21982
21982 15352 20595
15352 20595 21982
26 7751 13828
13828 26 7751
7751 26 13828
18730 15106 21741
21741 15106 18730
15106 18730 21741
8689 4391 23801
23801 4391 8689
4391 8689 23801
573 11941 14771
14771 573 11941
11941 573 14771
3526 3195 3568
3568 3195 3526
3195 3526 3568
24180 26603 27953
26603 24180 27953
27953 24180 26603
24790 4141 19255
4141 19255 24790
19255 4141 24790
12727 598 24175
598 12727 24175
24175 598 12727
11962 13371 22577
13371 11962 22577
22577 11962 13371
19372 80 8112
80 8112 19372
8112 80 19372
8570 6118 19496
6118 8570 19496
19496 6118 8570
18784 10667 21228
21228 10667 18784
10667 18784 21228
1939 2322 12787
2322 1939 12787
12787 1939 2322
16906 1376 1963
1376 1963 16906
1963 1376 16906
27718 1026 29075
29075 1026 27718
1026 27718 29075
5850 4440 16176
16176 4440 5850
4440 5850 16176
14466 10074 20903
10074 14466 20903
20903 10074 14466
17606 13254 28459
28459 13254 17606
13254 17606 28459
14140 3758 18828
18828 3758 14140
3758 14140 18828
15568 3135 24941
3135 15568 24941
24941 3135 15568
5589 5571 26457
5571 5589 26457
26457 5571 5589
5349 13104 22162
22162 5349 13104
13104 5349 22162
7594 14317 16995
14317 7594 16995
16995 7594 14317
26961 11449 21194
11449 21194 26961
21194 11449 26961
26123 3960 28668
3960 26123 28668
28668 3960 26123
23169 6112 19217
19217 6112 23169
6112 19217 23169
4144 10126 22903
22903 4144 10126
10126 4144 22903
26893 5141 10719
5141 10719 26893
10719 5141 26893
14023 17295 24825
24825 14023 17295
17295 14023 24825
17486 7966 28763
7966 17486 28763
28763 7966 17486
17542 22791 25119
25119 17542 22791
22791 17542 25119
3786 2462 2859
2462 2859 3786
2859 2462 3786
29566 7480 24261
24261 7480 29566
7480 24261 29566
24222 1362 21129
1362 21129 24222
21129 1362 24222
5946 209 11579
11579 209 5946
209 5946 11579
28268 19221 28408
28408 19221 28268
19221 28268 28408
26987 1957 25103
1957 25103 26987
25103 1957 26987
20319 1990 20308
20308 1990 20319
1990 20308 20319
14120 725 10379
10379 725 14120
725 10379 14120
27064 11864 19764
19764 11864 27064
11864 19764 27064
1361 11799 24124
11799 1361 24124
24124 1361 11799
13376 25350 28809
28809 13376 25350
25350 13376 28809
10497 6086 21312
21312 6086 10497
6086 10497 21312
22429 6072 27197
27197 6072 22429
6072 22429 27197
4059 2026 18449
18449 2026 4059
2026 4059 18449
28003 14850 15586
14850 15586 28003
15586 14850 28003
27995 8767 29260
8767 27995 29260
29260 8767 27995
1653 1015 21245
21245 1015 1653
1015 1653 21245
926 10965 16760
16760 926 10965
10965 926 16760
20563 20818 21180
20818 20563 21180
21180 20563 20818
24672 15623 23258
23258 15623 24672
15623 23258 24672
23711 11613 12583
12583 11613 23711
11613 12583 23711
9156 8740 29464
29464 8740 9156
8740 9156 29464
26299 3673 10673
3673 10673 26299
10673 3673 26299
26049 2016 17171
2016 17171 26049
17171 2016 26049
6077 15389 21033
21033 6077 15389
15389 6077 21033
23523 9642 18569
9642 18569 23523
18569 9642 23523
4410 8774 9540
8774 4410 9540
9540 4410 8774
28023 17069 26435
17069 26435 28023
26435 17069 28023
21976 5062 9823
5062 9823 21976
9823 5062 21976
19713 10670 21308
10670 19713 21308
21308 10670 19713
4087 6137 29232
29232 4087 6137
6137 4087 29232
694 10010 15795
15795 694 10010
10010 694 15795
28738 8537 9058
8537 9058 28738
9058 8537 28738
29449 17845 23374
17845 23374 29449
23374 17845 29449
3368 10999 23497
23497 3368 10999
10999 3368 23497
12654 8350 14455
14455 8350 12654
8350 12654 14455
18641 19630 28030
19630 18641 28030
28030 18641 19630
17180 9937 27739
27739 9937 17180
9937 17180 27739
15959 16893 18092
16893 15959 18092
18092 15959 16893
25939 3537 23178
23178 3537 25939
3537 23178 25939
15834 13638 15180
15180 13638 15834
13638 15180 15834
3068 20859 24753
24753 3068 20859
20859 3068 24753
27299 15150 15497
15497 15150 27299
15150 15497 27299
826 14922 28481
14922 826 28481
28481 826 14922
10742 8725 23317
23317 8725 10742
8725 10742 23317
16879 22234 22623
22234 16879 22623
22623 16879 22234
15854 848 24085
848 15854 24085
24085 848 15854
29704 3016 23294
23294 3016 29704
3016 23294 29704
4903 17580 19353
17580 4903 19353
19353 4903 17580
4454 12878 22089
22089 4454 12878
12878 4454 22089
25527 16465 29474
16465 25527 29474
29474 16465 25527
4002 19008 26192
19008 4002 26192
26192 4002 19008
16555 12132 18355
18355 12132 16555
12132 16555 18355
26324 4901 25455
4901 25455 26324
25455 4901 26324
22756 10940 13228
10940 13228 22756
13228 10940 22756
11709 9027 19521
19521 9027 11709
9027 11709 19521
28212 10269 29244
29244 10269 28212
10269 28212 29244
24165 6648 9075
9075 6648 24165
6648 9075 24165
4195 15575 21141
15575 4195 21141
21141 4195 15575
18574 8030 17078
17078 8030 18574
8030 17078 18574
14203 8102 14151
8102 14151 14203
14151 8102 14203
6158 22018 23020
22018 6158 23020
23020 6158 22018
3628 9804 17016
17016 3628 9804
9804 3628 17016
10755 3171 6050
6050 3171 10755
3171 6050 10755
15393 5210 24154
24154 5210 15393
5210 15393 24154
28591 13138 27083
13138 27083 28591
27083 13138 28591
427 10956 20271
20271 427 10956
10956 427 20271
2394 17045 24575
17045 2394 24575
24575 2394 17045
13025 5848 25378
5848 13025 25378
25378 5848 13025
23319 4508 29763
4508 23319 29763
29763 4508 23319
10368 9711 20530
9711 10368 20530
20530 9711 10368
1926 9697 24013
9697 1926 24013
24013 1926 9697
17547 2790 11486
2790 11486 17547
11486 2790 17547
29274 4138 13248
13248 4138 29274
4138 13248 29274
24137 6800 10838
6800 10838 24137
10838 6800 24137
12674 17446 17701
17701 12674 17446
17446 12674 17701
19055 13215 15018
13215 15018 19055
15018 13215 19055
20638 11101 19548
19548 11101 20638
11101 19548 20638
23948 5817 23581
23581 5817 23948
5817 23581 23948
28357 6052 11360
6052 11360 28357
11360 6052 28357
22111 22523 22878
22878 22111 22523
22523 22111 22878
9460 9202 27925
9202 9460 27925
27925 9202 9460
10183 2005 6340
6340 2005 10183
2005 6340 10183
23134 749 16165
16165 749 23134
749 16165 23134
12129 18555 22777
18555 12129 22777
22777 12129 18555
18631 12938 29148
29148 12938 18631
12938 18631 29148
18164 5767 27252
27252 5767 18164
5767 18164 27252
19493 5516 11854
5516 11854 19493
11854 5516 19493
19267 24383 29506
29506 19267 24383
24383 19267 29506
18751 332 29699
29699 332 18751
332 18751 29699
20073 20834 29743
20834 20073 29743
29743 20073 20834
21482 19571 20547
20547 19571 21482
19571 20547 21482
25253 14698 29624
29624 14698 25253
14698 25253 29624
14128 10727 16051
16051 10727 14128
10727 14128 16051
2402 11973 21044
21044 2402 11973
11973 2402 21044
14359 5305 25793
25793 5305 14359
5305 14359 25793
3328 12561 21425
12561 3328 21425
21425 3328 12561
3267 8283 24325
24325 3267 8283
8283 3267 24325
1554 6264 11413
6264 1554 11413
11413 1554 6264
22184 5117 19642
19642 5117 22184
5117 19642 22184
670 5522 7439
5522 670 7439
7439 670 5522
25729 11698 19309
11698 19309 25729
19309 11698 25729
3874 15270 25908
15270 3874 25908
25908 3874 15270
26460 3827 13679
3827 13679 26460
13679 3827 26460
12534 7258 17869
7258 12534 17869
17869 7258 12534
11773 20238 21608
21608 11773 20238
20238 11773 21608
28312 19547 25727
25727 19547 28312
19547 25727 28312
22719 21176 22021
22021 21176 22719
21176 22021 22719
19998 1142 4570
4570 1142 19998
1142 4570 19998
19196 19912 28383
28383 19196 19912
19912 19196 28383
6862 1314 5826
5826 1314 6862
1314 5826 6862
21111 7537 29356
7537 21111 29356
29356 7537 21111
28112 4335 8078
8078 4335 28112
4335 8078 28112
14945 1335 6789
1335 6789 14945
6789 1335 14945
12313 2220 7866
7866 2220 12313
2220 7866 12313
7743 8052 25236
25236 7743 8052
8052 7743 25236
22736 27859 28143
28143 22736 27859
27859 22736 28143
2595 13087 26720
26720 2595 13087
13087 2595 26720
10619 14696 24653
24653 10619 14696
14696 10619 24653
10748 18875 29511
29511 10748 18875
18875 10748 29511
24230 1395 1785
1785 1395 24230
1395 1785 24230
9500 15839 22286
15839 9500 22286
22286 9500 15839
23732 11727 15286
15286 11727 23732
11727 15286 23732
13296 957 13046
13046 957 13296
957 13046 13296
12381 2654 7828
7828 2654 12381
2654 7828 12381
8164 6947 15421
6947 8164 15421
15421 6947 8164
9104 28093 28620
28620 9104 28093
28093 9104 28620
29705 25566 27571
25566 27571 29705
27571 25566 29705
26654 5914 25331
5914 25331 26654
25331 5914 26654
28249 9568 28787
28787 9568 28249
9568 28249 28787
22445 5857 9161
9161 5857 22445
5857 9161 22445
22876 4160 17968
17968 4160 22876
4160 17968 22876
680 16464 24061
16464 680 24061
24061 680 16464
8782 4665 5513
4665 5513 8782
5513 4665 8782
22571 5661 19614
5661 19614 22571
19614 5661 22571
15338 25662 26313
25662 15338 26313
26313 15338 25662
8646 7580 11053
11053 7580 8646
7580 8646 11053
5574 14014 24067
14014 5574 24067
24067 5574 14014
23099 5476 9065
5476 9065 23099
9065 5476 23099
2513 4471 7295
7295 2513 4471
4471 2513 7295
26159 8122 27801
27801 8122 26159
8122 26159 27801
14665 18050 21609
21609 14665 18050
18050 14665 21609
8626 20611 21789
21789 8626 20611
20611 8626 21789
25702 5168 7043
5168 7043 25702
7043 5168 25702
22342 14080 24757
14080 22342 24757
24757 14080 22342
1296 12781 19054
19054 1296 12781
12781 1296 19054
5074 2441 6004
6004 2441 5074
2441 5074 6004
29939 7478 20437
20437 7478 29939
7478 20437 29939
6598 5615 28390
28390 5615 6598
5615 6598 28390
15420 2297 5289
5289 2297 15420
2297 5289 15420
13208 17573 18009
18009 13208 17573
17573 13208 18009
776 15152 15702
15702 776 15152
15152 776 15702
15080 8561 27663
27663 8561 15080
8561 15080 27663
9148 13764 22515
22515 9148 13764
13764 9148 22515
9975 16919 25206
16919 9975 25206
25206 9975 16919
1207 1744 16030
16030 1207 1744
1744 1207 16030
28279 11158 12533
11158 12533 28279
12533 11158 28279
27908 18465 21897
21897 18465 27908
18465 21897 27908
12647 14389 24848
14389 12647 24848
24848 12647 14389
8557 6729 16229
6729 8557 16229
16229 6729 8557
26190 23002 25394
23002 25394 26190
25394 23002 26190
22091 5601 9219
5601 9219 22091
9219 5601 22091
10296 3433 12256
3433 10296 12256
12256 3433 10296
18245 13683 15132
13683 15132 18245
15132 13683 18245
22661 22271 25422
25422 22271 22661
22271 22661 25422
27845 1505 13430
13430 1505 27845
1505 13430 27845
5126 1292 2646
2646 1292 5126
1292 2646 5126
7186 3527 19294
19294 3527 7186
3527 7186 19294
194 3495 19742
3495 194 19742
19742 194 3495
19552 8325 12839
8325 12839 19552
12839 8325 19552
4941 10933 18805
10933 4941 18805
18805 4941 10933
5167 1662 19502
19502 1662 5167
1662 5167 19502
16742 7231 21692
21692 7231 16742
7231 16742 21692
20465 16139 23494
23494 16139 20465
16139 20465 23494
16927 4765 7627
7627 4765 16927
4765 7627 16927
23271 6055 24950
6055 23271 24950
24950 6055 23271
6716 10277 21672
10277 6716 21672
21672 6716 10277
28934 17079 29324
29324 17079 28934
17079 28934 29324
7994 2979 4262
4262 2979 7994
2979 4262 7994
29117 2884 22073
2884 22073 29117
22073 2884 29117
17254 15223 19609
15223 17254 19609
19609 15223 17254
16677 7378 8409
7378 8409 16677
8409 7378 16677
5903 11232 19354
19354 5903 11232
11232 5903 19354
4223 13443 18098
18098 4223 13443
13443 4223 18098
23808 22006 28923
28923 22006 23808
22006 23808 28923
16912 12655 28629
28629 12655 16912
12655 16912 28629
29401 22198 25018
25018 22198 29401
22198 25018 29401
5810 17128 29433
29433 5810 17128
17128 5810 29433
22656 23201 27426
23201 22656 27426
27426 22656 23201
9740 2514 25988
2514 9740 25988
25988 2514 9740
2739 8201 20646
8201 2739 20646
20646 2739 8201
28893 9661 20086
20086 9661 28893
9661 20086 28893
10606 11020 18990
11020 10606 18990
18990 10606 11020
19172 11286 18383
11286 18383 19172
18383 11286 19172
19900 11905 14959
11905 14959 19900
14959 11905 19900
21561 14319 18325
14319 18325 21561
18325 14319 21561
14719 4747 23365
23365 4747 14719
4747 14719 23365
8624 8930 19200
19200 8624 8930
8930 8624 19200
22698 15649 16237
15649 16237 22698
16237 15649 22698
19437 21678 28170
28170 19437 21678
21678 19437 28170
23557 5004 22196
22196 5004 23557
5004 22196 23557
28469 12469 14711
12469 14711 28469
14711 12469 28469
21343 24303 26589
24303 21343 26589
26589 21343 24303
10059 20662 24485
24485 10059 20662
20662 10059 24485
17177 5981 14223
5981 14223 17177
14223 5981 17177
26377 3832 20278
20278 3832 26377
3832 20278 26377
13543 9273 11234
11234 9273 13543
9273 11234 13543
3522 20226 26393
26393 3522 20226
20226 3522 26393
23458 10801 19306
19306 10801 23458
10801 19306 23458
23841 18792 27370
18792 23841 27370
27370 18792 23841
21869 811 13628
13628 811 21869
811 13628 21869
28551 17024 25755
25755 17024 28551
17024 25755 28551
604 15521 22676
15521 604 22676
22676 604 15521
19596 6422 25318
25318 6422 19596
6422 19596 25318
28512 746 29120
29120 746 28512
746 28512 29120
21070 13612 28907
28907 13612 21070
13612 21070 28907
16082 4744 14370
14370 4744 16082
4744 14370 16082
27875 10227 12958
12958 10227 27875
10227 12958 27875
25165 13599 17374
13599 17374 25165
17374 13599 25165
6302 8183 21944
8183 6302 21944
21944 6302 8183
23669 999 6336
999 6336 23669
6336 999 23669
26502 7688 27284
27284 7688 26502
7688 26502 27284
10270 4012 16136
4012 10270 16136
16136 4012 10270
5847 1887 2728
1887 2728 5847
2728 1887 5847
12471 4711 29997
4711 12471 29997
29997 4711 12471
12566 9242 22402
9242 12566 22402
22402 9242 12566
18272 9320 9785
9785 9320 18272
9320 9785 18272
17742 7533 15563
7533 15563 17742
15563 7533 17742
5345 618 16056
618 5345 16056
16056 618 5345
19222 1160 23880
1160 19222 23880
23880 1160 19222
5340 3565 10595
3565 5340 10595
10595 3565 5340
20447 11065 16892
16892 11065 20447
11065 16892 20447
4479 26931 29137
26931 4479 29137
29137 4479 26931
21156 4854 5832
5832 4854 21156
4854 5832 21156
12091 12172 25639
25639 12091 12172
12172 12091 25639
5136 14758 23370
23370 5136 14758
14758 5136 23370
17334 4256 19352
19352 4256 17334
4256 17334 19352
29245 5139 23373
5139 23373 29245
23373 5139 29245
8412 19265 26998
19265 8412 26998
26998 8412 19265
29076 12085 29357
29357 12085 29076
12085 29076 29357
15355 675 24139
675 15355 24139
24139 675 15355
4240 1720 8025
1720 4240 8025
8025 1720 4240
20908 6662 8910
8910 6662 20908
6662 8910 20908
14995 1808 15147
15147 1808 14995
1808 14995 15147
3880 7289 21053
7289 3880 21053
21053 3880 7289
28450 12833 26334
26334 12833 28450
12833 26334 28450
27899 16673 23830
16673 23830 27899
23830 16673 27899
5804 13788 14050
13788 5804 14050
14050 5804 13788
4300 11494 25879
11494 4300 25879
25879 4300 11494
21148 9295 20876
20876 9295 21148
9295 20876 21148
8417 12565 25337
12565 8417 25337
25337 8417 12565
3727 8251 9659
8251 3727 9659
9659 3727 8251
14378 3136 21790
21790 3136 14378
3136 14378 21790
5657 5314 6895
6895 5314 5657
5314 5657 6895
22912 5887 19909
5887 19909 22912
19909 5887 22912
19286 13725 19796
19796 13725 19286
13725 19286 19796
1863 10620 24698
24698 1863 10620
10620 1863 24698
5894 14041 19781
14041 5894 19781
19781 5894 14041
11749 13967 24745
24745 11749 13967
13967 11749 24745
9865 14648 21182
14648 9865 21182
21182 9865 14648
23576 14999 17944
17944 14999 23576
14999 17944 23576
22968 16528 26444
26444 16528 22968
16528 22968 26444
29985 12698 19179
12698 19179 29985
19179 12698 29985
3763 8281 12207
12207 3763 8281
8281 3763 12207
28857 7437 11288
7437 11288 28857
11288 7437 28857
28382 1878 2202
2202 1878 28382
1878 2202 28382
28043 1872 11394
11394 1872 28043
1872 11394 28043
3955 511 24476
511 3955 24476
24476 511 3955
18920 2151 13475
2151 13475 18920
13475 2151 18920
9981 15474 27103
15474 9981 27103
27103 9981 15474
29146 1153 11656
11656 1153 29146
1153 11656 29146
13331 4672 29163
4672 13331 29163
29163 4672 13331
5864 20532 21392
21392 5864 20532
20532 5864 21392
22945 12371 20206
20206 12371 22945
12371 20206 22945
7252 11310 15300
11310 7252 15300
15300 7252 11310
3363 4840 15639
15639 3363 4840
4840 3363 15639
26012 17343 20083
17343 20083 26012
20083 17343 26012
24033 19104 28082
19104 24033 28082
28082 19104 24033
17550 6506 11508
6506 11508 17550
11508 6506 17550
20275 1893 11085
1893 11085 20275
11085 1893 20275
29174 346 17983
346 17983 29174
17983 346 29174
18904 910 7807
910 7807 18904
7807 910 18904
363 5150 13152
5150 363 13152
13152 363 5150
7779 1848 27066
1848 7779 27066
27066 1848 7779
8937 1103 3408
1103 3408 8937
3408 1103 8937
4537 25220 26399
26399 4537 25220
25220 4537 26399
3497 16088 23474
23474 3497 16088
16088 3497 23474
8762 1608 24363
24363 1608 8762
1608 8762 24363
3791 16753 23697
23697 3791 16753
16753 3791 23697
23027 7867 24921
24921 7867 23027
7867 23027 24921
983 2914 16978
16978 983 2914
2914 983 16978
6066 11407 17196
17196 6066 11407
11407 6066 17196
22596 15220 23918
15220 22596 23918
23918 15220 22596
12307 19207 29172
29172 12307 19207
19207 12307 29172
21577 14574 15364
14574 15364 21577
15364 14574 21577
3090 26959 29713
29713 3090 26959
26959 3090 29713
14376 17441 28973
28973 14376 17441
17441 14376 28973
14396 7218 14794
7218 14396 14794
14794 7218 14396
13954 1782 8532
8532 1782 13954
1782 8532 13954
23112 23890 23891
23891 23112 23890
23890 23112 23891
1818 15695 17677
17677 1818 15695
15695 1818 17677
11734 6287 6963
6287 6963 11734
6963 6287 11734
20602 16045 26765
16045 20602 26765
26765 16045 20602
25188 18226 25883
25883 18226 25188
18226 25188 25883
28909 13607 13745
13745 13607 28909
13607 13745 28909
15348 1096 1239
1239 1096 15348
1096 1239 15348
361 1208 26141
26141 361 1208
1208 361 26141
19389 19316 26713
26713 19316 19389
19316 19389 26713
25845 8710 28914
28914 8710 25845
8710 25845 28914
905 20131 27648
27648 905 20131
20131 905 27648
24271 7548 14750
7548 14750 24271
14750 7548 24271
394 741 6964
6964 394 741
741 394 6964
12373 3935 7956
3935 7956 12373
7956 3935 12373
15984 19569 29608
19569 15984 29608
29608 15984 19569
20216 10875 14902
10875 14902 20216
14902 10875 20216
10650 13133 17413
17413 10650 13133
13133 10650 17413
10189 23042 26633
26633 10189 23042
23042 10189 26633
6599 17475 20472
17475 6599 20472
20472 6599 17475
4185 7157 11998
11998 4185 7157
7157 4185 11998
12350 5889 15682
15682 5889 12350
5889 12350 15682
25420 7603 26721
7603 25420 26721
26721 7603 25420
466 19523 19597
19523 466 19597
19597 466 19523
18605 4103 9719
9719 4103 18605
4103 9719 18605
19533 1862 21605
21605 1862 19533
1862 19533 21605
25122 28260 28637
28260 25122 28637
28637 25122 28260
11032 12901 19997
19997 11032 12901
12901 11032 19997
18727 479 13299
13299 479 18727
479 13299 18727
3898 4481 19159
19159 3898 4481
4481 3898 19159
6624 3759 24212
24212 3759 6624
3759 6624 24212
1180 12283 21583
12283 1180 21583
21583 1180 12283
12442 2842 18030
18030 2842 12442
2842 12442 18030
24598 10718 21099
10718 21099 24598
21099 10718 24598
9144 4743 26225
26225 4743 9144
4743 9144 26225
11241 19124 25185
25185 11241 19124
19124 11241 25185
19679 4213 24935
24935 4213 19679
4213 19679 24935
3878 18839 22446
18839 3878 22446
22446 3878 18839
17618 3574 20013
20013 3574 17618
3574 17618 20013
27099 27557 28107
27557 27099 28107
28107 27099 27557
14540 19854 23322
19854 14540 23322
23322 14540 19854
22499 18502 22840
22840 18502 22499
18502 22499 22840
24546 13581 15347
15347 13581 24546
13581 15347 24546
2465 320 17813
17813 320 2465
320 2465 17813
17801 4390 9406
9406 4390 17801
4390 9406 17801
24477 14301 19960
19960 14301 24477
14301 19960 24477
693 13175 16777
13175 693 16777
16777 693 13175
10246 4942 7176
4942 7176 10246
7176 4942 10246
10774 1527 5008
5008 1527 10774
1527 5008 10774
20774 6385 28280
28280 6385 20774
6385 20774 28280
20825 12294 27150
27150 12294 20825
12294 20825 27150
6197 4108 10078
4108 6197 10078
10078 4108 6197
3856 9529 23590
9529 3856 23590
23590 3856 9529
1908 4466 21658
4466 1908 21658
21658 1908 4466
25409 6017 23938
6017 23938 25409
23938 6017 25409
10966 12594 13803
12594 10966 13803
13803 10966 12594
21854 5400 28417
5400 21854 28417
28417 5400 21854
13313 943 7687
943 7687 13313
7687 943 13313
14903 6444 6706
6444 6706 14903
6706 6444 14903
8011 18426 19737
18426 8011 19737
19737 8011 18426
20854 3579 14176
3579 14176 20854
14176 3579 20854
25247 9739 21248
21248 9739 25247
9739 21248 25247
8565 9765 18216
18216 8565 9765
9765 8565 18216
16575 7483 14680
14680 7483 16575
7483 14680 16575
25329 25388 29710
25388 25329 29710
29710 25329 25388
7163 19089 22874
22874 7163 19089
19089 7163 22874
8986 413 1481
413 1481 8986
1481 413 8986
29204 15859 26245
26245 15859 29204
15859 26245 29204
12348 21743 27614
27614 12348 21743
21743 12348 27614
9266 5159 11451
5159 9266 11451
11451 5159 9266
26237 1856 19615
19615 1856 26237
1856 19615 26237
27232 18054 27773
27773 18054 27232
18054 27232 27773
15934 22502 24878
24878 15934 22502
22502 15934 24878
8177 4046 13096
13096 4046 8177
4046 8177 13096
25007 12061 18873
12061 18873 25007
18873 12061 25007
5697 1440 17373
17373 1440 5697
1440 5697 17373
13410 5015 7055
7055 5015 13410
5015 7055 13410
4540 5851 16838
5851 4540 16838
16838 4540 5851
18675 23804 29876
29876 18675 23804
23804 18675 29876
19972 6127 11584
6127 11584 19972
11584 6127 19972
3951 5198 19896
19896 3951 5198
5198 3951 19896
26307 3728 6860
6860 3728 26307
3728 6860 26307
7436 4733 23288
4733 7436 23288
23288 4733 7436
13504 4707 17211
4707 13504 17211
17211 4707 13504
18033 14517 15160
14517 15160 18033
15160 14517 18033
26999 10823 21569
21569 10823 26999
10823 21569 26999
25171 11687 17637
17637 11687 25171
11687 17637 25171
26389 794 21617
21617 794 26389
794 21617 26389
8681 3152 5666
5666 3152 8681
3152 5666 8681
29493 12034 13825
12034 13825 29493
13825 12034 29493
23366 17134 26477
17134 23366 26477
26477 17134 23366
21055 29001 29390
29390 21055 29001
29001 21055 29390
28761 16579 28718
28718 16579 28761
16579 28718 28761
17669 14679 27195
27195 14679 17669
14679 17669 27195
5996 5726 25530
5726 5996 25530
25530 5726 5996
13615 5572 6901
6901 5572 13615
5572 6901 13615
13716 255 14542
255 13716 14542
14542 255 13716
1039 13068 25918
25918 1039 13068
13068 1039 25918
4427 12944 25396
12944 4427 25396
25396 4427 12944
29112 1482 5731
5731 1482 29112
1482 5731 29112
6970 3877 20925
3877 6970 20925
20925 3877 6970
377 2846 24072
2846 377 24072
24072 377 2846
26414 2856 25483
25483 2856 26414
2856 25483 26414
8760 18697 25263
18697 8760 25263
25263 8760 18697
15035 26326 27396
26326 15035 27396
27396 15035 26326
27212 7330 28894
7330 27212 28894
28894 7330 27212
16836 10941 28438
28438 10941 16836
10941 16836 28438
12628 1132 18119
1132 12628 18119
18119 1132 12628
9454 1073 1477
1477 1073 9454
1073 1477 9454
1320 4761 23087
23087 1320 4761
4761 1320 23087
4848 1659 6861
1659 4848 6861
6861 1659 4848
23490 20813 25774
20813 23490 25774
25774 20813 23490
3755 4606 11628
11628 3755 4606
4606 3755 11628
23156 16896 20305
16896 20305 23156
20305 16896 23156
6316 18384 19106
19106 6316 18384
18384 6316 19106
21669 22372 25355
25355 21669 22372
22372 21669 25355
9067 4174 12683
12683 4174 9067
4174 9067 12683
961 924 19114
19114 924 961
924 961 19114
13070 23236 25334
23236 13070 25334
25334 13070 23236
27973 6575 13857
13857 6575 27973
6575 13857 27973
27495 10964 27216
10964 27216 27495
27216 10964 27495
6299 18307 27680
27680 6299 18307
18307 6299 27680
16671 18872 27447
18872 16671 27447
27447 16671 18872
13425 8567 16127
8567 13425 16127
16127 8567 13425
8095 15015 15918
15918 8095 15015
15015 8095 15918
915 4736 24120
24120 915 4736
4736 915 24120
981 1642 29725
29725 981 1642
1642 981 29725
1127 724 16803
16803 724 1127
724 1127 16803
560 1657 22301
1657 560 22301
22301 560 1657
11938 17115 18571
18571 11938 17115
17115 11938 18571
24055 15920 20106
15920 20106 24055
20106 15920 24055
26517 5120 28369
28369 5120 26517
5120 26517 28369
532 3792 4633
3792 532 4633
4633 532 3792
8654 6686 22991
22991 6686 8654
6686 8654 22991
2798 3387 25418
25418 2798 3387
3387 2798 25418
8912 18367 21465
21465 8912 18367
18367 8912 21465
28759 3934 17155
17155 3934 28759
3934 17155 28759
27068 9667 22543
22543 9667 27068
9667 22543 27068
16980 14222 26078
14222 16980 26078
26078 14222 16980
518 5641 19861
5641 518 19861
19861 518 5641
7323 13279 27055
27055 7323 13279
13279 7323 27055
27543 16918 25281
16918 25281 27543
25281 16918 27543
10623 7550 19983
7550 10623 19983
19983 7550 10623
29807 3787 27136
27136 3787 29807
3787 27136 29807
10695 4343 12634
4343 10695 12634
12634 4343 10695
23690 6588 25180
25180 6588 23690
6588 23690 25180
21895 16232 26295
26295 16232 21895
16232 21895 26295
26022 17200 24460
17200 24460 26022
24460 17200 26022
22965 10581 23582
10581 22965 23582
23582 10581 22965
6618 8321 19370
19370 6618 8321
8321 6618 19370
15492 17214 25653
17214 15492 25653
25653 15492 17214
26131 20030 23612
20030 23612 26131
23612 20030 26131
17591 20352 25969
20352 17591 25969
25969 17591 20352
14465 16221 17474
17474 14465 16221
16221 14465 17474
20389 2693 20501
20501 2693 20389
2693 20389 20501
14159 15356 21419
15356 14159 21419
21419 14159 15356
21791 6124 13702
6124 13702 21791
13702 6124 21791
10967 18783 27206
27206 10967 18783
18783 10967 27206
3970 11769 29853
29853 3970 11769
11769 3970 29853
25982 7615 21720
21720 7615 25982
7615 21720 25982
8591 3210 19687
19687 3210 8591
3210 8591 19687
18972 22304 24412
22304 18972 24412
24412 18972 22304
10935 8484 19982
19982 8484 10935
8484 10935 19982
17514 12662 18542
12662 17514 18542
18542 12662 17514
21911 871 23501
23501 871 21911
871 21911 23501
4376 22179 25953
22179 4376 25953
25953 4376 22179
23803 1724 16436
1724 16436 23803
16436 1724 23803
15273 12954 24681
12954 15273 24681
24681 12954 15273
12929 16474 24789
16474 12929 24789
24789 12929 16474
8241 21596 25891
25891 8241 21596
21596 8241 25891
6408 12186 27215
12186 6408 27215
27215 6408 12186
15755 13032 22936
13032 15755 22936
22936 13032 15755
22764 1397 27615
27615 1397 22764
1397 22764 27615
23761 1830 24466
24466 1830 23761
1830 23761 24466
14324 13285 21255
13285 14324 21255
21255 13285 14324
24012 14018 21585
21585 14018 24012
14018 21585 24012
25276 12876 20979
12876 20979 25276
20979 12876 25276
11625 3976 17207
3976 11625 17207
17207 3976 11625
927 2716 22992
22992 927 2716
2716 927 22992
28640 8908 17940
17940 8908 28640
8908 17940 28640
1713 930 24024
24024 930 1713
930 1713 24024
23140 23059 29528
29528 23059 23140
23059 23140 29528
18962 721 13711
721 13711 18962
13711 721 18962
16953 10421 13105
10421 13105 16953
13105 10421 16953
15427 9439 12126
12126 9439 15427
9439 12126 15427
9303 7256 28666
28666 7256 9303
7256 9303 28666
20831 210 10808
210 10808 20831
10808 210 20831
7506 9572 15547
9572 7506 15547
15547 7506 9572
10266 8332 21166
21166 8332 10266
8332 10266 21166
22639 20469 26353
20469 22639 26353
26353 20469 22639
5604 27076 28608
27076 5604 28608
28608 5604 27076
2851 614 7326
7326 614 2851
614 2851 7326
25829 8109 28098
8109 25829 28098
28098 8109 25829
21031 4284 18710
18710 4284 21031
4284 18710 21031
21202 18564 27559
27559 18564 21202
18564 21202 27559
2808 13361 23775
23775 2808 13361
13361 2808 23775
29017 9282 21821
9282 21821 29017
21821 9282 29017
29993 6997 10301
10301 6997 29993
6997 10301 29993
27667 18469 27433
27433 18469 27667
18469 27433 27667
7915 559 28473
559 7915 28473
28473 559 7915
26878 2780 3226
2780 3226 26878
3226 2780 26878
17522 15744 19409
19409 15744 17522
15744 17522 19409
6000 950 14419
14419 950 6000
950 6000 14419
11872 10205 28365
28365 10205 11872
10205 11872 28365
3427 1882 11426
11426 1882 3427
1882 3427 11426
25912 15539 21992
15539 21992 25912
21992 15539 25912
13984 11978 13598
13598 11978 13984
11978 13598 13984
28906 671 10489
671 10489 28906
10489 671 28906
25066 7921 13350
13350 7921 25066
7921 13350 25066
1533 18063 22880
22880 1533 18063
18063 1533 22880
26092 11416 13634
11416 13634 26092
13634 11416 26092
19605 1732 5954
1732 5954 19605
5954 1732 19605
22765 10688 17395
17395 10688 22765
10688 17395 22765
27233 5775 17667
17667 5775 27233
5775 17667 27233
27387 8331 17422
8331 17422 27387
17422 8331 27387
5785 11428 12947
12947 5785 11428
11428 5785 12947
28781 15741 22084
15741 22084 28781
22084 15741 28781
10950 21757 26366
26366 10950 21757
21757 10950 26366
10658 4715 24824
4715 10658 24824
24824 4715 10658
2489 7511 13720
13720 2489 7511
7511 2489 13720
2054 15216 25681
15216 2054 25681
25681 2054 15216
13892 15864 29350
29350 13892 15864
15864 13892 29350
2236 236 29078
29078 236 2236
236 2236 29078
24367 4414 6091
6091 4414 24367
4414 6091 24367
19641 9835 17065
17065 9835 19641
9835 17065 19641
25872 8470 27643
27643 8470 25872
8470 25872 27643
7162 13986 27822
27822 7162 13986
13986 7162 27822
19891 22516 25773
25773 19891 22516
22516 19891 25773
24545 4331 20955
20955 4331 24545
4331 20955 24545
15167 17734 28520
28520 15167 17734
17734 15167 28520
16933 15444 21453
21453 15444 16933
15444 16933 21453
11862 977 11024
11024 977 11862
977 11024 11862
12904 14143 28807
14143 12904 28807
28807 12904 14143
18867 6548 19236
19236 6548 18867
6548 18867 19236
27072 6195 11290
6195 11290 27072
11290 6195 27072
9061 19304 21178
21178 9061 19304
19304 9061 21178
26249 11833 19425
19425 11833 26249
11833 19425 26249
9017 17187 18635
17187 9017 18635
18635 9017 17187
2995 27300 28976
27300 2995 28976
28976 2995 27300
24156 9438 21455
9438 21455 24156
21455 9438 24156
20268 6785 29165
6785 20268 29165
29165 6785 20268
4137 2018 18897
2018 4137 18897
18897 2018 4137
119 5121 12219
5121 119 12219
12219 119 5121
27512 8420 20134
8420 20134 27512
20134 8420 27512
4617 26909 27472
27472 4617 26909
26909 4617 27472
1742 1206 7644
1206 1742 7644
7644 1206 1742
3941 10435 16189
10435 3941 16189
16189 3941 10435
19474 9926 19691
19691 9926 19474
9926 19474 19691
1874 25132 29500
29500 1874 25132
25132 1874 29500
18456 10905 26354
10905 18456 26354
26354 10905 18456
3838 5842 18834
5842 3838 18834
18834 3838 5842
539 12143 27116
27116 539 12143
12143 539 27116
21661 5587 9388
5587 9388 21661
9388 5587 21661
4270 5415 12241
12241 4270 5415
5415 4270 12241
20943 2571 21778
21778 2571 20943
2571 20943 21778
6798 8716 17389
8716 6798 17389
17389 6798 8716
17875 6481 18652
18652 6481 17875
6481 17875 18652
11865 11692 28406
11692 11865 28406
28406 11692 11865
27960 4862 12208
12208 4862 27960
4862 12208 27960
8952 10943 10995
10995 8952 10943
10943 8952 10995
16971 20619 20918
20619 16971 20918
20918 16971 20619
8769 6140 21262
21262 6140 8769
6140 8769 21262
5445 16472 18738
18738 5445 16472
16472 5445 18738
16037 8727 22704
8727 16037 22704
22704 8727 16037
24157 18718 28441
18718 24157 28441
28441 18718 24157
29451 7125 15190
15190 7125 29451
7125 15190 29451
29666 11469 13234
13234 11469 29666
11469 13234 29666
15130 1755 27589
1755 15130 27589
27589 1755 15130
9042 7848 23517
23517 7848 9042
7848 9042 23517
380 7219 19365
19365 380 7219
7219 380 19365
21988 1569 23870
1569 21988 23870
23870 1569 21988
25314 6790 27145
27145 6790 25314
6790 25314 27145
28788 8105 29005
29005 8105 28788
8105 28788 29005
7475 10996 13257
10996 7475 13257
13257 7475 10996
6829 6550 26767
6550 6829 26767
26767 6550 6829
2435 4482 21397
4482 2435 21397
21397 2435 4482
25730 6633 10919
10919 6633 25730
6633 10919 25730
14383 5569 7227
5569 7227 14383
7227 5569 14383
5546 287 11243
287 5546 11243
11243 287 5546
17443 21350 27565
21350 17443 27565
27565 17443 21350
18996 9705 23578
9705 18996 23578
23578 9705 18996
23372 7676 15613
7676 15613 23372
15613 7676 23372
22753 486 760
760 486 22753
486 760 22753
21906 15577 26804
15577 21906 26804
26804 15577 21906
25641 263 391
391 263 25641
263 391 25641
12087 2133 5387
2133 5387 12087
5387 2133 12087
10880 4005 8723
8723 4005 10880
4005 8723 10880
20476 2749 10161
10161 2749 20476
2749 10161 20476
12840 2445 6608
6608 2445 12840
2445 6608 12840
6267 13740 23852
13740 6267 23852
23852 6267 13740
29507 347 27133
27133 347 29507
347 27133 29507
3039 7581 19397
19397 3039 7581
7581 3039 19397
2164 2464 18425
18425 2164 2464
2464 2164 18425
23699 25358 27123
25358 23699 27123
27123 23699 25358
10245 25474 27039
25474 10245 27039
27039 10245 25474
3327 6543 7667
7667 3327 6543
6543 3327 7667
481 7923 11957
11957 481 7923
7923 481 11957
27406 1387 29875
1387 27406 29875
29875 1387 27406
16597 13394 24699
13394 16597 24699
24699 13394 16597
22305 11766 16492
16492 11766 22305
11766 16492 22305
358 16585 27640
16585 358 27640
27640 358 16585
28539 775 25154
25154 775 28539
775 25154 28539
2382 4447 16385
4447 2382 16385
16385 2382 4447
19247 16198 18069
18069 16198 19247
16198 18069 19247
3173 6736 21999
6736 3173 21999
21999 3173 6736
4869 16401 24380
16401 4869 24380
24380 4869 16401
23530 26700 29891
26700 23530 29891
29891 23530 26700
9870 22574 23454
22574 9870 23454
23454 9870 22574
15847 5189 21147
5189 15847 21147
21147 5189 15847
14775 21342 29711
29711 14775 21342
21342 14775 29711
8915 13229 14235
13229 8915 14235
14235 8915 13229
8261 11056 20382
11056 8261 20382
20382 8261 11056
1709 14113 23715
14113 1709 23715
23715 1709 14113
1879 11421 26371
11421 1879 26371
26371 1879 11421
27213 1054 15621
1054 15621 27213
15621 1054 27213
4619 8965 15362
8965 4619 15362
15362 4619 8965
22712 17147 17851
17147 17851 22712
17851 17147 22712
13435 17906 27779
17906 13435 27779
27779 13435 17906
20232 17952 29896
17952 20232 29896
29896 17952 20232
3047 8445 26882
26882 3047 8445
8445 3047 26882
23327 7879 26811
26811 7879 23327
7879 23327 26811
11570 19083 29283
19083 11570 29283
29283 11570 19083
14639 23453 24046
24046 14639 23453
23453 14639 24046
24588 17469 23079
17469 23079 24588
23079 17469 24588
25159 19939 25059
19939 25059 25159
25059 19939 25159
5146 11221 21037
11221 5146 21037
21037 5146 11221
9383 2070 27520
27520 2070 9383
2070 9383 27520
19985 8997 29923
8997 19985 29923
29923 8997 19985
12777 2409 23390
23390 2409 12777
2409 12777 23390
13616 19003 25447
19003 13616 25447
25447 13616 19003
14300 26086 27287
26086 14300 27287
27287 14300 26086
6979 14701 27473
27473 6979 14701
14701 6979 27473
19386 9912 24028
9912 19386 24028
24028 9912 19386
12894 16014 23174
16014 12894 23174
23174 12894 16014
24544 5640 23560
5640 23560 24544
23560 5640 24544
24016 13092 24673
13092 24016 24673
24673 13092 24016
24342 22242 24910
24910 22242 24342
22242 24342 24910
5301 10476 16514
16514 5301 10476
10476 5301 16514
13487 10201 29598
29598 10201 13487
10201 13487 29598
4231 20653 29879
20653 4231 29879
29879 4231 20653
13497 4523 6753
4523 6753 13497
6753 4523 13497
4435 16428 29028
16428 4435 29028
29028 4435 16428
26236 912 27592
912 26236 27592
27592 912 26236
13298 17920 20915
17920 13298 20915
20915 13298 17920
5252 92 9206
9206 92 5252
92 5252 9206
6202 106 9766
106 6202 9766
9766 106 6202
8812 15074 16580
15074 8812 16580
16580 8812 15074
13904 2286 5867
5867 2286 13904
2286 5867 13904
18604 24599 26538
26538 18604 24599
24599 18604 26538
19512 6853 26171
26171 6853 19512
6853 19512 26171
23446 21015 29307
21015 23446 29307
29307 21015 23446
12880 16796 24912
16796 12880 24912
24912 12880 16796
1237 1577 5458
1577 1237 5458
5458 1237 1577
6305 8925 20841
8925 6305 20841
20841 6305 8925
19579 2724 16041
2724 16041 19579
16041 2724 19579
526 15752 20680
15752 526 20680
20680 526 15752
16913 15302 15510
15302 15510 16913
15510 15302 16913
16930 18334 25680
25680 16930 18334
18334 16930 25680
28627 9199 9323
9199 9323 28627
9323 9199 28627
1700 1378 24889
1378 1700 24889
24889 1378 1700
24273 1078 12116
1078 12116 24273
12116 1078 24273
26692 13130 18512
18512 13130 26692
13130 18512 26692
4599 6440 26120
6440 4599 26120
26120 4599 6440
23839 7908 23552
7908 23552 23839
23552 7908 23839
25582 12410 19539
12410 19539 25582
19539 12410 25582
29424 4316 28927
4316 28927 29424
28927 4316 29424
13713 9700 17268
17268 9700 13713
9700 13713 17268
6344 520 16285
520 6344 16285
16285 520 6344
10087 8685 21263
21263 8685 10087
8685 10087 21263
3641 11027 15516
11027 3641 15516
15516 3641 11027
11454 18614 28714
18614 11454 28714
28714 11454 18614
24581 5650 15846
5650 15846 24581
15846 5650 24581
11259 23712 29405
23712 11259 29405
29405 11259 23712
10330 5357 17621
5357 10330 17621
17621 5357 10330
25766 11675 29841
11675 25766 29841
29841 11675 25766
29209 16178 16557
16557 16178 29209
16178 16557 29209
28540 21440 27525
21440 27525 28540
27525 21440 28540
23188 407 22709
22709 407 23188
407 22709 23188
9127 9547 12005
9547 9127 12005
12005 9127 9547
24161 1702 3174
1702 3174 24161
3174 1702 24161
12479 4648 19150
4648 12479 19150
19150 4648 12479
25881 7460 7621
7621 7460 25881
7460 7621 25881
19238 8830 13005
8830 13005 19238
13005 8830 19238
9591 13237 21008
21008 9591 13237
13237 9591 21008
7024 12088 18250
18250 7024 12088
12088 7024 18250
4263 8492 18192
18192 4263 8492
8492 4263 18192
23170 12555 26872
12555 23170 26872
26872 12555 23170
19699 14051 21235
21235 14051 19699
14051 19699 21235
11844 8869 14715
8869 11844 14715
14715 8869 11844
12807 11496 20450
11496 12807 20450
20450 11496 12807
22620 17014 24018
24018 17014 22620
17014 22620 24018
3705 13170 25737
25737 3705 13170
13170 3705 25737
23584 7287 22206
7287 22206 23584
22206 7287 23584
17674 7947 8167
8167 7947 17674
7947 8167 17674
907 2743 13471
2743 907 13471
13471 907 2743
8639 9674 26420
26420 8639 9674
9674 8639 26420
18380 6292 26732
26732 6292 18380
6292 18380 26732
11747 22802 23929
23929 11747 22802
22802 11747 23929
24293 11224 20632
20632 11224 24293
11224 20632 24293
25938 5230 22780
5230 22780 25938
22780 5230 25938
9403 4077 12001
12001 4077 9403
4077 9403 12001
28432 15692 19182
19182 15692 28432
15692 19182 28432
