7 54 90
54 7 90
90 7 54
252 72 158
72 158 252
158 72 252
164 212 249
249 164 212
212 164 249
40 251 286
251 40 286
286 40 251
165 22 280
280 22 165
22 165 280
103 94 177
94 103 177
177 94 103
198 127 214
127 198 214
214 127 198
140 2 241
241 2 140
2 140 241
71 34 80
80 34 71
34 71 80
221 111 296
296 111 221
111 221 296
73 184 258
258 73 184
184 73 258
271 14 38
14 38 271
38 14 271
128 268 275
268 128 275
275 128 268
10 205 242
205 10 242
242 10 205
247 196 224
224 196 247
196 224 247
139 222 295
222 139 295
295 139 222
37 26 147
26 37 147
147 26 37
35 124 216
124 35 216
216 35 124
190 232 281
232 190 281
281 190 232
8 58 125
58 8 125
125 8 58
233 167 277
277 167 233
167 233 277
243 23 24
23 24 243
24 23 243
239 50 102
102 50 239
50 102 239
191 70 145
145 70 191
70 145 191
157 86 229
229 86 157
86 157 229
135 18 119
18 119 135
119 18 135
179 133 146
146 133 179
133 146 179
187 274 292
292 187 274
274 187 292
95 88 235
88 95 235
235 88 95
87 67 199
67 87 199
199 67 87
206 41 230
41 206 230
230 41 206
264 5 100
100 5 264
5 100 264
152 112 155
112 152 155
155 112 152
203 68 195
68 195 203
195 68 203
85 56 77
77 56 85
56 77 85
142 194 299
299 142 194
194 142 299
180 134 225
225 134 180
134 180 225
261 150 283
283 150 261
150 261 283
107 66 297
297 66 107
66 107 297
245 136 291
291 136 245
136 245 291
288 89 217
89 217 288
217 89 288
4 101 104
101 4 104
104 4 101
175 93 276
276 93 175
93 175 276
44 15 200
200 15 44
15 44 200
114 138 260
138 114 260
260 114 138
30 84 282
84 30 282
282 30 84
43 174 287
174 43 287
287 43 174
186 39 117
39 117 186
117 39 186
130 113 123
123 113 130
113 123 130
171 121 166
166 121 171
121 166 171
82 65 188
188 65 82
65 82 188
293 64 298
298 64 293
64 293 298
78 11 272
272 11 78
11 78 272
263 218 266
266 218 263
218 263 266
273 105 106
106 105 273
105 106 273
219 160 228
228 160 219
160 219 228
231 83 169
169 83 231
83 169 231
17 52 110
110 17 52
52 17 110
118 207 285
285 118 207
207 118 285
154 115 256
256 115 154
115 154 256
156 178 254
254 156 178
178 156 254
75 36 300
300 36 75
36 75 300
25 27 153
27 25 153
153 25 27
61 137 181
181 61 137
137 61 181
168 96 210
96 168 210
210 96 168
132 183 278
183 132 278
278 132 183
9 42 220
42 9 220
220 9 42
109 236 255
255 109 236
236 109 255
28 234 269
269 28 234
234 28 269
116 108 129
129 108 116
108 116 129
122 32 162
162 32 122
32 122 162
141 3 227
3 141 227
227 3 141
53 62 131
62 53 131
131 53 62
97 48 163
163 48 97
48 97 163
204 98 120
120 98 204
98 120 204
211 13 144
144 13 211
13 144 211
182 172 250
172 182 250
250 172 182
60 45 209
209 45 60
45 60 209
201 143 237
237 143 201
143 201 237
192 16 248
16 192 248
248 16 192
284 51 265
265 51 284
51 265 284
193 197 213
197 193 213
213 193 197
289 99 257
99 257 289
257 99 289
185 74 92
74 92 185
92 74 185
262 215 270
215 262 270
270 215 262
20 173 189
173 20 189
189 20 173
21 81 176
176 21 81
81 21 176
246 59 279
279 59 246
59 246 279
12 19 47
47 12 19
19 12 47
31 126 170
170 31 126
126 31 170
151 57 240
240 57 151
57 151 240
259 148 244
148 244 259
244 148 259
159 91 208
208 91 159
91 159 208
267 33 294
294 33 267
33 267 294
1 69 238
69 1 238
238 1 69
6 49 161
49 6 161
161 6 49
46 29 253
253 29 46
29 46 253
223 63 76
76 63 223
63 76 223
226 55 202
55 202 226
202 55 226
290 79 149
79 149 290
149 79 290
