593 681 1022
681 593 1022
1022 593 681
1291 302 1036
1036 302 1291
302 1036 1291
1058 602 1156
1156 602 1058
602 1058 1156
1344 1135 1403
1135 1344 1403
1403 1135 1344
486 883 1042
1042 486 883
883 486 1042
106 450 646
450 106 646
646 106 450
354 169 586
169 354 586
586 169 354
136 1263 1327
1263 136 1327
1327 136 1263
343 253 516
253 343 516
516 253 343
815 1020 1410
1410 815 1020
1020 815 1410
400 1088 1122
1088 400 1122
1122 400 1088
981 860 1086
1086 860 981
860 981 1086
827 263 894
894 263 827
263 827 894
274 957 962
962 274 957
957 274 962
332 442 1302
442 332 1302
1302 332 442
1066 172 816
172 816 1066
816 172 1066
893 435 1082
1082 435 893
435 893 1082
747 504 1484
1484 504 747
504 747 1484
1402 935 1414
935 1402 1414
1414 935 1402
452 395 1319
395 452 1319
1319 395 452
125 122 1440
122 125 1440
1440 122 125
517 642 713
713 517 642
642 517 713
1486 1369 1385
1385 1369 1486
1369 1385 1486
765 588 1204
588 765 1204
1204 588 765
173 636 898
636 173 898
898 173 636
17 600 1441
1441 17 600
600 17 1441
844 478 904
904 478 844
478 844 904
471 730 1306
730 471 1306
1306 471 730
362 413 1139
1139 362 413
413 362 1139
208 687 1394
1394 208 687
687 208 1394
346 420 429
429 346 420
420 346 429
1018 145 1081
1081 145 1018
145 1018 1081
558 954 1072
1072 558 954
954 558 1072
227 115 1325
115 227 1325
1325 115 227
161 621 1083
621 161 1083
1083 161 621
312 1084 1244
1084 312 1244
1244 312 1084
803 387 1454
1454 387 803
387 803 1454
674 764 1433
764 674 1433
1433 674 764
722 23 1435
1435 23 722
23 722 1435
36 1030 1374
1030 36 1374
1374 36 1030
1137 232 1343
1343 232 1137
232 1137 1343
59 363 804
363 59 804
804 59 363
401 907 970
970 401 907
907 401 970
1238 945 1494
1494 945 1238
945 1238 1494
842 874 1240
1240 842 874
874 842 1240
702 113 932
932 113 702
113 702 932
1287 62 1019
62 1019 1287
1019 62 1287
694 334 1487
334 694 1487
1487 334 694
1329 204 333
333 204 1329
204 333 1329
1345 340 868
340 868 1345
868 340 1345
27 159 330
159 27 330
330 27 159
537 112 988
988 112 537
112 537 988
1268 422 922
922 422 1268
422 922 1268
944 1025 1035
1025 944 1035
1035 944 1025
1070 431 688
431 688 1070
688 431 1070
761 978 1196
1196 761 978
978 761 1196
826 277 933
277 826 933
933 277 826
1299 542 918
918 542 1299
542 918 1299
1089 498 1192
498 1089 1192
1192 498 1089
1149 391 1276
1276 391 1149
391 1149 1276
832 808 1445
808 832 1445
1445 808 832
900 434 1245
1245 434 900
434 900 1245
1212 889 1305
1305 889 1212
889 1212 1305
1338 160 376
160 376 1338
376 160 1338
861 4 1429
1429 4 861
4 861 1429
1191 176 1006
176 1006 1191
1006 176 1191
1120 393 726
393 726 1120
726 393 1120
999 909 1061
909 999 1061
1061 909 999
862 78 1057
78 862 1057
1057 78 862
54 1333 1446
1333 54 1446
1446 54 1333
1063 466 1398
1398 466 1063
466 1063 1398
98 103 562
562 98 103
103 98 562
1078 199 982
199 982 1078
982 199 1078
1350 734 1463
734 1350 1463
1463 734 1350
309 202 740
740 202 309
202 309 740
192 351 1106
1106 192 351
351 192 1106
1242 1012 1444
1012 1242 1444
1444 1012 1242
746 518 926
926 518 746
518 746 926
955 186 313
186 313 955
313 186 955
469 1033 1436
1436 469 1033
1033 469 1436
1017 1005 1285
1285 1005 1017
1005 1017 1285
385 409 1413
1413 385 409
409 385 1413
5 781 967
967 5 781
781 5 967
1485 591 1269
591 1269 1485
1269 591 1485
1115 869 991
991 869 1115
869 991 1115
888 111 1243
1243 111 888
111 888 1243
823 1221 1500
1500 823 1221
1221 823 1500
1157 185 1052
185 1052 1157
1052 185 1157
759 662 1328
1328 662 759
662 759 1328
1298 1169 1489
1489 1169 1298
1169 1298 1489
499 37 493
493 37 499
37 493 499
496 223 1099
223 496 1099
1099 223 496
369 217 1193
217 369 1193
1193 217 369
526 311 1408
1408 311 526
311 526 1408
93 440 792
792 93 440
440 93 792
829 1055 1301
1301 829 1055
1055 829 1301
1312 456 1401
1401 456 1312
456 1312 1401
465 316 579
316 465 579
579 316 465
561 307 1189
1189 307 561
307 561 1189
551 22 214
22 214 551
214 22 551
752 52 171
52 171 752
171 52 752
679 1103 1208
1208 679 1103
1103 679 1208
38 152 424
152 38 424
424 38 152
615 899 948
948 615 899
899 615 948
714 242 1267
1267 242 714
242 714 1267
21 582 725
582 21 725
725 21 582
388 917 1466
917 388 1466
1466 388 917
1214 814 1077
814 1077 1214
1077 814 1214
952 6 929
6 929 952
929 6 952
1456 412 745
412 745 1456
745 412 1456
239 520 779
779 239 520
520 239 779
1167 419 609
609 419 1167
419 609 1167
650 481 1101
481 650 1101
1101 481 650
720 511 1091
511 720 1091
1091 511 720
1297 45 194
45 194 1297
194 45 1297
221 279 1496
279 221 1496
1496 221 279
1373 698 1388
1388 698 1373
698 1373 1388
235 741 811
811 235 741
741 235 811
634 568 748
748 568 634
568 634 748
259 1290 1353
1353 259 1290
1290 259 1353
975 248 1171
1171 248 975
248 975 1171
3 940 989
940 3 989
989 3 940
1469 285 744
744 285 1469
285 744 1469
335 489 1332
489 335 1332
1332 335 489
1256 742 849
742 849 1256
849 742 1256
272 459 915
459 272 915
915 272 459
879 292 657
657 292 879
292 657 879
119 167 892
167 119 892
892 119 167
906 878 1458
878 906 1458
1458 878 906
749 109 1481
1481 109 749
109 749 1481
50 564 1054
564 50 1054
1054 50 564
1217 324 549
324 549 1217
549 324 1217
1126 8 843
8 843 1126
843 8 1126
1309 158 1121
1121 158 1309
158 1121 1309
830 79 331
331 79 830
79 331 830
618 819 1034
819 618 1034
1034 618 819
805 328 721
328 721 805
721 328 805
1004 631 1062
631 1004 1062
1062 631 1004
1112 260 1163
1163 260 1112
260 1112 1163
891 275 355
355 275 891
275 355 891
41 405 408
405 41 408
408 41 405
522 773 1254
1254 522 773
773 522 1254
533 704 1310
704 533 1310
1310 533 704
147 462 1093
462 147 1093
1093 147 462
724 729 1141
1141 724 729
729 724 1141
519 250 968
968 250 519
250 519 968
426 735 998
735 426 998
998 426 735
529 635 835
635 529 835
835 529 635
1094 875 1416
1416 875 1094
875 1094 1416
973 596 1151
1151 596 973
596 973 1151
530 928 1442
1442 530 928
928 530 1442
924 153 179
179 153 924
153 179 924
33 951 1164
951 33 1164
1164 33 951
497 1031 1095
1095 497 1031
1031 497 1095
616 1079 1136
1136 616 1079
1079 616 1136
673 12 1318
1318 12 673
12 673 1318
880 1209 1409
1209 880 1409
1409 880 1209
622 1145 1165
1165 622 1145
1145 622 1165
838 276 986
276 838 986
986 276 838
754 667 1260
667 754 1260
1260 667 754
64 30 317
317 30 64
30 64 317
44 545 905
905 44 545
545 44 905
877 344 659
659 344 877
344 659 877
974 828 1321
828 974 1321
1321 828 974
1011 512 1073
512 1011 1073
1073 512 1011
639 218 817
218 639 817
817 218 639
825 116 243
116 243 825
243 116 825
780 368 1187
368 780 1187
1187 368 780
1080 251 554
251 554 1080
554 251 1080
715 736 848
736 715 848
848 715 736
2 692 1197
1197 2 692
692 2 1197
947 1194 1428
1194 947 1428
1428 947 1194
433 1198 1274
1274 433 1198
1198 433 1274
1478 102 1195
1195 102 1478
102 1195 1478
460 80 732
732 80 460
80 460 732
141 284 772
284 141 772
772 141 284
1064 73 544
73 544 1064
544 73 1064
162 738 1047
738 162 1047
1047 162 738
325 581 1107
1107 325 581
581 325 1107
1351 648 703
648 703 1351
703 648 1351
594 887 1246
1246 594 887
887 594 1246
467 207 370
370 207 467
207 370 467
1390 737 776
776 737 1390
737 776 1390
183 1007 1105
1105 183 1007
1007 183 1105
1497 414 1161
414 1161 1497
1161 414 1497
678 1229 1308
1229 678 1308
1308 678 1229
1304 416 423
416 423 1304
423 416 1304
1461 1114 1422
1422 1114 1461
1114 1422 1461
457 126 949
949 126 457
126 457 949
473 233 254
233 254 473
254 233 473
1234 1379 1386
1386 1234 1379
1379 1234 1386
623 966 1203
966 623 1203
1203 623 966
534 513 1397
513 534 1397
1397 513 534
1015 788 1336
788 1015 1336
1336 788 1015
384 220 1288
220 384 1288
1288 220 384
565 447 1090
1090 447 565
447 565 1090
571 640 831
640 571 831
831 571 640
972 870 971
870 971 972
971 870 972
60 911 1228
911 60 1228
1228 60 911
258 786 1111
786 258 1111
1111 258 786
166 925 1295
925 166 1295
1295 166 925
394 75 1024
75 394 1024
1024 75 394
71 464 1282
464 71 1282
1282 71 464
567 224 361
224 361 567
361 224 567
101 353 1341
353 101 1341
1341 101 353
10 349 1181
1181 10 349
349 10 1181
1451 212 897
212 897 1451
897 212 1451
168 1069 1173
1069 168 1173
1173 168 1069
921 24 373
373 24 921
24 373 921
1279 403 1202
403 1202 1279
1202 403 1279
53 937 1264
1264 53 937
937 53 1264
668 377 876
876 377 668
377 668 876
1355 95 326
326 95 1355
95 326 1355
1148 633 1439
633 1148 1439
1439 633 1148
587 941 1474
941 587 1474
1474 587 941
196 573 1180
573 196 1180
1180 196 573
1040 980 1134
980 1040 1134
1134 980 1040
1323 163 1483
1483 163 1323
163 1323 1483
787 339 959
959 339 787
339 787 959
850 226 1400
1400 226 850
226 850 1400
665 381 666
381 665 666
666 381 665
527 663 1331
1331 527 663
663 527 1331
367 1143 1348
1348 367 1143
1143 367 1348
767 411 774
411 767 774
774 411 767
1460 597 1357
1357 597 1460
597 1357 1460
920 484 1206
484 920 1206
1206 484 920
653 128 865
128 653 865
865 128 653
1418 230 1255
230 1255 1418
1255 230 1418
399 231 1286
231 399 1286
1286 231 399
256 525 1211
1211 256 525
525 256 1211
680 337 1430
337 680 1430
1430 337 680
1045 390 762
762 390 1045
390 762 1045
130 524 1358
524 130 1358
1358 130 524
1043 1177 1464
1177 1043 1464
1464 1043 1177
706 995 1251
995 706 1251
1251 706 995
287 1117 1476
1117 287 1476
1476 287 1117
117 291 1257
291 117 1257
1257 117 291
1278 672 1359
1359 672 1278
672 1278 1359
237 1160 1281
1160 237 1281
1281 237 1160
255 352 908
908 255 352
352 255 908
769 164 791
164 769 791
791 164 769
607 930 1322
930 607 1322
1322 607 930
1340 77 1271
1271 77 1340
77 1271 1340
647 1001 1482
1001 647 1482
1482 647 1001
1488 305 802
802 305 1488
305 802 1488
430 503 943
503 430 943
943 430 503
903 417 661
661 417 903
417 661 903
853 282 584
584 282 853
282 584 853
757 841 1387
1387 757 841
841 757 1387
398 203 1175
1175 203 398
203 398 1175
1317 99 963
963 99 1317
99 963 1317
82 1375 1437
1375 82 1437
1437 82 1375
953 322 833
833 322 953
322 833 953
1188 608 1262
608 1188 1262
1262 608 1188
296 298 599
599 296 298
298 296 599
476 14 348
348 14 476
14 348 476
189 342 782
782 189 342
342 189 782
488 492 1235
492 488 1235
1235 488 492
15 310 553
553 15 310
310 15 553
1424 72 821
821 72 1424
72 821 1424
1381 543 912
543 912 1381
912 543 1381
727 379 936
936 379 727
379 727 936
598 213 1362
213 598 1362
1362 213 598
798 238 1190
1190 238 798
238 798 1190
960 1201 1380
1380 960 1201
1201 960 1380
613 1125 1311
1311 613 1125
1125 613 1311
643 241 799
799 241 643
241 643 799
1048 1154 1419
1154 1048 1419
1419 1048 1154
710 942 1284
1284 710 942
942 710 1284
809 644 1365
644 809 1365
1365 644 809
438 383 451
451 383 438
383 438 451
976 559 871
871 559 976
559 871 976
1372 306 756
756 306 1372
306 756 1372
696 1266 1296
1266 696 1296
1296 696 1266
1168 491 1226
491 1168 1226
1226 491 1168
188 129 222
222 129 188
129 188 222
1184 382 1140
1140 382 1184
382 1140 1184
1452 336 858
858 336 1452
336 858 1452
548 200 1239
1239 200 548
200 548 1239
1423 410 691
691 410 1423
410 691 1423
1457 338 1130
1130 338 1457
338 1130 1457
1259 187 1421
1421 187 1259
187 1259 1421
236 358 851
358 236 851
851 236 358
508 65 280
65 280 508
280 65 508
477 1170 1324
1324 477 1170
1170 477 1324
378 557 961
961 378 557
557 378 961
751 901 927
901 751 927
927 751 901
1223 495 1227
1227 495 1223
495 1223 1227
1147 436 570
570 436 1147
436 570 1147
1479 1116 1153
1153 1116 1479
1116 1153 1479
1131 795 1490
1490 795 1131
795 1131 1490
1405 9 985
985 9 1405
9 985 1405
807 350 996
350 807 996
996 350 807
884 990 1215
990 884 1215
1215 884 990
446 407 603
603 407 446
407 446 603
1270 216 480
216 480 1270
480 216 1270
105 294 1412
294 105 1412
1412 105 294
1477 882 1411
882 1411 1477
1411 882 1477
784 118 506
118 506 784
506 118 784
267 193 541
541 193 267
193 267 541
1059 1049 1471
1049 1059 1471
1471 1049 1059
1250 174 1465
174 1250 1465
1465 174 1250
34 345 458
345 34 458
458 34 345
683 1029 1368
1029 683 1368
1368 683 1029
165 341 1492
1492 165 341
341 165 1492
85 191 329
329 85 191
191 85 329
711 404 813
813 404 711
404 711 813
938 601 1219
1219 601 938
601 938 1219
418 964 1443
1443 418 964
964 418 1443
566 708 1392
708 566 1392
1392 566 708
114 656 1142
656 114 1142
1142 114 656
1225 628 1499
1499 628 1225
628 1225 1499
1450 88 1432
88 1432 1450
1432 88 1450
1467 1074 1118
1074 1118 1467
1118 1074 1467
1427 654 873
873 654 1427
654 873 1427
293 521 718
718 293 521
521 293 718
997 1337 1342
1342 997 1337
1337 997 1342
359 552 604
604 359 552
552 359 604
364 151 1366
1366 151 364
151 364 1366
245 104 863
863 104 245
104 245 863
195 372 896
372 195 896
896 195 372
535 56 569
56 535 569
569 56 535
866 146 794
146 794 866
794 146 866
264 150 852
150 264 852
852 150 264
624 441 1367
1367 441 624
441 624 1367
1265 712 1213
1213 712 1265
712 1213 1265
281 785 1431
1431 281 785
785 281 1431
1352 1293 1314
1314 1293 1352
1293 1314 1352
1096 483 1067
483 1067 1096
1067 483 1096
314 585 684
684 314 585
585 314 684
297 182 1199
1199 182 297
182 297 1199
303 156 755
156 303 755
755 156 303
1128 28 97
97 28 1128
28 97 1128
140 620 685
620 140 685
685 140 620
867 1041 1110
1110 867 1041
1041 867 1110
1249 215 856
215 856 1249
856 215 1249
1220 475 1404
475 1220 1404
1404 475 1220
563 705 1008
705 563 1008
1008 563 705
1050 950 1127
950 1050 1127
1127 950 1050
605 682 1495
682 605 1495
1495 605 682
1010 415 1172
1172 415 1010
415 1010 1172
1384 11 1472
1472 11 1384
11 1384 1472
753 374 885
374 753 885
885 374 753
1013 857 1273
1273 857 1013
857 1013 1273
1144 375 1258
1258 375 1144
375 1144 1258
500 137 201
137 201 500
201 137 500
190 396 595
396 190 595
595 190 396
800 18 124
18 124 800
124 18 800
139 695 1252
695 139 1252
1252 139 695
1109 606 1360
606 1109 1360
1360 606 1109
1014 651 1307
1307 651 1014
651 1014 1307
820 365 494
365 494 820
494 365 820
1023 652 977
652 977 1023
977 652 1023
956 257 969
969 257 956
257 956 969
131 265 589
265 131 589
589 131 265
366 731 1150
731 366 1150
1150 366 731
89 840 1459
1459 89 840
840 89 1459
649 67 1002
67 649 1002
1002 67 649
198 175 178
175 178 198
178 175 198
771 301 983
301 771 983
983 301 771
864 107 1438
107 864 1438
1438 107 864
934 617 1179
617 934 1179
1179 617 934
1186 69 74
69 74 1186
74 69 1186
502 286 320
320 286 502
286 320 502
758 693 1152
693 758 1152
1152 693 758
84 261 783
783 84 261
261 84 783
854 35 881
881 35 854
35 854 881
268 49 1053
1053 49 268
49 268 1053
453 13 209
13 209 453
209 13 453
1155 454 1232
1232 454 1155
454 1155 1232
846 775 1162
775 846 1162
1162 775 846
890 319 675
319 675 890
675 319 890
510 92 777
92 510 777
777 92 510
528 810 1448
1448 528 810
810 528 1448
1104 386 1071
1071 386 1104
386 1071 1104
1231 578 1447
578 1231 1447
1447 578 1231
448 1210 1395
1210 448 1395
1395 448 1210
347 425 910
910 347 425
425 347 910
1224 288 487
288 487 1224
487 288 1224
1346 515 1313
1313 515 1346
515 1313 1346
797 47 538
538 47 797
47 538 797
133 427 946
427 133 946
946 133 427
987 300 760
300 760 987
760 300 987
1003 699 1119
1119 699 1003
699 1003 1119
1272 26 1248
26 1248 1272
1248 26 1272
763 834 1275
1275 763 834
834 763 1275
822 443 472
443 472 822
472 443 822
371 91 837
91 371 837
837 91 371
1426 290 1334
290 1334 1426
1334 290 1426
1176 149 637
149 637 1176
637 149 1176
1133 157 1039
1039 157 1133
157 1039 1133
627 108 252
108 252 627
252 108 627
134 717 979
979 134 717
717 134 979
295 1076 1339
1339 295 1076
1076 295 1339
68 25 1396
1396 25 68
25 68 1396
1320 143 523
143 523 1320
523 143 1320
1455 392 768
768 392 1455
392 768 1455
1283 428 1425
1425 428 1283
428 1283 1425
127 154 304
154 127 304
304 127 154
1113 812 824
824 812 1113
812 824 1113
323 177 1056
177 323 1056
1056 177 323
1060 1383 1462
1383 1060 1462
1462 1060 1383
1237 574 709
574 709 1237
709 574 1237
895 739 1108
739 895 1108
1108 739 895
468 142 1376
142 468 1376
1376 142 468
1253 1236 1363
1236 1253 1363
1363 1236 1253
360 463 719
463 360 719
719 360 463
655 29 611
611 29 655
29 611 655
40 847 1132
1132 40 847
847 40 1132
539 229 700
700 229 539
229 539 700
1378 90 1216
1216 90 1378
90 1216 1378
766 485 836
836 485 766
485 766 836
1233 614 801
801 614 1233
614 801 1233
1377 916 1349
916 1349 1377
1349 916 1377
211 580 931
931 211 580
580 211 931
536 728 1046
1046 536 728
728 536 1046
421 1097 1449
1097 421 1449
1449 421 1097
1075 76 397
76 397 1075
397 76 1075
70 123 482
482 70 123
123 70 482
790 184 913
184 790 913
913 184 790
321 1261 1470
1261 321 1470
1470 321 1261
806 690 994
690 806 994
994 690 806
1038 505 556
505 556 1038
556 505 1038
626 357 1294
357 626 1294
1294 357 626
1335 266 1129
1129 266 1335
266 1129 1335
470 87 743
743 87 470
87 470 743
1468 249 1166
249 1166 1468
1166 249 1468
1182 135 576
135 576 1182
576 135 1182
923 733 1393
733 923 1393
1393 733 923
1491 240 270
270 240 1491
240 270 1491
1347 638 1399
1399 638 1347
638 1347 1399
1498 677 886
886 677 1498
677 886 1498
902 590 1300
1300 590 902
590 902 1300
31 664 1241
1241 31 664
664 31 1241
1475 1158 1453
1158 1453 1475
1453 1158 1475
641 32 148
148 32 641
32 148 641
1415 210 1124
1124 210 1415
210 1124 1415
859 66 244
244 66 859
66 244 859
432 660 1174
1174 432 660
660 432 1174
437 1316 1356
1316 437 1356
1356 437 1316
1146 228 507
507 228 1146
228 507 1146
1420 479 1068
1068 479 1420
479 1068 1420
490 380 532
532 380 490
380 490 532
1102 1200 1407
1200 1102 1407
1407 1102 1200
583 1065 1391
1391 583 1065
1065 583 1391
20 629 1098
629 20 1098
1098 20 629
356 444 546
444 356 546
546 356 444
402 449 1222
1222 402 449
449 402 1222
550 132 1292
132 550 1292
1292 132 550
46 1087 1092
1087 46 1092
1092 46 1087
1085 509 658
658 509 1085
509 658 1085
225 83 1123
83 225 1123
1123 83 225
1051 845 1289
845 1051 1289
1289 845 1051
645 669 992
992 645 669
669 645 992
514 246 1218
246 514 1218
1218 246 514
1371 120 1354
120 1354 1371
1354 120 1371
299 577 1389
1389 299 577
577 299 1389
1230 1027 1382
1382 1027 1230
1027 1230 1382
575 750 1100
750 575 1100
1100 575 750
445 100 121
121 100 445
100 121 445
308 1028 1277
1277 308 1028
1028 308 1277
1315 51 327
327 51 1315
51 327 1315
686 247 697
697 247 686
247 686 697
1417 707 1138
707 1138 1417
1138 707 1417
1044 796 1303
796 1044 1303
1303 796 1044
197 86 180
86 180 197
180 86 197
81 984 1178
984 81 1178
1178 81 984
1 716 778
716 1 778
778 1 716
965 144 839
144 839 965
839 144 965
439 271 818
818 271 439
271 439 818
455 96 723
723 96 455
96 455 723
619 206 872
872 206 619
206 619 872
1473 610 630
630 610 1473
610 630 1473
55 632 1032
632 55 1032
1032 55 632
770 63 547
547 63 770
63 547 770
170 1009 1016
1016 170 1009
1009 170 1016
61 7 1205
1205 7 61
7 61 1205
273 1037 1370
1370 273 1037
1037 273 1370
278 789 1185
1185 278 789
789 278 1185
540 16 1480
1480 16 540
16 540 1480
1159 315 1280
315 1159 1280
1280 315 1159
389 219 1406
1406 219 389
219 389 1406
205 406 531
531 205 406
406 205 531
39 43 689
43 39 689
689 39 43
1330 958 1183
958 1183 1330
1183 958 1330
283 474 1247
1247 283 474
474 283 1247
57 919 1493
1493 57 919
919 57 1493
269 58 612
612 58 269
58 269 612
318 42 48
48 42 318
42 48 318
155 555 670
555 155 670
670 155 555
671 138 1326
1326 138 671
138 671 1326
701 461 1434
461 701 1434
1434 461 701
993 19 1364
19 993 1364
1364 19 993
181 262 939
262 181 939
939 181 262
110 501 1026
501 110 1026
1026 110 501
560 855 1207
1207 560 855
855 560 1207
625 572 793
793 572 625
572 625 793
592 234 676
234 592 676
676 234 592
914 289 1000
1000 289 914
289 914 1000
1021 94 1361
1361 94 1021
94 1021 1361
