47952 70643 86659
86659 47952 70643
70643 47952 86659
39902 69157 145996
69157 39902 145996
145996 39902 69157
50244 55191 93592
55191 50244 93592
93592 50244 55191
122273 133940 141811
133940 122273 141811
141811 122273 133940
7081 35684 128882
128882 7081 35684
35684 7081 128882
47382 96787 113748
113748 47382 96787
96787 47382 113748
92911 117675 131363
131363 92911 117675
117675 92911 131363
10335 43459 52095
52095 10335 43459
43459 10335 52095
3221 78166 144136
144136 3221 78166
78166 3221 144136
27519 56923 80125
80125 27519 56923
56923 27519 80125
92854 30626 80765
80765 30626 92854
30626 80765 92854
48189 27495 52371
52371 27495 48189
27495 48189 52371
24345 24475 79626
24475 24345 79626
79626 24345 24475
125096 80791 90922
90922 80791 125096
80791 90922 125096
50977 77042 77582
77042 50977 77582
77582 50977 77042
145785 9456 132605
9456 132605 145785
132605 9456 145785
10953 53560 100181
100181 10953 53560
53560 10953 100181
36317 54213 79349
54213 36317 79349
79349 36317 54213
148228 59767 107661
107661 59767 148228
59767 107661 148228
128509 26235 46696
26235 46696 128509
46696 26235 128509
11412 23156 50616
50616 11412 23156
23156 11412 50616
134529 32586 87226
32586 87226 134529
87226 32586 134529
141423 54933 99060
99060 54933 141423
54933 99060 141423
33656 66277 143891
143891 33656 66277
66277 33656 143891
10703 12804 107383
107383 10703 12804
12804 10703 107383
111292 25937 62982
25937 62982 111292
62982 25937 111292
93366 14836 68477
14836 68477 93366
68477 14836 93366
103802 62148 145880
62148 103802 145880
145880 62148 103802
20468 17404 38241
38241 17404 20468
17404 20468 38241
139279 40826 88835
40826 88835 139279
88835 40826 139279
32130 28329 89796
89796 28329 32130
28329 32130 89796
127552 66864 91298
66864 91298 127552
91298 66864 127552
114738 19747 125151
19747 114738 125151
125151 19747 114738
1786 4325 73859
4325 1786 73859
73859 1786 4325
79318 30289 39929
30289 39929 79318
39929 30289 79318
112218 52575 97890
52575 97890 112218
97890 52575 112218
56657 114082 119003
119003 56657 114082
114082 56657 119003
44497 125816 136406
125816 44497 136406
136406 44497 125816
144060 53250 103433
53250 103433 144060
103433 53250 144060
32832 14781 46255
14781 32832 46255
46255 14781 32832
57943 12796 40621
12796 40621 57943
40621 12796 57943
142473 17114 149975
149975 17114 142473
17114 142473 149975
33540 55773 60719
60719 33540 55773
55773 33540 60719
18915 95274 108479
108479 18915 95274
95274 18915 108479
48663 124940 140007
124940 48663 140007
140007 48663 124940
116894 8532 106631
106631 8532 116894
8532 106631 116894
33534 65993 123537
65993 33534 123537
123537 33534 65993
51216 3483 28364
3483 28364 51216
28364 3483 51216
94981 9162 108535
9162 94981 108535
108535 9162 94981
37200 46877 79704
46877 37200 79704
79704 37200 46877
8418 59654 61554
61554 8418 59654
59654 8418 61554
45710 5693 140817
5693 45710 140817
140817 5693 45710
98663 36506 78477
36506 78477 98663
78477 36506 98663
109784 31926 125964
125964 31926 109784
31926 109784 125964
102611 14476 65674
14476 65674 102611
65674 14476 102611
90041 43997 99816
43997 90041 99816
99816 43997 90041
3852 11984 110154
110154 3852 11984
11984 3852 110154
82735 55205 109299
109299 55205 82735
55205 82735 109299
8053 10601 115112
10601 8053 115112
115112 8053 10601
52354 77819 148184
77819 52354 148184
148184 52354 77819
94374 50163 138397
138397 50163 94374
50163 94374 138397
44302 33586 77603
33586 44302 77603
77603 33586 44302
916 120410 129518
129518 916 120410
120410 916 129518
69807 72858 120782
120782 69807 72858
72858 69807 120782
75957 48921 54558
48921 54558 75957
54558 48921 75957
19763 65789 148077
148077 19763 65789
65789 19763 148077
134491 67137 117243
67137 117243 134491
117243 67137 134491
73069 73462 109438
109438 73069 73462
73462 73069 109438
9151 25129 77069
77069 9151 25129
25129 9151 77069
94202 11619 56388
56388 11619 94202
11619 56388 94202
64723 114307 119885
114307 64723 119885
119885 64723 114307
1734 48327 86879
48327 1734 86879
86879 1734 48327
67229 83362 123225
123225 67229 83362
83362 67229 123225
13505 15357 108145
15357 13505 108145
108145 13505 15357
133619 24042 127493
24042 127493 133619
127493 24042 133619
128246 104763 107239
107239 104763 128246
104763 107239 128246
149794 20663 46318
46318 20663 149794
20663 46318 149794
97389 125709 139315
139315 97389 125709
125709 97389 139315
50513 21780 50000
21780 50000 50513
50000 21780 50513
136143 39204 111393
39204 111393 136143
111393 39204 136143
109547 10319 45223
45223 10319 109547
10319 45223 109547
6806 19290 28929
28929 6806 19290
19290 6806 28929
57128 9952 111598
111598 9952 57128
9952 57128 111598
148110 26478 70756
26478 70756 148110
70756 26478 148110
132813 39188 102545
39188 102545 132813
102545 39188 132813
34072 66113 95360
66113 34072 95360
95360 34072 66113
9185 90561 139759
139759 9185 90561
90561 9185 139759
123394 51087 93079
93079 51087 123394
51087 93079 123394
29212 13865 87580
87580 13865 29212
13865 29212 87580
137719 82832 103680
103680 82832 137719
82832 103680 137719
50332 104319 105991
104319 50332 105991
105991 50332 104319
134331 6640 41681
41681 6640 134331
6640 41681 134331
78045 44962 60331
60331 44962 78045
44962 60331 78045
4063 71981 109247
71981 4063 109247
109247 4063 71981
144532 84999 111107
84999 111107 144532
111107 84999 144532
53672 11430 35980
35980 11430 53672
11430 35980 53672
92658 4923 129959
129959 4923 92658
4923 92658 129959
107850 40561 48748
40561 48748 107850
48748 40561 107850
83774 8220 41487
41487 8220 83774
8220 41487 83774
31533 36291 118396
36291 31533 118396
118396 31533 36291
114393 18842 100619
18842 100619 114393
100619 18842 114393
141782 23966 92349
23966 92349 141782
92349 23966 141782
104998 11020 95942
95942 11020 104998
11020 95942 104998
4706 21567 52039
52039 4706 21567
21567 4706 52039
57563 94433 107889
107889 57563 94433
94433 57563 107889
108087 89085 137937
137937 89085 108087
89085 108087 137937
95428 5306 45252
5306 45252 95428
45252 5306 95428
148121 93803 123280
123280 93803 148121
93803 123280 148121
145015 15440 84578
84578 15440 145015
15440 84578 145015
119249 19798 53953
53953 19798 119249
19798 53953 119249
9847 118888 121170
118888 9847 121170
121170 9847 118888
120021 5918 9018
9018 5918 120021
5918 9018 120021
136185 43046 89431
89431 43046 136185
43046 89431 136185
138001 14501 123194
123194 14501 138001
14501 123194 138001
75051 2708 78692
78692 2708 75051
2708 75051 78692
96874 19514 71625
71625 19514 96874
19514 71625 96874
131061 28214 33346
33346 28214 131061
28214 33346 131061
74199 11038 101697
101697 11038 74199
11038 74199 101697
145863 14977 108548
108548 14977 145863
14977 108548 145863
122146 17910 93362
93362 17910 122146
17910 93362 122146
75191 109403 141086
141086 75191 109403
109403 75191 141086
25485 25548 98044
98044 25485 25548
25548 25485 98044
121646 3913 86243
3913 86243 121646
86243 3913 121646
91074 88687 94824
94824 88687 91074
88687 91074 94824
35906 102207 127466
102207 35906 127466
127466 35906 102207
41910 12069 70467
12069 41910 70467
70467 12069 41910
120437 111439 147335
111439 120437 147335
147335 111439 120437
10343 139143 145832
139143 10343 145832
145832 10343 139143
50921 62154 148283
62154 50921 148283
148283 50921 62154
39464 2399 39095
2399 39095 39464
39095 2399 39464
66134 15226 51787
51787 15226 66134
15226 51787 66134
57213 13427 147033
147033 13427 57213
13427 57213 147033
37239 63429 131350
131350 37239 63429
63429 37239 131350
115789 81578 134357
81578 115789 134357
134357 81578 115789
108649 40534 134639
40534 108649 134639
134639 40534 108649
23166 53022 113050
53022 23166 113050
113050 23166 53022
85974 25896 93636
93636 25896 85974
25896 85974 93636
77504 30586 130597
30586 77504 130597
130597 30586 77504
71783 1509 140528
1509 71783 140528
140528 1509 71783
113179 31811 119653
119653 31811 113179
31811 113179 119653
71248 81170 100630
81170 71248 100630
100630 71248 81170
102388 41447 98548
98548 41447 102388
41447 98548 102388
99831 51606 54434
51606 54434 99831
54434 51606 99831
50291 140488 146074
140488 50291 146074
146074 50291 140488
142657 42724 147649
42724 142657 147649
147649 42724 142657
52501 83830 121157
83830 52501 121157
121157 52501 83830
37850 110021 141542
110021 37850 141542
141542 37850 110021
7587 57528 98733
57528 7587 98733
98733 7587 57528
7998 90116 96177
90116 7998 96177
96177 7998 90116
127607 32431 49202
49202 32431 127607
32431 49202 127607
124076 36477 127845
36477 124076 127845
127845 36477 124076
20476 43517 83215
43517 20476 83215
83215 20476 43517
69061 90464 97979
90464 69061 97979
97979 69061 90464
55698 44957 70273
70273 44957 55698
44957 55698 70273
89604 86444 144477
86444 89604 144477
144477 86444 89604
136892 48087 90835
48087 90835 136892
90835 48087 136892
76554 113718 137016
113718 76554 137016
137016 76554 113718
18106 103321 139248
103321 18106 139248
139248 18106 103321
145115 7997 100621
7997 100621 145115
100621 7997 145115
17820 26010 53396
53396 17820 26010
26010 17820 53396
117167 70792 132100
132100 70792 117167
70792 117167 132100
7312 7084 104170
7084 7312 104170
104170 7084 7312
82420 45482 137138
137138 45482 82420
45482 82420 137138
125920 16027 134872
134872 16027 125920
16027 125920 134872
16815 102129 116271
116271 16815 102129
102129 16815 116271
2056 17607 58195
17607 2056 58195
58195 2056 17607
113495 14148 131572
131572 14148 113495
14148 113495 131572
45656 94957 134834
94957 45656 134834
134834 45656 94957
34214 62490 83612
62490 34214 83612
83612 34214 62490
38495 59936 109747
59936 38495 109747
109747 38495 59936
21737 12860 52415
12860 21737 52415
52415 12860 21737
52333 19566 61878
19566 52333 61878
61878 19566 52333
128789 4515 63723
63723 4515 128789
4515 63723 128789
9689 2149 146823
146823 2149 9689
2149 9689 146823
73349 32708 113615
113615 32708 73349
32708 73349 113615
130902 20736 145104
20736 130902 145104
145104 20736 130902
99652 64257 134399
64257 99652 134399
134399 64257 99652
124057 16490 110047
110047 16490 124057
16490 110047 124057
8088 56604 92372
56604 8088 92372
92372 8088 56604
25434 12772 73744
12772 25434 73744
73744 12772 25434
141707 55249 119477
119477 55249 141707
55249 119477 141707
134450 49712 86746
49712 86746 134450
86746 49712 134450
96042 37077 91658
91658 37077 96042
37077 91658 96042
34589 11980 26442
11980 26442 34589
26442 11980 34589
45867 6074 29123
29123 6074 45867
6074 29123 45867
134601 12851 122687
122687 12851 134601
12851 122687 134601
75850 110970 122880
122880 75850 110970
110970 75850 122880
63824 37129 119114
119114 37129 63824
37129 63824 119114
38597 23711 69855
69855 23711 38597
23711 38597 69855
139871 404 51916
51916 404 139871
404 51916 139871
50736 7104 81988
7104 50736 81988
81988 7104 50736
32317 49847 104616
49847 32317 104616
104616 32317 49847
130990 65588 133827
133827 65588 130990
65588 130990 133827
116411 78373 142041
142041 78373 116411
78373 116411 142041
60272 71346 135282
135282 60272 71346
71346 60272 135282
130716 32884 66226
66226 32884 130716
32884 66226 130716
52617 34612 54835
54835 34612 52617
34612 52617 54835
76739 58008 93928
93928 58008 76739
58008 76739 93928
139396 105016 137384
105016 137384 139396
137384 105016 139396
68742 66039 104910
66039 68742 104910
104910 66039 68742
33778 86974 133298
133298 33778 86974
86974 33778 133298
90721 71355 80861
80861 71355 90721
71355 80861 90721
64897 43956 105857
105857 43956 64897
43956 64897 105857
105821 18153 61945
18153 61945 105821
61945 18153 105821
17238 38935 52173
52173 17238 38935
38935 17238 52173
130507 15745 120129
120129 15745 130507
15745 120129 130507
38922 24124 31719
31719 24124 38922
24124 31719 38922
86054 73168 80009
73168 80009 86054
80009 73168 86054
76796 21858 132418
21858 76796 132418
132418 21858 76796
144090 10396 79305
79305 10396 144090
10396 79305 144090
124689 11582 94938
11582 94938 124689
94938 11582 124689
17844 22632 53083
53083 17844 22632
22632 17844 53083
32815 91770 146016
146016 32815 91770
91770 32815 146016
13495 84639 88739
84639 13495 88739
88739 13495 84639
122774 50167 148370
148370 50167 122774
50167 122774 148370
122399 6759 120435
120435 6759 122399
6759 120435 122399
63841 79308 100455
79308 63841 100455
100455 63841 79308
69558 33852 44675
33852 44675 69558
44675 33852 69558
28861 83566 136663
136663 28861 83566
83566 28861 136663
13603 32306 68873
68873 13603 32306
32306 13603 68873
11760 1474 54892
54892 1474 11760
1474 11760 54892
38528 20132 87065
20132 38528 87065
87065 20132 38528
131441 115467 134876
115467 131441 134876
134876 115467 131441
102481 78048 105608
105608 78048 102481
78048 102481 105608
38436 41252 71613
41252 38436 71613
71613 38436 41252
104139 36296 103613
103613 36296 104139
36296 103613 104139
137285 4228 130184
4228 130184 137285
130184 4228 137285
2278 7493 104949
104949 2278 7493
7493 2278 104949
8877 329 93064
329 8877 93064
93064 329 8877
138337 30413 137284
30413 137284 138337
137284 30413 138337
108452 785 58847
58847 785 108452
785 58847 108452
86726 53758 68131
68131 53758 86726
53758 68131 86726
8041 94257 136996
136996 8041 94257
94257 8041 136996
65367 18916 86430
86430 18916 65367
18916 65367 86430
142163 43810 126448
126448 43810 142163
43810 126448 142163
39094 49355 135953
49355 39094 135953
135953 39094 49355
61522 35793 83361
35793 61522 83361
83361 35793 61522
141548 52809 103380
52809 103380 141548
103380 52809 141548
132089 853 102006
102006 853 132089
853 102006 132089
110608 72994 142784
72994 110608 142784
142784 72994 110608
86730 10252 18743
18743 10252 86730
10252 18743 86730
6307 4486 43210
4486 6307 43210
43210 4486 6307
14109 35771 129610
129610 14109 35771
35771 14109 129610
99801 56944 61435
61435 56944 99801
56944 61435 99801
92507 6637 20220
20220 6637 92507
6637 20220 92507
37803 32098 134824
32098 37803 134824
134824 32098 37803
9263 10196 49389
49389 9263 10196
10196 9263 49389
90907 64448 130173
130173 64448 90907
64448 90907 130173
113859 15962 94585
15962 94585 113859
94585 15962 113859
134625 100804 124098
124098 100804 134625
100804 124098 134625
121087 112819 134212
134212 112819 121087
112819 121087 134212
107309 27324 104872
104872 27324 107309
27324 104872 107309
83140 97789 149645
97789 83140 149645
149645 83140 97789
148266 41606 71403
41606 71403 148266
71403 41606 148266
144089 17567 110048
110048 17567 144089
17567 110048 144089
17177 6520 23837
6520 17177 23837
23837 6520 17177
122229 112001 121424
121424 112001 122229
112001 121424 122229
58067 89221 115591
115591 58067 89221
89221 58067 115591
96519 34967 125951
125951 34967 96519
34967 96519 125951
107256 12406 57860
12406 57860 107256
57860 12406 107256
7498 120371 145744
120371 7498 145744
145744 7498 120371
147574 24334 38094
24334 38094 147574
38094 24334 147574
78555 74854 86876
86876 74854 78555
74854 78555 86876
146991 97667 129039
97667 129039 146991
129039 97667 146991
50874 69858 94219
69858 50874 94219
94219 50874 69858
34231 65765 109019
65765 34231 109019
109019 34231 65765
19047 10380 147933
10380 19047 147933
147933 10380 19047
31180 76865 78220
76865 31180 78220
78220 31180 76865
113892 39378 111071
111071 39378 113892
39378 111071 113892
409 14072 144964
144964 409 14072
14072 409 144964
17228 135331 149793
135331 17228 149793
149793 17228 135331
102016 1007 49098
49098 1007 102016
1007 49098 102016
77627 131187 131875
131875 77627 131187
131187 77627 131875
1500 3890 78144
78144 1500 3890
3890 1500 78144
37324 8717 123470
123470 8717 37324
8717 37324 123470
21796 27707 106170
27707 21796 106170
106170 21796 27707
47755 11954 97848
97848 11954 47755
11954 47755 97848
120364 23180 84673
23180 84673 120364
84673 23180 120364
20612 45323 47545
45323 20612 47545
47545 20612 45323
117483 20582 82764
82764 20582 117483
20582 82764 117483
4631 85839 122714
122714 4631 85839
85839 4631 122714
92918 135448 138097
138097 92918 135448
135448 92918 138097
79759 5072 33388
33388 5072 79759
5072 33388 79759
101103 72770 102601
102601 72770 101103
72770 101103 102601
7009 78876 85344
85344 7009 78876
78876 7009 85344
60660 49878 92303
92303 49878 60660
49878 60660 92303
15334 44249 148428
148428 15334 44249
44249 15334 148428
72594 83252 99440
83252 72594 99440
99440 72594 83252
147120 5615 17259
5615 17259 147120
17259 5615 147120
58010 9125 33550
33550 9125 58010
9125 33550 58010
17655 39105 101646
101646 17655 39105
39105 17655 101646
113432 15072 90685
90685 15072 113432
15072 90685 113432
148272 17897 104284
17897 104284 148272
104284 17897 148272
119299 117813 143412
143412 117813 119299
117813 119299 143412
116522 91043 136924
136924 91043 116522
91043 116522 136924
114445 66365 113546
66365 113546 114445
113546 66365 114445
113767 108520 109930
108520 109930 113767
109930 108520 113767
145760 7223 72981
7223 72981 145760
72981 7223 145760
103541 12128 128460
128460 12128 103541
12128 103541 128460
33487 9419 133087
9419 33487 133087
133087 9419 33487
113465 5881 125521
5881 113465 125521
125521 5881 113465
96991 11324 142913
11324 96991 142913
142913 11324 96991
111315 105883 148155
105883 111315 148155
148155 105883 111315
63928 63554 95705
95705 63554 63928
63554 63928 95705
74914 10418 140695
140695 10418 74914
10418 74914 140695
3050 68361 98290
68361 3050 98290
98290 3050 68361
85153 4345 15910
4345 15910 85153
15910 4345 85153
119173 65850 109057
65850 109057 119173
109057 65850 119173
124059 4344 23099
23099 4344 124059
4344 23099 124059
72580 67324 147666
147666 67324 72580
67324 72580 147666
31663 46277 81090
46277 31663 81090
81090 31663 46277
106449 48283 124742
48283 106449 124742
124742 48283 106449
7460 119154 147810
119154 7460 147810
147810 7460 119154
117503 8012 87776
87776 8012 117503
8012 87776 117503
136120 49010 106056
49010 106056 136120
106056 49010 136120
24363 92130 97103
92130 24363 97103
97103 24363 92130
9963 38900 52339
52339 9963 38900
38900 9963 52339
120318 39281 136657
39281 120318 136657
136657 39281 120318
30932 88222 128069
128069 30932 88222
88222 30932 128069
12813 48510 85478
85478 12813 48510
48510 12813 85478
143182 65679 67323
67323 65679 143182
65679 67323 143182
126363 16239 120034
16239 120034 126363
120034 16239 126363
129576 48807 137979
137979 48807 129576
48807 129576 137979
148984 64479 68678
68678 64479 148984
64479 68678 148984
38626 41103 73845
41103 38626 73845
73845 38626 41103
138478 59303 107622
59303 107622 138478
107622 59303 138478
51102 80390 136269
80390 51102 136269
136269 51102 80390
24021 14981 50630
50630 14981 24021
14981 24021 50630
14062 54268 79475
54268 14062 79475
79475 14062 54268
62576 120873 129641
129641 62576 120873
120873 62576 129641
35887 65216 148532
148532 35887 65216
65216 35887 148532
123918 14318 113457
14318 113457 123918
113457 14318 123918
10189 105640 121980
105640 10189 121980
121980 10189 105640
87108 109918 130454
130454 87108 109918
109918 87108 130454
137913 121493 144180
144180 121493 137913
121493 137913 144180
52302 86721 119907
86721 52302 119907
119907 52302 86721
3076 38147 124370
38147 3076 124370
124370 3076 38147
90007 26629 107765
26629 90007 107765
107765 26629 90007
42608 19164 32296
32296 19164 42608
19164 32296 42608
125423 55186 126130
55186 125423 126130
126130 55186 125423
79950 8428 74265
8428 74265 79950
74265 8428 79950
12484 76476 109064
76476 12484 109064
109064 12484 76476
120301 26930 144925
144925 26930 120301
26930 120301 144925
148400 76524 82516
82516 76524 148400
76524 82516 148400
136491 10163 96231
96231 10163 136491
10163 96231 136491
15143 8706 16229
16229 8706 15143
8706 15143 16229
149465 39401 52635
39401 52635 149465
52635 39401 149465
499 28971 127716
28971 499 127716
127716 499 28971
60903 122720 141776
141776 60903 122720
122720 60903 141776
143456 35795 135246
135246 35795 143456
35795 135246 143456
128689 57559 74416
74416 57559 128689
57559 74416 128689
3742 138171 139784
139784 3742 138171
138171 3742 139784
16564 129018 144256
129018 16564 144256
144256 16564 129018
65865 108905 132793
132793 65865 108905
108905 65865 132793
78265 15351 38381
38381 15351 78265
15351 38381 78265
123873 9075 22510
9075 22510 123873
22510 9075 123873
57214 37027 149590
37027 57214 149590
149590 37027 57214
1557 112099 132010
132010 1557 112099
112099 1557 132010
55515 26940 112731
26940 55515 112731
112731 26940 55515
67464 40432 81365
81365 40432 67464
40432 67464 81365
39634 65053 139053
139053 39634 65053
65053 39634 139053
139550 61903 131599
61903 131599 139550
131599 61903 139550
31833 16142 60777
60777 16142 31833
16142 31833 60777
61823 19406 91568
19406 61823 91568
91568 19406 61823
7239 92004 94785
94785 7239 92004
92004 7239 94785
144520 46306 77320
46306 77320 144520
77320 46306 144520
20414 90305 146829
146829 20414 90305
90305 20414 146829
69885 49378 132686
49378 69885 132686
132686 49378 69885
96469 7917 35721
7917 35721 96469
35721 7917 96469
76751 34090 120350
120350 34090 76751
34090 76751 120350
44059 18203 94767
18203 44059 94767
94767 18203 44059
18970 77480 104341
104341 18970 77480
77480 18970 104341
61572 42414 52394
52394 42414 61572
42414 52394 61572
108221 29501 66740
66740 29501 108221
29501 66740 108221
37380 15423 143175
143175 15423 37380
15423 37380 143175
80413 56612 136148
56612 80413 136148
136148 56612 80413
92549 68095 71615
68095 71615 92549
71615 68095 92549
82924 33915 123544
33915 82924 123544
123544 33915 82924
30888 61020 97840
61020 30888 97840
97840 30888 61020
84363 34990 82897
82897 34990 84363
34990 82897 84363
111553 12226 28436
28436 12226 111553
12226 28436 111553
121707 38666 41900
38666 41900 121707
41900 38666 121707
98956 94965 122390
94965 98956 122390
122390 94965 98956
104487 59581 140424
59581 104487 140424
140424 59581 104487
67205 2052 61357
2052 61357 67205
61357 2052 67205
65196 60808 68874
68874 60808 65196
60808 65196 68874
15997 16294 78807
16294 15997 78807
78807 15997 16294
83269 22377 92895
92895 22377 83269
22377 83269 92895
139425 51308 124187
51308 124187 139425
124187 51308 139425
123433 4423 86608
4423 86608 123433
86608 4423 123433
59835 38258 49274
49274 38258 59835
38258 49274 59835
120875 27573 76678
27573 76678 120875
76678 27573 120875
32222 138089 141225
138089 32222 141225
141225 32222 138089
72331 138554 144705
144705 72331 138554
138554 72331 144705
19618 3295 129120
129120 3295 19618
3295 19618 129120
23413 30442 66971
66971 23413 30442
30442 23413 66971
44192 33775 101000
33775 44192 101000
101000 33775 44192
65268 23243 108727
108727 23243 65268
23243 65268 108727
73874 50311 97759
97759 50311 73874
50311 73874 97759
70247 30710 92422
30710 70247 92422
92422 30710 70247
122547 69609 141810
141810 69609 122547
69609 122547 141810
91147 127 34889
34889 127 91147
127 34889 91147
38694 6581 16257
6581 16257 38694
16257 6581 38694
45857 27291 27736
27291 27736 45857
27736 27291 45857
118972 131618 137984
131618 118972 137984
137984 118972 131618
142691 12187 108570
12187 108570 142691
108570 12187 142691
18478 29012 148484
148484 18478 29012
29012 18478 148484
58662 106214 124859
106214 58662 124859
124859 58662 106214
8354 36964 70826
36964 8354 70826
70826 8354 36964
94429 2817 67102
67102 2817 94429
2817 67102 94429
133313 18599 103162
103162 18599 133313
18599 103162 133313
61880 1567 132996
1567 61880 132996
132996 1567 61880
19267 9338 29509
29509 9338 19267
9338 19267 29509
72233 91395 127015
127015 72233 91395
91395 72233 127015
9627 57220 113028
113028 9627 57220
57220 9627 113028
31940 98682 109926
109926 31940 98682
98682 31940 109926
71283 4079 117409
117409 4079 71283
4079 71283 117409
127095 32146 100678
32146 100678 127095
100678 32146 127095
116775 18176 138179
138179 18176 116775
18176 116775 138179
973 75163 87390
75163 973 87390
87390 973 75163
47366 32101 59214
59214 32101 47366
32101 47366 59214
123060 43006 91682
91682 43006 123060
43006 91682 123060
108270 27209 126635
27209 108270 126635
126635 27209 108270
135755 67831 69371
69371 67831 135755
67831 69371 135755
26445 65258 106607
65258 26445 106607
106607 26445 65258
117712 68385 69846
69846 68385 117712
68385 69846 117712
52971 47144 64633
64633 47144 52971
47144 52971 64633
109659 107693 138099
138099 107693 109659
107693 109659 138099
10846 11342 68020
68020 10846 11342
11342 10846 68020
88944 115233 135205
135205 88944 115233
115233 88944 135205
31277 118924 127085
127085 31277 118924
118924 31277 127085
40164 29557 147162
29557 40164 147162
147162 29557 40164
124845 43738 79278
43738 79278 124845
79278 43738 124845
134657 108367 120277
120277 108367 134657
108367 120277 134657
78186 93200 93932
93932 78186 93200
93200 78186 93932
70996 140752 143224
140752 70996 143224
143224 70996 140752
3134 101393 102794
101393 3134 102794
102794 3134 101393
86582 51195 87589
87589 51195 86582
51195 86582 87589
102486 41372 144809
144809 41372 102486
41372 102486 144809
1697 19887 92225
19887 1697 92225
92225 1697 19887
12346 37556 122492
37556 12346 122492
122492 12346 37556
74093 74532 114678
74532 74093 114678
114678 74093 74532
149629 43902 108683
108683 43902 149629
43902 108683 149629
130040 13627 79882
79882 13627 130040
13627 79882 130040
52045 39330 102900
39330 52045 102900
102900 39330 52045
30967 30282 53403
30282 30967 53403
53403 30282 30967
81198 23949 116367
116367 23949 81198
23949 81198 116367
72227 102440 107134
102440 72227 107134
107134 72227 102440
62502 51111 114198
51111 62502 114198
114198 51111 62502
119177 89343 145838
145838 89343 119177
89343 119177 145838
121261 20176 53683
53683 20176 121261
20176 53683 121261
144741 619 31282
31282 619 144741
619 31282 144741
26060 31164 31904
31904 26060 31164
31164 26060 31904
98372 93484 134004
93484 98372 134004
134004 93484 98372
54943 75137 119687
75137 54943 119687
119687 54943 75137
56074 27105 99768
27105 56074 99768
99768 27105 56074
19028 100139 126679
126679 19028 100139
100139 19028 126679
125174 8964 21468
8964 21468 125174
21468 8964 125174
14099 19083 21226
21226 14099 19083
19083 14099 21226
57519 27864 137195
27864 57519 137195
137195 27864 57519
31578 32966 148290
148290 31578 32966
32966 31578 148290
132294 82125 108769
82125 108769 132294
108769 82125 132294
126669 38712 111018
111018 38712 126669
38712 111018 126669
140484 43900 134936
43900 134936 140484
134936 43900 140484
48728 43991 117400
117400 43991 48728
43991 48728 117400
137801 61625 89313
61625 89313 137801
89313 61625 137801
57142 20449 133809
20449 57142 133809
133809 20449 57142
108971 119094 121162
121162 108971 119094
119094 108971 121162
68861 66535 120524
120524 66535 68861
66535 68861 120524
113887 70077 120328
120328 70077 113887
70077 113887 120328
77665 74007 147092
147092 74007 77665
74007 77665 147092
73011 64278 137624
137624 64278 73011
64278 73011 137624
5098 118922 137429
118922 5098 137429
137429 5098 118922
104881 88536 127486
88536 104881 127486
127486 88536 104881
66385 18050 103598
18050 66385 103598
103598 18050 66385
111573 116819 122105
116819 111573 122105
122105 111573 116819
131854 13181 53892
13181 53892 131854
53892 13181 131854
33806 107737 141616
141616 33806 107737
107737 33806 141616
82056 51796 113866
51796 82056 113866
113866 51796 82056
116658 100143 138492
138492 100143 116658
100143 116658 138492
101407 109987 147844
147844 101407 109987
109987 101407 147844
102156 34467 78599
78599 34467 102156
34467 78599 102156
101681 20666 75802
20666 75802 101681
75802 20666 101681
70783 80423 80680
80423 70783 80680
80680 70783 80423
42814 104097 113803
104097 42814 113803
113803 42814 104097
43619 99466 137137
137137 43619 99466
99466 43619 137137
107115 23904 26140
23904 26140 107115
26140 23904 107115
127394 35124 139469
35124 127394 139469
139469 35124 127394
109378 10121 18169
18169 10121 109378
10121 18169 109378
107138 98281 147468
98281 107138 147468
147468 98281 107138
77682 27023 70472
70472 27023 77682
27023 70472 77682
130301 32293 33183
32293 33183 130301
33183 32293 130301
6155 105634 121178
105634 6155 121178
121178 6155 105634
118820 36048 105169
36048 105169 118820
105169 36048 118820
4136 11318 116580
11318 4136 116580
116580 4136 11318
69796 63527 145743
145743 63527 69796
63527 69796 145743
87754 40865 73725
73725 40865 87754
40865 73725 87754
22500 8980 69444
8980 22500 69444
69444 8980 22500
24433 95893 120127
120127 24433 95893
95893 24433 120127
140639 60327 69754
69754 60327 140639
60327 69754 140639
77200 76443 118097
118097 76443 77200
76443 77200 118097
20727 5862 115938
5862 20727 115938
115938 5862 20727
145178 63327 103885
63327 103885 145178
103885 63327 145178
71359 111925 143784
111925 71359 143784
143784 71359 111925
18240 59815 80484
80484 18240 59815
59815 18240 80484
24882 54478 60138
60138 24882 54478
54478 24882 60138
59758 59784 102687
59784 59758 102687
102687 59758 59784
42311 51616 127373
127373 42311 51616
51616 42311 127373
86539 80671 134522
80671 86539 134522
134522 80671 86539
34415 25456 93817
93817 25456 34415
25456 34415 93817
133793 42113 106858
106858 42113 133793
42113 106858 133793
94569 43611 120430
43611 94569 120430
120430 43611 94569
6807 29459 99552
99552 6807 29459
29459 6807 99552
62751 25771 30033
30033 25771 62751
25771 30033 62751
29302 79047 79752
79047 29302 79752
79752 29302 79047
52364 4085 130328
4085 52364 130328
130328 4085 52364
137191 72810 137236
72810 137191 137236
137236 72810 137191
118423 10378 18231
10378 18231 118423
18231 10378 118423
90359 32955 84207
32955 84207 90359
84207 32955 90359
99973 97563 109651
97563 99973 109651
109651 97563 99973
148416 61306 96802
96802 61306 148416
61306 96802 148416
34271 4495 104777
104777 4495 34271
4495 34271 104777
26711 98503 118771
118771 26711 98503
98503 26711 118771
127857 78028 84888
84888 78028 127857
78028 84888 127857
98069 101140 125988
101140 98069 125988
125988 98069 101140
124254 1271 134693
1271 124254 134693
134693 1271 124254
139617 25293 89696
89696 25293 139617
25293 89696 139617
103532 13924 28980
13924 28980 103532
28980 13924 103532
36197 64580 109212
109212 36197 64580
64580 36197 109212
128540 38494 146423
146423 38494 128540
38494 128540 146423
148882 27356 50390
27356 50390 148882
50390 27356 148882
6300 95819 103283
103283 6300 95819
95819 6300 103283
146498 11111 64491
11111 64491 146498
64491 11111 146498
2172 76632 146702
76632 2172 146702
146702 2172 76632
119253 28613 126080
28613 119253 126080
126080 28613 119253
56427 69185 90842
69185 56427 90842
90842 56427 69185
25106 108738 131949
131949 25106 108738
108738 25106 131949
133501 45532 101025
101025 45532 133501
45532 101025 133501
18436 44039 96743
96743 18436 44039
44039 18436 96743
144850 47638 99461
47638 99461 144850
99461 47638 144850
31003 17020 31004
17020 31003 31004
31004 17020 31003
29569 48682 78300
78300 29569 48682
48682 29569 78300
8895 23404 33270
33270 8895 23404
23404 8895 33270
127602 74683 134267
134267 74683 127602
74683 127602 134267
24639 127381 137692
127381 24639 137692
137692 24639 127381
76921 15581 94782
94782 15581 76921
15581 76921 94782
39895 93739 105279
93739 39895 105279
105279 39895 93739
141003 9901 86448
9901 86448 141003
86448 9901 141003
101145 6714 103104
6714 101145 103104
103104 6714 101145
95783 63461 137543
137543 63461 95783
63461 95783 137543
44029 13123 36593
36593 13123 44029
13123 36593 44029
44709 66846 140657
66846 44709 140657
140657 44709 66846
10718 105315 118615
118615 10718 105315
105315 10718 118615
145681 110208 111757
110208 111757 145681
111757 110208 145681
15552 26265 92648
92648 15552 26265
26265 15552 92648
127528 66925 109820
109820 66925 127528
66925 109820 127528
65290 82912 99597
82912 65290 99597
99597 65290 82912
103703 30863 40697
40697 30863 103703
30863 40697 103703
41717 89203 90451
90451 41717 89203
89203 41717 90451
34297 24247 93269
93269 24247 34297
24247 34297 93269
19767 35620 57538
35620 19767 57538
57538 19767 35620
8130 50908 113936
50908 8130 113936
113936 8130 50908
79741 18668 93192
93192 18668 79741
18668 79741 93192
113453 56718 128038
56718 113453 128038
128038 56718 113453
126546 90274 143171
143171 90274 126546
90274 126546 143171
85097 23170 107106
23170 85097 107106
107106 23170 85097
78244 24554 72721
24554 72721 78244
72721 24554 78244
11504 11669 21305
21305 11504 11669
11669 11504 21305
70225 101100 105105
101100 70225 105105
105105 70225 101100
20934 42393 58807
58807 20934 42393
42393 20934 58807
63929 5972 9244
9244 5972 63929
5972 9244 63929
73554 34843 55980
55980 34843 73554
34843 55980 73554
71241 1240 134122
1240 71241 134122
134122 1240 71241
72534 127146 130727
127146 72534 130727
130727 72534 127146
104165 50137 145886
145886 50137 104165
50137 104165 145886
68951 14401 44831
14401 44831 68951
44831 14401 68951
93085 63682 121860
63682 93085 121860
121860 63682 93085
91807 123210 124981
124981 91807 123210
123210 91807 124981
102231 48383 91277
48383 91277 102231
91277 48383 102231
59101 37159 103274
37159 59101 103274
103274 37159 59101
105373 84572 108402
84572 105373 108402
108402 84572 105373
136687 11700 40140
11700 40140 136687
40140 11700 136687
110165 4949 130631
4949 110165 130631
130631 4949 110165
100933 64570 97775
64570 97775 100933
97775 64570 100933
13966 65021 132091
65021 13966 132091
132091 13966 65021
115136 109087 144153
144153 109087 115136
109087 115136 144153
84492 81069 110180
110180 81069 84492
81069 84492 110180
25280 59417 146841
146841 25280 59417
59417 25280 146841
16188 127622 141686
141686 16188 127622
127622 16188 141686
105187 17714 115988
115988 17714 105187
17714 105187 115988
30775 69768 134853
69768 30775 134853
134853 30775 69768
77232 32384 141928
32384 77232 141928
141928 32384 77232
84586 7994 56042
7994 56042 84586
56042 7994 84586
69951 85543 142660
142660 69951 85543
85543 69951 142660
93016 75553 78189
78189 75553 93016
75553 78189 93016
68645 1600 145245
1600 68645 145245
145245 1600 68645
65130 36103 82556
36103 65130 82556
82556 36103 65130
96625 76953 125490
76953 96625 125490
125490 76953 96625
22423 78069 110706
78069 22423 110706
110706 22423 78069
138663 16558 84415
84415 16558 138663
16558 84415 138663
25585 60553 100231
100231 25585 60553
60553 25585 100231
107885 48074 136171
136171 48074 107885
48074 107885 136171
114943 55148 122890
55148 114943 122890
122890 55148 114943
122152 19100 59832
19100 59832 122152
59832 19100 122152
45387 1521 121923
1521 45387 121923
121923 1521 45387
19781 127013 131533
127013 19781 131533
131533 19781 127013
117005 98015 101813
98015 101813 117005
101813 98015 117005
148946 27868 118952
27868 118952 148946
118952 27868 148946
127858 3602 90956
90956 3602 127858
3602 90956 127858
22972 27879 78455
78455 22972 27879
27879 22972 78455
104810 20354 119418
20354 104810 119418
119418 20354 104810
12990 35221 76239
76239 12990 35221
35221 12990 76239
16317 69035 149712
69035 16317 149712
149712 16317 69035
8367 52488 120580
52488 8367 120580
120580 8367 52488
19545 107569 117054
107569 19545 117054
117054 19545 107569
58725 35236 87324
35236 58725 87324
87324 35236 58725
49840 40161 70466
70466 40161 49840
40161 49840 70466
27475 51040 69790
69790 27475 51040
51040 27475 69790
124471 13597 54130
13597 54130 124471
54130 13597 124471
62605 45803 71722
45803 62605 71722
71722 45803 62605
42371 56371 63666
56371 42371 63666
63666 42371 56371
22735 43302 58300
58300 22735 43302
43302 22735 58300
105571 7144 10872
7144 10872 105571
10872 7144 105571
140025 121353 136277
136277 121353 140025
121353 136277 140025
51062 61008 66096
61008 51062 66096
66096 51062 61008
38297 34146 59421
34146 38297 59421
59421 34146 38297
32969 2318 76163
2318 32969 76163
76163 2318 32969
80037 24328 83424
24328 80037 83424
83424 24328 80037
84227 107465 111636
111636 84227 107465
107465 84227 111636
39462 37503 39752
37503 39462 39752
39752 37503 39462
56790 22128 69531
22128 56790 69531
69531 22128 56790
6355 77466 126333
126333 6355 77466
77466 6355 126333
98646 1801 121282
121282 1801 98646
1801 98646 121282
45413 2347 35593
35593 2347 45413
2347 35593 45413
94442 127888 134973
127888 94442 134973
134973 94442 127888
14278 124297 124387
124297 14278 124387
124387 14278 124297
63165 16481 80208
80208 16481 63165
16481 63165 80208
98229 77619 110717
77619 98229 110717
110717 77619 98229
87197 588 148693
148693 588 87197
588 87197 148693
129166 14054 145867
145867 14054 129166
14054 129166 145867
87916 25015 63124
25015 63124 87916
63124 25015 87916
61071 36703 143702
143702 36703 61071
36703 61071 143702
94999 25640 70120
70120 25640 94999
25640 70120 94999
133825 54346 85832
85832 54346 133825
54346 85832 133825
85483 81601 85075
81601 85075 85483
85075 81601 85483
147491 38598 59640
59640 38598 147491
38598 59640 147491
109675 125263 146102
125263 109675 146102
146102 109675 125263
112115 31490 111954
31490 111954 112115
111954 31490 112115
3339 1540 72500
72500 1540 3339
1540 3339 72500
53015 19023 60365
60365 19023 53015
19023 53015 60365
139394 470 111756
470 111756 139394
111756 470 139394
28281 22382 97455
22382 28281 97455
97455 22382 28281
101712 63467 102206
63467 101712 102206
102206 63467 101712
5497 56745 80470
56745 5497 80470
80470 5497 56745
146766 23709 70864
70864 23709 146766
23709 70864 146766
33389 9913 97725
9913 33389 97725
97725 9913 33389
61102 19009 89607
19009 61102 89607
89607 19009 61102
102573 77406 115925
115925 77406 102573
77406 102573 115925
99220 2102 56253
56253 2102 99220
2102 56253 99220
99968 38230 42556
42556 38230 99968
38230 42556 99968
92840 42461 149123
42461 92840 149123
149123 42461 92840
10906 68204 84116
84116 10906 68204
68204 10906 84116
77829 3674 59502
3674 59502 77829
59502 3674 77829
14321 107101 131308
131308 14321 107101
107101 14321 131308
60771 97514 119279
119279 60771 97514
97514 60771 119279
6888 2488 85316
85316 2488 6888
2488 6888 85316
62123 19689 58173
58173 19689 62123
19689 58173 62123
98888 46810 119149
119149 46810 98888
46810 98888 119149
138937 100914 114287
114287 100914 138937
100914 114287 138937
73047 19771 59367
19771 59367 73047
59367 19771 73047
8229 64303 89756
64303 8229 89756
89756 8229 64303
41816 52076 131511
52076 41816 131511
131511 41816 52076
33144 117680 130952
117680 33144 130952
130952 33144 117680
7383 32850 70136
70136 7383 32850
32850 7383 70136
48940 30003 118828
30003 48940 118828
118828 30003 48940
14915 26561 114680
26561 14915 114680
114680 14915 26561
29235 92796 135997
92796 29235 135997
135997 29235 92796
106964 121445 137309
121445 106964 137309
137309 106964 121445
4567 105022 142242
142242 4567 105022
105022 4567 142242
122759 13204 66185
66185 13204 122759
13204 66185 122759
64887 132526 136984
136984 64887 132526
132526 64887 136984
100309 8647 116250
8647 100309 116250
116250 8647 100309
133907 84574 104067
84574 104067 133907
104067 84574 133907
126900 12301 55146
55146 12301 126900
12301 55146 126900
95952 46513 104699
104699 46513 95952
46513 95952 104699
33664 353 68215
68215 353 33664
353 33664 68215
53086 12076 127016
127016 12076 53086
12076 53086 127016
73326 85632 93763
85632 73326 93763
93763 73326 85632
86734 59665 75193
75193 59665 86734
59665 75193 86734
127775 32927 97408
97408 32927 127775
32927 97408 127775
57083 79785 107781
79785 57083 107781
107781 57083 79785
36644 80411 105200
105200 36644 80411
80411 36644 105200
78862 85780 147013
147013 78862 85780
85780 78862 147013
20253 12349 73366
73366 12349 20253
12349 20253 73366
91013 45679 119358
119358 45679 91013
45679 91013 119358
149270 48888 69116
48888 69116 149270
69116 48888 149270
106177 45011 55106
55106 45011 106177
45011 55106 106177
94139 39950 130200
39950 94139 130200
130200 39950 94139
16472 29663 142800
29663 16472 142800
142800 16472 29663
55521 70094 106242
106242 55521 70094
70094 55521 106242
92037 91780 140074
140074 91780 92037
91780 92037 140074
67632 38729 106461
106461 38729 67632
38729 67632 106461
112127 106127 146100
106127 112127 146100
146100 106127 112127
130190 6771 86995
6771 86995 130190
86995 6771 130190
139940 69219 72621
72621 69219 139940
69219 72621 139940
121168 30043 54779
30043 54779 121168
54779 30043 121168
60995 127817 145320
145320 60995 127817
127817 60995 145320
28903 6780 112712
6780 28903 112712
112712 6780 28903
55586 141363 147489
147489 55586 141363
141363 55586 147489
55433 92910 138247
