98124 1830 75232
75232 1830 98124
1830 75232 98124
126596 91510 128498
91510 126596 128498
128498 91510 126596
10107 122526 145617
145617 10107 122526
122526 10107 145617
139194 56213 95566
56213 95566 139194
95566 56213 139194
76705 36160 133841
36160 76705 133841
133841 36160 76705
22422 6850 114736
114736 6850 22422
6850 22422 114736
82671 21087 68688
21087 68688 82671
68688 21087 82671
24027 24750 119575
24750 24027 119575
119575 24027 24750
58893 25682 82037
82037 25682 58893
25682 58893 82037
109446 83764 87993
87993 83764 109446
83764 87993 109446
98676 120734 142524
142524 98676 120734
120734 98676 142524
63542 23405 76452
76452 23405 63542
23405 63542 76452
139122 29395 43606
43606 29395 139122
29395 43606 139122
140505 31981 77135
31981 77135 140505
77135 31981 140505
69089 20749 143070
20749 69089 143070
143070 20749 69089
72307 115434 147197
115434 72307 147197
147197 72307 115434
132941 26572 61834
61834 26572 132941
26572 61834 132941
47756 52200 65150
52200 47756 65150
65150 47756 52200
42195 58028 101295
58028 42195 101295
101295 42195 58028
133849 26323 116139
26323 116139 133849
116139 26323 133849
23695 22449 135911
135911 22449 23695
22449 23695 135911
146777 16506 110462
16506 110462 146777
110462 16506 146777
64230 80969 89737
89737 64230 80969
80969 64230 89737
37222 54471 95451
95451 37222 54471
54471 37222 95451
129187 83015 113484
113484 83015 129187
83015 113484 129187
54520 105892 128401
128401 54520 105892
105892 54520 128401
111405 25634 55748
55748 25634 111405
25634 55748 111405
121649 6106 38388
38388 6106 121649
6106 38388 121649
6835 49174 97420
49174 6835 97420
97420 6835 49174
48211 93736 105489
105489 48211 93736
93736 48211 105489
65542 2530 51871
51871 2530 65542
2530 51871 65542
146318 101304 148809
148809 101304 146318
101304 146318 148809
16983 72545 106010
72545 16983 106010
106010 16983 72545
133286 73426 91808
91808 73426 133286
73426 91808 133286
89436 45466 97568
97568 45466 89436
45466 89436 97568
87847 29842 84388
29842 84388 87847
84388 29842 87847
143894 55395 118745
55395 118745 143894
118745 55395 143894
104941 19125 132066
19125 104941 132066
132066 19125 104941
124923 46814 47055
47055 46814 124923
46814 47055 124923
139370 23400 111233
111233 23400 139370
23400 111233 139370
10056 106767 110017
106767 10056 110017
110017 10056 106767
1823 139550 140836
140836 1823 139550
139550 1823 140836
29733 23154 45162
45162 23154 29733
23154 29733 45162
121346 19669 63961
63961 19669 121346
19669 63961 121346
74281 2042 82345
82345 2042 74281
2042 74281 82345
149472 93078 149083
93078 149083 149472
149083 93078 149472
58167 32167 99581
32167 58167 99581
99581 32167 58167
545 113777 121244
113777 545 121244
121244 545 113777
65877 87064 116091
87064 65877 116091
116091 65877 87064
94694 4175 81323
4175 81323 94694
81323 4175 94694
45895 85992 128378
128378 45895 85992
85992 45895 128378
11868 1597 87786
87786 1597 11868
1597 11868 87786
145622 32651 38662
32651 38662 145622
38662 32651 145622
45604 35362 101296
101296 35362 45604
35362 45604 101296
10780 10358 109701
109701 10358 10780
10358 10780 109701
132355 72574 142171
72574 132355 142171
142171 72574 132355
111027 35377 130131
130131 35377 111027
35377 111027 130131
115220 45233 131519
45233 115220 131519
131519 45233 115220
56408 24582 98885
98885 24582 56408
24582 56408 98885
31518 76075 121280
76075 31518 121280
121280 31518 76075
41928 55916 144307
55916 41928 144307
144307 41928 55916
49941 28909 115991
115991 28909 49941
28909 49941 115991
136149 1083 51680
51680 1083 136149
1083 51680 136149
142839 21815 32649
32649 21815 142839
21815 32649 142839
15678 51215 61209
51215 15678 61209
61209 15678 51215
110446 9555 16166
16166 9555 110446
9555 16166 110446
125571 28034 57040
57040 28034 125571
28034 57040 125571
29920 46396 116893
116893 29920 46396
46396 29920 116893
14258 1632 4258
4258 1632 14258
1632 4258 14258
61569 1021 141753
1021 61569 141753
141753 1021 61569
85582 35206 96456
35206 85582 96456
96456 35206 85582
149615 105209 112834
105209 112834 149615
112834 105209 149615
30465 5577 92361
5577 30465 92361
92361 5577 30465
142845 9621 25696
25696 9621 142845
9621 25696 142845
2715 10957 149381
149381 2715 10957
10957 2715 149381
15920 3499 21195
21195 3499 15920
3499 15920 21195
95858 49370 91850
91850 49370 95858
49370 91850 95858
94320 95034 118338
95034 94320 118338
118338 94320 95034
133727 40333 109118
40333 109118 133727
109118 40333 133727
70577 51213 92367
51213 70577 92367
92367 51213 70577
138802 17843 90601
90601 17843 138802
17843 90601 138802
26873 17951 74176
74176 17951 26873
17951 26873 74176
148253 44633 64291
44633 64291 148253
64291 44633 148253
112001 29835 51293
51293 29835 112001
29835 51293 112001
111211 51845 58371
51845 58371 111211
58371 51845 111211
105711 42985 92552
42985 92552 105711
92552 42985 105711
92810 24720 90783
24720 90783 92810
90783 24720 92810
34810 97472 112846
112846 34810 97472
97472 34810 112846
103050 28910 117037
28910 103050 117037
117037 28910 103050
127652 66109 136811
66109 127652 136811
136811 66109 127652
83046 55377 107232
107232 55377 83046
55377 83046 107232
14699 67338 89377
89377 14699 67338
67338 14699 89377
98527 9565 38207
38207 9565 98527
9565 38207 98527
74948 72873 119159
72873 74948 119159
119159 72873 74948
35102 79528 80940
79528 35102 80940
80940 35102 79528
137850 30621 52276
30621 52276 137850
52276 30621 137850
103482 93094 116951
93094 103482 116951
116951 93094 103482
121275 53146 133364
53146 121275 133364
133364 53146 121275
6801 92663 138655
138655 6801 92663
92663 6801 138655
53636 13204 110431
13204 53636 110431
110431 13204 53636
8369 130777 136635
130777 8369 136635
136635 8369 130777
78116 87932 91823
87932 78116 91823
91823 78116 87932
64094 53446 100772
100772 53446 64094
53446 64094 100772
86159 31341 52651
52651 31341 86159
31341 52651 86159
136523 42151 139111
139111 42151 136523
42151 136523 139111
46646 110268 115433
110268 46646 115433
115433 46646 110268
76189 119734 140259
119734 76189 140259
140259 76189 119734
10501 90235 124891
90235 10501 124891
124891 10501 90235
111947 15425 138334
138334 15425 111947
15425 111947 138334
98165 89126 133932
89126 98165 133932
133932 89126 98165
93506 122804 129098
122804 93506 129098
129098 93506 122804
13315 51662 90428
90428 13315 51662
51662 13315 90428
28061 19132 53020
19132 28061 53020
53020 19132 28061
42407 95187 123765
123765 42407 95187
95187 42407 123765
18915 24885 108170
24885 18915 108170
108170 18915 24885
22579 49303 119309
49303 22579 119309
119309 22579 49303
92085 35333 131949
35333 92085 131949
131949 35333 92085
3489 25616 67612
67612 3489 25616
25616 3489 67612
145384 36769 96422
36769 96422 145384
96422 36769 145384
107833 68318 97663
68318 97663 107833
97663 68318 107833
127352 2931 31179
2931 31179 127352
31179 2931 127352
54543 134831 140436
134831 54543 140436
140436 54543 134831
50046 53720 143719
143719 50046 53720
53720 50046 143719
63297 61839 80491
61839 63297 80491
80491 61839 63297
109538 105608 128201
128201 105608 109538
105608 109538 128201
17175 6767 117562
117562 6767 17175
6767 17175 117562
115154 40398 91706
40398 91706 115154
91706 40398 115154
76702 8245 76499
8245 76499 76702
76499 8245 76702
27845 325 51719
51719 325 27845
325 27845 51719
65400 97059 140772
97059 65400 140772
140772 65400 97059
79054 14521 112458
14521 79054 112458
112458 14521 79054
136847 82334 140138
140138 82334 136847
82334 136847 140138
75851 64524 135635
64524 75851 135635
135635 64524 75851
48781 17559 138791
17559 48781 138791
138791 17559 48781
57261 21260 67185
21260 57261 67185
67185 21260 57261
54783 66705 107698
107698 54783 66705
66705 54783 107698
24360 44452 93846
44452 24360 93846
93846 24360 44452
23326 40525 106927
40525 23326 106927
106927 23326 40525
122409 119501 137782
137782 119501 122409
119501 122409 137782
146660 9065 53001
53001 9065 146660
9065 53001 146660
109346 15154 61269
61269 15154 109346
15154 61269 109346
10880 18886 136435
136435 10880 18886
18886 10880 136435
59169 73395 107486
73395 59169 107486
107486 59169 73395
132187 42364 44278
42364 44278 132187
44278 42364 132187
14713 83761 86755
83761 14713 86755
86755 14713 83761
14659 63858 91501
63858 14659 91501
91501 14659 63858
55402 32002 76260
76260 32002 55402
32002 55402 76260
32956 54812 99755
99755 32956 54812
54812 32956 99755
112154 16385 103175
103175 16385 112154
16385 103175 112154
132327 89686 102075
89686 102075 132327
102075 89686 132327
111848 17536 131244
131244 17536 111848
17536 111848 131244
53525 59005 73386
73386 53525 59005
59005 53525 73386
119488 83601 107667
107667 83601 119488
83601 107667 119488
119174 74771 98236
74771 98236 119174
98236 74771 119174
74067 65962 74728
74728 65962 74067
65962 74067 74728
45799 22370 61573
61573 22370 45799
22370 45799 61573
46251 46324 82727
82727 46251 46324
46324 46251 82727
75277 35339 53208
35339 53208 75277
53208 35339 75277
46889 19164 98032
19164 46889 98032
98032 19164 46889
102339 21712 49065
49065 21712 102339
21712 49065 102339
102531 3467 81257
81257 3467 102531
3467 81257 102531
86989 100788 144701
144701 86989 100788
100788 86989 144701
131136 60759 75896
60759 75896 131136
75896 60759 131136
127130 38498 84750
84750 38498 127130
38498 84750 127130
2895 51225 119396
51225 2895 119396
119396 2895 51225
85548 20696 84684
20696 84684 85548
84684 20696 85548
125359 69286 126956
69286 125359 126956
126956 69286 125359
20653 31279 63371
63371 20653 31279
31279 20653 63371
36169 18472 82831
82831 18472 36169
18472 36169 82831
39193 95255 148866
148866 39193 95255
95255 39193 148866
106594 64585 71328
64585 71328 106594
71328 64585 106594
105087 15548 100110
15548 100110 105087
100110 15548 105087
24401 12622 74469
12622 24401 74469
74469 12622 24401
7183 136539 148561
148561 7183 136539
136539 7183 148561
34595 55256 78963
78963 34595 55256
55256 34595 78963
133445 4257 33136
4257 33136 133445
33136 4257 133445
141048 93821 126442
126442 93821 141048
93821 126442 141048
134057 59788 105424
105424 59788 134057
59788 105424 134057
123817 114213 129932
129932 114213 123817
114213 123817 129932
92102 7894 108118
108118 7894 92102
7894 92102 108118
124201 68291 76277
76277 68291 124201
68291 76277 124201
105393 21686 91420
91420 21686 105393
21686 91420 105393
110541 71581 109890
109890 71581 110541
71581 109890 110541
133226 135610 142174
135610 133226 142174
142174 133226 135610
90070 79994 96496
79994 90070 96496
96496 79994 90070
125024 71357 97813
97813 71357 125024
71357 97813 125024
117245 73853 107117
107117 73853 117245
73853 107117 117245
75005 4338 12964
4338 12964 75005
12964 4338 75005
16159 12870 129926
12870 16159 129926
129926 12870 16159
59066 28795 69214
69214 28795 59066
28795 59066 69214
135229 52494 149379
149379 52494 135229
52494 135229 149379
11871 5590 110959
5590 11871 110959
110959 5590 11871
80586 60400 98519
98519 60400 80586
60400 80586 98519
101355 87863 137098
137098 87863 101355
87863 101355 137098
4761 21781 147941
21781 4761 147941
147941 4761 21781
109162 24135 70575
70575 24135 109162
24135 70575 109162
88832 94196 110191
94196 88832 110191
110191 88832 94196
14859 85803 142676
142676 14859 85803
85803 14859 142676
47477 40306 65219
40306 47477 65219
65219 40306 47477
11628 41835 75177
41835 11628 75177
75177 11628 41835
51897 18887 20650
20650 18887 51897
18887 20650 51897
106140 2695 15579
2695 15579 106140
15579 2695 106140
70135 24021 25876
25876 24021 70135
24021 25876 70135
141536 18523 102071
18523 102071 141536
102071 18523 141536
26363 35911 54959
35911 26363 54959
54959 26363 35911
63913 63368 126392
126392 63368 63913
63368 63913 126392
26305 19702 36724
36724 19702 26305
19702 26305 36724
46629 104214 140388
104214 46629 140388
140388 46629 104214
77861 43152 149440
43152 77861 149440
149440 43152 77861
6307 30172 89891
89891 6307 30172
30172 6307 89891
34730 78485 109307
109307 34730 78485
78485 34730 109307
6342 8940 75384
8940 6342 75384
75384 6342 8940
82365 72210 76873
76873 72210 82365
72210 76873 82365
11251 14875 34210
14875 11251 34210
34210 11251 14875
121907 64118 84518
64118 84518 121907
84518 64118 121907
114430 86596 98559
98559 86596 114430
86596 98559 114430
81422 42678 66768
42678 66768 81422
66768 42678 81422
8007 45326 70024
70024 8007 45326
45326 8007 70024
147694 86003 91900
91900 86003 147694
86003 91900 147694
55454 47975 52355
47975 52355 55454
52355 47975 55454
135047 27081 43276
43276 27081 135047
27081 43276 135047
41340 43284 46671
43284 41340 46671
46671 41340 43284
84773 131289 136440
131289 84773 136440
136440 84773 131289
146377 20868 70554
70554 20868 146377
20868 70554 146377
96068 2517 149631
149631 2517 96068
2517 96068 149631
128349 2705 5009
5009 2705 128349
2705 5009 128349
82016 60430 90496
90496 60430 82016
60430 82016 90496
105278 25292 132734
132734 25292 105278
25292 105278 132734
135293 17870 89366
17870 89366 135293
89366 17870 135293
100004 89567 94580
89567 94580 100004
94580 89567 100004
75027 29161 70565
29161 70565 75027
70565 29161 75027
54904 117727 129478
117727 54904 129478
129478 54904 117727
37052 22684 146553
22684 37052 146553
146553 22684 37052
51206 13616 96351
13616 51206 96351
96351 13616 51206
3327 100693 110536
110536 3327 100693
100693 3327 110536
116336 3127 92789
3127 92789 116336
92789 3127 116336
74415 31643 72578
31643 72578 74415
72578 31643 74415
140295 130650 136709
136709 130650 140295
130650 136709 140295
72570 59596 139295
139295 59596 72570
59596 72570 139295
135154 7514 111567
7514 111567 135154
111567 7514 135154
83711 63942 127040
127040 63942 83711
63942 83711 127040
61418 38078 59435
38078 59435 61418
59435 38078 61418
136634 11177 30211
11177 30211 136634
30211 11177 136634
123345 56867 109838
56867 109838 123345
109838 56867 123345
48282 13225 78587
13225 48282 78587
78587 13225 48282
116108 50104 105819
105819 50104 116108
50104 105819 116108
97194 61955 102797
102797 61955 97194
61955 97194 102797
138257 5705 43331
43331 5705 138257
5705 43331 138257
108258 21510 78132
78132 21510 108258
21510 78132 108258
21506 10913 115175
115175 10913 21506
10913 21506 115175
135243 64038 129633
129633 64038 135243
64038 129633 135243
84005 122191 133748
133748 84005 122191
122191 84005 133748
144832 66872 139368
66872 139368 144832
139368 66872 144832
57093 55714 90042
90042 55714 57093
55714 57093 90042
41865 18327 134290
134290 18327 41865
18327 41865 134290
17127 28639 59232
59232 17127 28639
28639 17127 59232
20884 43232 102395
43232 20884 102395
102395 20884 43232
62588 41995 103634
41995 62588 103634
103634 41995 62588
35707 89542 139655
139655 35707 89542
89542 35707 139655
95804 69084 83436
69084 83436 95804
83436 69084 95804
57357 65299 121095
121095 57357 65299
65299 57357 121095
27437 82972 101974
101974 27437 82972
82972 27437 101974
90370 124294 147749
124294 90370 147749
147749 90370 124294
60531 37447 46313
46313 37447 60531
37447 46313 60531
39035 27355 97702
27355 39035 97702
97702 27355 39035
69193 63234 79603
63234 69193 79603
79603 63234 69193
50939 75917 120801
120801 50939 75917
75917 50939 120801
53473 17768 28352
28352 17768 53473
17768 28352 53473
35536 116109 120723
116109 35536 120723
120723 35536 116109
41809 18962 129133
129133 18962 41809
18962 41809 129133
75631 85297 114008
85297 75631 114008
114008 75631 85297
93537 40328 79057
79057 40328 93537
40328 79057 93537
49616 76609 119457
119457 49616 76609
76609 49616 119457
126692 86123 94833
94833 86123 126692
86123 94833 126692
83397 13238 53944
53944 13238 83397
13238 53944 83397
102376 37510 118820
118820 37510 102376
37510 102376 118820
53262 113232 127443
127443 53262 113232
113232 53262 127443
46395 6310 35667
35667 6310 46395
6310 35667 46395
90101 26599 52599
26599 52599 90101
52599 26599 90101
146883 108998 139057
139057 108998 146883
108998 139057 146883
147356 25299 126717
25299 126717 147356
126717 25299 147356
60326 71383 140002
140002 60326 71383
71383 60326 140002
91296 20116 78827
78827 20116 91296
20116 78827 91296
139253 48599 62766
48599 62766 139253
62766 48599 139253
36914 79855 129803
79855 36914 129803
129803 36914 79855
21974 16307 136447
16307 21974 136447
136447 16307 21974
143395 72612 147591
147591 72612 143395
72612 143395 147591
53810 50699 126163
50699 53810 126163
126163 50699 53810
76417 24107 84456
84456 24107 76417
24107 76417 84456
138187 47000 62208
62208 47000 138187
47000 62208 138187
102097 15753 116243
15753 102097 116243
116243 15753 102097
106888 38294 86729
86729 38294 106888
38294 86729 106888
77626 118919 137510
118919 77626 137510
137510 77626 118919
44058 81936 84168
81936 44058 84168
84168 44058 81936
129398 37587 85325
85325 37587 129398
37587 85325 129398
47018 89052 138711
89052 47018 138711
138711 47018 89052
113337 17766 132651
17766 113337 132651
132651 17766 113337
49373 44465 50679
50679 44465 49373
44465 49373 50679
31651 42848 72243
72243 31651 42848
42848 31651 72243
4193 10666 19852
10666 4193 19852
19852 4193 10666
63008 47559 110589
47559 63008 110589
110589 47559 63008
946 71131 130716
130716 946 71131
71131 946 130716
94768 85627 145496
85627 94768 145496
145496 85627 94768
147127 34704 117981
34704 117981 147127
117981 34704 147127
4288 57114 145481
145481 4288 57114
57114 4288 145481
87623 88357 119999
88357 87623 119999
119999 87623 88357
54784 95876 148378
148378 54784 95876
95876 54784 148378
11727 120486 135473
135473 11727 120486
120486 11727 135473
143796 27927 89875
89875 27927 143796
27927 89875 143796
141078 91735 147505
91735 141078 147505
147505 91735 141078
131506 86657 107179
107179 86657 131506
86657 107179 131506
31828 16037 122208
122208 16037 31828
16037 31828 122208
65810 61229 105096
105096 61229 65810
61229 65810 105096
9549 20795 67701
20795 9549 67701
67701 9549 20795
20802 27717 59408
27717 20802 59408
59408 20802 27717
67220 15616 131086
15616 67220 131086
131086 15616 67220
58564 29989 122488
29989 58564 122488
122488 29989 58564
60366 32768 97097
97097 32768 60366
32768 60366 97097
126622 53927 76500
76500 53927 126622
53927 76500 126622
144165 99365 106120
99365 106120 144165
106120 99365 144165
88174 45757 131078
45757 88174 131078
131078 45757 88174
89160 15568 65078
15568 65078 89160
65078 15568 89160
126433 1504 48319
1504 48319 126433
48319 1504 126433
94829 68710 69253
69253 68710 94829
68710 69253 94829
105527 31550 77114
31550 77114 105527
77114 31550 105527
105668 58853 80536
80536 58853 105668
58853 80536 105668
55070 27738 105636
27738 55070 105636
105636 27738 55070
59120 16930 93251
93251 16930 59120
16930 59120 93251
41328 65798 145319
145319 41328 65798
65798 41328 145319
5489 116479 120477
116479 5489 120477
120477 5489 116479
63070 54794 98606
54794 63070 98606
98606 54794 63070
65613 121643 145106
121643 65613 145106
145106 65613 121643
80128 21883 127107
127107 21883 80128
21883 80128 127107
54260 5030 145870
145870 5030 54260
5030 54260 145870
129375 19078 60976
60976 19078 129375
19078 60976 129375
129965 48227 134265
134265 48227 129965
48227 129965 134265
147357 7526 46756
46756 7526 147357
7526 46756 147357
10742 18748 39866
18748 10742 39866
39866 10742 18748
101723 2579 52440
52440 2579 101723
2579 52440 101723
22043 28811 111096
28811 22043 111096
111096 22043 28811
71762 28549 107715
107715 28549 71762
28549 71762 107715
31800 29667 149755
29667 31800 149755
149755 29667 31800
2933 53066 106237
106237 2933 53066
53066 2933 106237
124443 8580 89878
8580 89878 124443
89878 8580 124443
43843 7094 147133
7094 43843 147133
147133 7094 43843
82178 36400 136152
36400 82178 136152
136152 36400 82178
21286 15098 17500
17500 15098 21286
15098 17500 21286
44057 30279 115747
115747 30279 44057
30279 44057 115747
138322 81281 95547
81281 95547 138322
95547 81281 138322
40424 43958 120717
120717 40424 43958
43958 40424 120717
12630 72721 118779
72721 12630 118779
118779 12630 72721
132837 24122 84862
84862 24122 132837
24122 84862 132837
105240 60574 82431
82431 60574 105240
60574 82431 105240
143491 92352 121667
92352 121667 143491
121667 92352 143491
119717 74102 108776
108776 74102 119717
74102 108776 119717
136295 46733 53168
53168 46733 136295
46733 53168 136295
13888 31760 78867
31760 13888 78867
78867 13888 31760
79636 86000 92299
86000 79636 92299
92299 79636 86000
108263 89583 106189
106189 89583 108263
89583 106189 108263
97814 31407 122611
122611 31407 97814
31407 97814 122611
43269 121771 145658
145658 43269 121771
121771 43269 145658
79919 33210 144157
144157 33210 79919
33210 79919 144157
126911 134819 148211
148211 126911 134819
134819 126911 148211
84835 1079 115934
115934 1079 84835
1079 84835 115934
115603 11366 71870
71870 11366 115603
11366 71870 115603
132982 12385 91027
12385 91027 132982
91027 12385 132982
3793 32639 66857
32639 3793 66857
66857 3793 32639
133739 47202 68353
68353 47202 133739
47202 68353 133739
143536 57772 60823
57772 60823 143536
60823 57772 143536
87401 1341 104476
104476 1341 87401
1341 87401 104476
110076 81248 115191
81248 110076 115191
115191 81248 110076
78988 2158 85701
2158 78988 85701
85701 2158 78988
79073 44843 78980
44843 78980 79073
78980 44843 79073
58937 109708 124581
124581 58937 109708
109708 58937 124581
145537 80092 94348
80092 94348 145537
94348 80092 145537
52159 13922 30566
13922 30566 52159
30566 13922 52159
103042 70740 123591
123591 70740 103042
70740 103042 123591
74068 21032 111582
111582 21032 74068
21032 74068 111582
114525 57859 61017
57859 61017 114525
61017 57859 114525
40469 136336 145831
145831 40469 136336
136336 40469 145831
63608 78426 95952
78426 63608 95952
95952 63608 78426
86383 106248 148187
148187 86383 106248
106248 86383 148187
74138 24752 122010
122010 24752 74138
24752 74138 122010
143364 65073 123400
65073 123400 143364
123400 65073 143364
57373 80826 98425
98425 57373 80826
80826 57373 98425
125829 34020 37868
34020 37868 125829
37868 34020 125829
57360 20932 43083
43083 20932 57360
20932 43083 57360
36738 67159 141005
141005 36738 67159
67159 36738 141005
57162 10908 23230
23230 10908 57162
10908 23230 57162
75013 63810 83917
63810 75013 83917
83917 63810 75013
137641 79005 108087
79005 108087 137641
108087 79005 137641
127233 7362 52339
52339 7362 127233
7362 52339 127233
2544 45624 69061
69061 2544 45624
45624 2544 69061
91270 53135 75424
75424 53135 91270
53135 75424 91270
112366 44100 123713
44100 112366 123713
123713 44100 112366
110467 39126 87769
87769 39126 110467
39126 87769 110467
8058 74599 98666
74599 8058 98666
98666 8058 74599
43164 12462 36516
36516 12462 43164
12462 36516 43164
69299 45801 121551
121551 45801 69299
45801 69299 121551
4911 38241 47765
47765 4911 38241
38241 4911 47765
56108 13639 105094
13639 56108 105094
105094 13639 56108
109452 47154 129843
129843 47154 109452
47154 109452 129843
35588 39822 95156
95156 35588 39822
39822 35588 95156
144597 20465 23550
20465 23550 144597
23550 20465 144597
59133 49757 145457
49757 59133 145457
145457 49757 59133
83670 84143 116866
116866 83670 84143
84143 83670 116866
31675 38554 64149
38554 31675 64149
64149 31675 38554
56483 108727 109996
109996 56483 108727
108727 56483 109996
129079 25120 111165
111165 25120 129079
25120 111165 129079
84657 1199 30227
30227 1199 84657
1199 30227 84657
79078 44689 70455
70455 44689 79078
44689 70455 79078
130316 11872 52533
52533 11872 130316
11872 52533 130316
57296 106676 120909
106676 57296 120909
120909 57296 106676
145034 25345 72628
72628 25345 145034
25345 72628 145034
1008 95006 149122
149122 1008 95006
95006 1008 149122
37266 28490 58433
58433 28490 37266
28490 37266 58433
46927 22709 29563
22709 29563 46927
29563 22709 46927
38927 54785 126902
54785 38927 126902
126902 38927 54785
39794 5591 49316
5591 39794 49316
49316 5591 39794
88705 64567 142902
142902 64567 88705
64567 88705 142902
114506 72742 110090
72742 110090 114506
110090 72742 114506
95448 9258 65966
9258 65966 95448
65966 9258 95448
41478 122430 129112
129112 41478 122430
122430 41478 129112
1770 15657 105981
15657 1770 105981
105981 1770 15657
68635 11530 77817
77817 11530 68635
11530 68635 77817
96965 34875 81208
81208 34875 96965
34875 81208 96965
133882 67448 106792
67448 106792 133882
106792 67448 133882
88492 59311 131367
131367 59311 88492
59311 88492 131367
3557 66446 94177
94177 3557 66446
66446 3557 94177
121574 28669 107697
28669 107697 121574
107697 28669 121574
16448 42252 120292
120292 16448 42252
42252 16448 120292
144063 12426 117710
117710 12426 144063
12426 117710 144063
149928 31108 48862
48862 31108 149928
31108 48862 149928
117196 35785 144821
35785 117196 144821
144821 35785 117196
55004 81494 84760
84760 55004 81494
81494 55004 84760
32279 119131 136852
119131 32279 136852
136852 32279 119131
77927 48899 64848
48899 64848 77927
64848 48899 77927
82546 78065 124843
124843 78065 82546
78065 82546 124843
101741 15533 123610
123610 15533 101741
15533 101741 123610
47535 17555 85613
85613 17555 47535
17555 47535 85613
108084 74135 114368
114368 74135 108084
74135 108084 114368
118439 59313 134642
59313 118439 134642
134642 59313 118439
13988 42876 121999
42876 13988 121999
121999 13988 42876
43483 88366 137855
137855 43483 88366
88366 43483 137855
86351 33639 120633
120633 33639 86351
33639 86351 120633
87467 24644 86183
24644 86183 87467
86183 24644 87467
27930 50643 146249
146249 27930 50643
50643 27930 146249
83567 4746 16747
4746 16747 83567
16747 4746 83567
72755 63143 86840
63143 72755 86840
86840 63143 72755
49148 29628 111547
29628 49148 111547
111547 29628 49148
54103 48838 104614
104614 48838 54103
48838 54103 104614
105405 76835 88287
76835 88287 105405
88287 76835 105405
100702 12585 135408
135408 12585 100702
12585 100702 135408
108251 95173 107508
95173 107508 108251
107508 95173 108251
90753 107183 133030
133030 90753 107183
107183 90753 133030
137225 27933 40915
27933 40915 137225
40915 27933 137225
63426 24524 98262
24524 63426 98262
98262 24524 63426
111400 65675 68494
65675 68494 111400
68494 65675 111400
127357 8883 38720
38720 8883 127357
8883 38720 127357
104457 69727 116323
69727 104457 116323
116323 69727 104457
8008 32866 115075
32866 8008 115075
115075 8008 32866
19330 25677 43965
25677 19330 43965
43965 19330 25677
104490 39402 79644
79644 39402 104490
39402 79644 104490
113092 73663 117224
117224 73663 113092
73663 113092 117224
81872 24477 107091
107091 24477 81872
24477 81872 107091
133546 78220 111665
78220 111665 133546
111665 78220 133546
97419 25316 56414
56414 25316 97419
25316 56414 97419
79262 5427 58715
58715 5427 79262
5427 58715 79262
9873 25326 144537
25326 9873 144537
144537 9873 25326
146441 17761 21294
21294 17761 146441
17761 21294 146441
101396 57192 96810
96810 57192 101396
57192 96810 101396
74523 78681 130511
130511 74523 78681
78681 74523 130511
97286 32680 43160
43160 32680 97286
32680 43160 97286
124432 46290 56690
56690 46290 124432
46290 56690 124432
44292 35277 46434
35277 44292 46434
46434 35277 44292
50558 41981 56983
56983 41981 50558
41981 50558 56983
72474 15884 44800
15884 44800 72474
44800 15884 72474
95285 105515 141700
141700 95285 105515
105515 95285 141700
88013 2249 26139
2249 26139 88013
26139 2249 88013
120839 35023 97465
35023 97465 120839
97465 35023 120839
149688 64289 98002
64289 98002 149688
98002 64289 149688
58672 63212 98374
63212 58672 98374
98374 58672 63212
129922 95186 99776
99776 95186 129922
95186 99776 129922
138080 65993 130835
130835 65993 138080
65993 130835 138080
137614 16359 72546
72546 16359 137614
16359 72546 137614
83081 81325 86282
81325 83081 86282
86282 81325 83081
66896 43415 50533
43415 50533 66896
50533 43415 66896
80065 16682 102971
16682 80065 102971
102971 16682 80065
24715 18167 21842
21842 18167 24715
18167 21842 24715
107880 72263 88895
88895 72263 107880
72263 88895 107880
139607 50661 104981
104981 50661 139607
50661 104981 139607
67772 66486 101053
66486 67772 101053
101053 66486 67772
52693 38049 127239
38049 52693 127239
127239 38049 52693
97244 38307 74253
74253 38307 97244
38307 74253 97244
139434 2809 84572
84572 2809 139434
2809 84572 139434
12543 1419 16338
1419 12543 16338
16338 1419 12543
128849 2680 29867
29867 2680 128849
2680 29867 128849
51290 7943 100026
7943 51290 100026
100026 7943 51290
43191 4391 16137
4391 16137 43191
16137 4391 43191
74724 35356 112115
35356 74724 112115
112115 35356 74724
1241 56381 147361
56381 1241 147361
147361 1241 56381
59163 104310 127968
104310 59163 127968
127968 59163 104310
137156 73513 124682
124682 73513 137156
73513 124682 137156
683 6194 28727
28727 683 6194
6194 683 28727
9250 16881 25293
25293 9250 16881
16881 9250 25293
111347 47561 50310
50310 47561 111347
47561 50310 111347
19910 13020 128966
13020 19910 128966
128966 13020 19910
23057 57720 72635
57720 23057 72635
72635 23057 57720
128117 124500 132621
132621 124500 128117
124500 128117 132621
136399 42027 80729
80729 42027 136399
42027 80729 136399
81866 18634 73733
18634 73733 81866
73733 18634 81866
143660 110795 148145
110795 143660 148145
148145 110795 143660
91858 89540 127785
89540 91858 127785
127785 89540 91858
117835 63331 122721
122721 63331 117835
63331 117835 122721
99147 25183 32446
32446 25183 99147
25183 32446 99147
28659 11152 87672
87672 11152 28659
11152 28659 87672
72186 14949 57427
14949 57427 72186
57427 14949 72186
2244 35988 38604
38604 2244 35988
35988 2244 38604
92283 100295 135019
100295 92283 135019
135019 92283 100295
40444 54447 83093
54447 40444 83093
83093 40444 54447
122171 55922 84339
84339 55922 122171
55922 84339 122171
63343 15012 68053
68053 15012 63343
15012 63343 68053
118698 51480 129434
51480 118698 129434
129434 51480 118698
136690 102573 115429
115429 102573 136690
102573 115429 136690
143733 25424 129680
129680 25424 143733
25424 129680 143733
87577 53601 124057
124057 53601 87577
53601 87577 124057
44851 16827 21227
16827 21227 44851
21227 16827 44851
65455 109904 128386
128386 65455 109904
109904 65455 128386
148048 129964 145380
145380 129964 148048
129964 145380 148048
1483 105609 108902
108902 1483 105609
105609 1483 108902
148311 13261 148191
13261 148191 148311
148191 13261 148311
1895 4670 5675
4670 1895 5675
5675 1895 4670
1403 93055 104309
104309 1403 93055
93055 1403 104309
149523 69335 131582
69335 131582 149523
131582 69335 149523
115333 67682 128328
67682 115333 128328
128328 67682 115333
107437 46365 65642
46365 65642 107437
65642 46365 107437
83338 80521 115382
80521 83338 115382
115382 80521 83338
42627 105280 140957
105280 42627 140957
140957 42627 105280
73191 28830 38507
28830 38507 73191
38507 28830 73191
121460 60663 70688
70688 60663 121460
60663 70688 121460
86093 96265 127129
96265 86093 127129
127129 86093 96265
131164 91254 146975
91254 131164 146975
146975 91254 131164
27291 20108 141850
20108 27291 141850
141850 20108 27291
132479 36598 142294
36598 132479 142294
142294 36598 132479
116142 10610 27118
27118 10610 116142
10610 27118 116142
94407 81354 111555
81354 94407 111555
111555 81354 94407
75742 19297 93983
19297 75742 93983
93983 19297 75742
17219 16654 102545
102545 16654 17219
16654 17219 102545
3227 51670 125683
51670 3227 125683
125683 3227 51670
88218 28926 61950
61950 28926 88218
28926 61950 88218
81946 88625 96069
96069 81946 88625
88625 81946 96069
85147 80226 103403
80226 85147 103403
103403 80226 85147
143552 13342 72299
72299 13342 143552
13342 72299 143552
26365 25678 78421
25678 26365 78421
78421 25678 26365
100636 111630 126531
126531 100636 111630
111630 100636 126531
108978 33282 58462
33282 58462 108978
58462 33282 108978
5418 101750 145877
101750 5418 145877
145877 5418 101750
119561 93738 133343
133343 93738 119561
93738 119561 133343
62017 10256 25891
10256 25891 62017
25891 10256 62017
133871 20529 129232
129232 20529 133871
20529 129232 133871
107815 65041 148625
65041 107815 148625
148625 65041 107815
18345 66516 115050
66516 18345 115050
115050 18345 66516
134478 80183 98595
80183 98595 134478
98595 80183 134478
99940 115648 127139
127139 99940 115648
115648 99940 127139
109396 25911 91279
91279 25911 109396
25911 91279 109396
118691 35021 76222
76222 35021 118691
35021 76222 118691
111548 100140 131565
131565 100140 111548
100140 111548 131565
9749 66496 101934
66496 9749 101934
101934 9749 66496
24555 2325 57403
57403 2325 24555
2325 24555 57403
30412 70472 137946
137946 30412 70472
70472 30412 137946
94005 24969 144694
144694 24969 94005
24969 94005 144694
63716 39365 61806
61806 39365 63716
39365 61806 63716
147838 85903 133235
133235 85903 147838
85903 133235 147838
124107 78810 145857
145857 78810 124107
78810 124107 145857
83095 110036 128219
110036 83095 128219
128219 83095 110036
21384 88626 133797
133797 21384 88626
88626 21384 133797
128254 20460 29551
29551 20460 128254
20460 29551 128254
45400 58706 87205
58706 45400 87205
87205 45400 58706
77586 63251 100663
100663 63251 77586
63251 77586 100663
102676 15175 59012
15175 59012 102676
59012 15175 102676
52767 5472 99773
5472 52767 99773
99773 5472 52767
8896 4313 85774
4313 8896 85774
85774 4313 8896
42211 45576 48635
48635 42211 45576
45576 42211 48635
65397 113654 130882
113654 65397 130882
130882 65397 113654
26296 67959 83686
83686 26296 67959
67959 26296 83686
48691 34991 59942
34991 48691 59942
59942 34991 48691
44856 44936 121321
44936 44856 121321
121321 44856 44936
63119 17025 70889
70889 17025 63119
17025 63119 70889
149575 54242 125589
54242 125589 149575
125589 54242 149575
134829 13939 103698
13939 103698 134829
103698 13939 134829
95965 97 102286
97 95965 102286
102286 97 95965
28999 51573 139653
51573 28999 139653
139653 28999 51573
36147 19204 97638
19204 36147 97638
97638 19204 36147
57294 63780 88522
88522 57294 63780
63780 57294 88522
59178 64375 71688
71688 59178 64375
64375 59178 71688
79723 72782 123367
123367 72782 79723
72782 79723 123367
113246 74620 128016
74620 113246 128016
128016 74620 113246
142007 45915 113652
113652 45915 142007
45915 113652 142007
86821 7478 108651
7478 86821 108651
108651 7478 86821
45852 126317 146466
146466 45852 126317
126317 45852 146466
100671 63616 122738
122738 63616 100671
63616 100671 122738
75062 39670 86087
39670 75062 86087
86087 39670 75062
149246 39170 96788
39170 96788 149246
96788 39170 149246
3853 97895 147525
147525 3853 97895
97895 3853 147525
39744 6400 54246
6400 39744 54246
54246 6400 39744
47480 62488 105217
62488 47480 105217
105217 47480 62488
121590 16149 114729
16149 114729 121590
114729 16149 121590
68988 76004 119843
119843 68988 76004
76004 68988 119843
52614 27308 136846
136846 27308 52614
27308 52614 136846
144215 11033 54324
11033 54324 144215
54324 11033 144215
65897 41519 107490
107490 41519 65897
41519 65897 107490
28241 99256 127396
99256 28241 127396
127396 28241 99256
138869 90840 100681
90840 100681 138869
100681 90840 138869
72685 41397 138070
138070 41397 72685
41397 72685 138070
51429 36887 147666
147666 36887 51429
36887 51429 147666
82048 84487 114967
84487 82048 114967
114967 82048 84487
68775 55106 95660
95660 55106 68775
55106 68775 95660
5891 34670 56997
56997 5891 34670
34670 5891 56997
6897 7616 95413
95413 6897 7616
7616 6897 95413
141218 10396 86283
86283 10396 141218
10396 86283 141218
89071 12229 91168
12229 89071 91168
91168 12229 89071
62720 25521 111945
111945 25521 62720
25521 62720 111945
68044 15197 119549
119549 15197 68044
15197 68044 119549
51237 14641 109607
14641 51237 109607
109607 14641 51237
42785 67643 91962
67643 42785 91962
91962 42785 67643
70971 36597 71149
36597 70971 71149
71149 36597 70971
13795 44008 144302
44008 13795 144302
144302 13795 44008
123567 123274 134010
134010 123274 123567
123274 123567 134010
119357 64460 126096
126096 64460 119357
64460 119357 126096
31300 94658 117013
94658 31300 117013
117013 31300 94658
83973 108195 111638
108195 83973 111638
111638 83973 108195
19985 133835 139360
133835 19985 139360
139360 19985 133835
144198 29659 119432
29659 119432 144198
119432 29659 144198
145358 24517 45827
24517 45827 145358
45827 24517 145358
48617 47478 76594
76594 47478 48617
47478 48617 76594
45969 51499 110665
51499 45969 110665
110665 45969 51499
127126 35445 115136
115136 35445 127126
35445 115136 127126
125947 13460 67544
13460 67544 125947
67544 13460 125947
24212 10103 144084
10103 24212 144084
144084 10103 24212
100329 23800 117529
117529 23800 100329
23800 100329 117529
138881 77920 93734
93734 77920 138881
77920 93734 138881
31621 33434 113838
113838 31621 33434
33434 31621 113838
101033 51488 130367
51488 101033 130367
130367 51488 101033
73382 30231 39862
30231 39862 73382
39862 30231 73382
97428 1270 139887
1270 97428 139887
139887 1270 97428
81414 74159 135649
135649 74159 81414
74159 81414 135649
116318 30276 97264
30276 97264 116318
97264 30276 116318
115488 63720 83242
63720 83242 115488
83242 63720 115488
63167 14187 14269
14269 14187 63167
14187 14269 63167
4171 18484 22205
18484 4171 22205
22205 4171 18484
66859 12592 21380
21380 12592 66859
12592 21380 66859
66083 44636 52121
44636 52121 66083
52121 44636 66083
5158 61152 105136
61152 5158 105136
105136 5158 61152
123978 23481 70635
23481 70635 123978
70635 23481 123978
112396 25813 140993
140993 25813 112396
25813 112396 140993
24587 62526 134523
62526 24587 134523
134523 24587 62526
126167 95180 149799
95180 126167 149799
149799 95180 126167
44580 10619 27226
27226 10619 44580
10619 27226 44580
133790 1554 141310
141310 1554 133790
1554 133790 141310
55349 67741 69117
67741 55349 69117
69117 55349 67741
65110 83630 144959
83630 65110 144959
144959 65110 83630
98497 14788 143580
143580 14788 98497
14788 98497 143580
17089 17614 71723
71723 17089 17614
17614 17089 71723
64512 77867 134188
77867 64512 134188
134188 64512 77867
44390 42309 45334
45334 42309 44390
42309 44390 45334
126503 108861 139367
139367 108861 126503
108861 126503 139367
55506 115753 145882
145882 55506 115753
115753 55506 145882
111141 12856 31851
31851 12856 111141
12856 31851 111141
100527 82127 140087
140087 82127 100527
82127 100527 140087
8692 57678 58741
58741 8692 57678
57678 8692 58741
129030 412 25140
412 25140 129030
25140 412 129030
122954 17917 121042
17917 121042 122954
121042 17917 122954
58442 36680 108175
36680 58442 108175
108175 36680 58442
81185 61382 108139
108139 61382 81185
61382 81185 108139
149576 24971 135134
24971 135134 149576
135134 24971 149576
101617 7028 72751
7028 72751 101617
72751 7028 101617
104629 42843 49759
42843 49759 104629
49759 42843 104629
51275 5905 108620
108620 5905 51275
5905 51275 108620
17247 87956 122016
122016 17247 87956
87956 17247 122016
73701 98782 139733
139733 73701 98782
98782 73701 139733
59887 39801 134938
134938 39801 59887
39801 59887 134938
31285 47252 124273
124273 31285 47252
47252 31285 124273
79781 85146 110059
85146 79781 110059
110059 79781 85146
67960 11586 94855
11586 67960 94855
94855 11586 67960
145547 31744 82690
82690 31744 145547
31744 82690 145547
55270 53046 56814
53046 55270 56814
56814 53046 55270
40730 19093 42796
19093 40730 42796
42796 19093 40730
116105 2317 52969
2317 52969 116105
52969 2317 116105
142548 528 64845
528 64845 142548
64845 528 142548
131860 118252 138746
138746 118252 131860
118252 131860 138746
29581 117632 121664
121664 29581 117632
117632 29581 121664
82897 23285 135839
23285 82897 135839
135839 23285 82897
66072 37095 83812
37095 66072 83812
83812 37095 66072
146071 78124 140615
140615 78124 146071
78124 140615 146071
51173 23578 129625
129625 23578 51173
23578 51173 129625
147886 24106 25061
25061 24106 147886
24106 25061 147886
126999 22719 41909
22719 41909 126999
41909 22719 126999
34960 25707 141290
25707 34960 141290
141290 25707 34960
137675 47435 100128
47435 100128 137675
100128 47435 137675
80573 14722 76517
14722 76517 80573
76517 14722 80573
67367 96048 114342
114342 67367 96048
96048 67367 114342
113751 25491 63458
25491 63458 113751
63458 25491 113751
28796 16319 60872
60872 16319 28796
16319 28796 60872
20928 19860 56250
19860 20928 56250
56250 19860 20928
20240 81019 90787
81019 20240 90787
90787 20240 81019
108335 45175 58596
58596 45175 108335
45175 58596 108335
82277 32333 95016
32333 82277 95016
95016 32333 82277
4430 16292 92150
92150 4430 16292
16292 4430 92150
143428 4129 83324
4129 83324 143428
83324 4129 143428
21230 32976 90420
