903 94 1364
1364 94 903
94 903 1364
694 101 961
961 101 694
101 694 961
14 159 785
785 14 159
159 14 785
826 822 857
857 822 826
822 826 857
299 502 1193
1193 299 502
502 299 1193
511 31 657
31 511 657
657 31 511
149 1229 1475
1229 149 1475
1475 149 1229
1226 294 1135
1135 294 1226
294 1135 1226
1253 198 390
390 198 1253
198 390 1253
335 1266 1466
1466 335 1266
1266 335 1466
465 243 1314
243 465 1314
1314 243 465
367 828 1160
828 367 1160
1160 367 828
730 749 898
898 730 749
749 730 898
720 955 1015
955 720 1015
1015 720 955
878 307 1146
307 878 1146
1146 307 878
705 778 856
778 705 856
856 705 778
379 45 154
154 45 379
45 154 379
143 23 1170
23 143 1170
1170 23 143
929 167 595
595 167 929
167 595 929
389 644 1478
1478 389 644
644 389 1478
1042 881 1409
1409 881 1042
881 1042 1409
806 117 262
262 117 806
117 262 806
1200 280 724
724 280 1200
280 724 1200
1341 10 1473
1473 10 1341
10 1341 1473
1092 905 910
905 910 1092
910 905 1092
1462 591 1445
1445 591 1462
591 1445 1462
1033 540 737
737 540 1033
540 737 1033
238 515 969
515 238 969
969 238 515
1107 480 1179
1179 480 1107
480 1107 1179
361 487 1278
1278 361 487
487 361 1278
1166 726 917
917 726 1166
726 917 1166
1328 906 977
906 977 1328
977 906 1328
1275 241 385
385 241 1275
241 385 1275
956 192 1287
192 956 1287
1287 192 956
679 58 1234
58 679 1234
1234 58 679
570 446 1277
1277 446 570
446 570 1277
802 549 836
549 802 836
836 549 802
579 473 986
986 473 579
473 579 986
260 197 669
669 197 260
197 260 669
913 1057 1346
1057 913 1346
1346 913 1057
1091 372 394
394 372 1091
372 394 1091
629 136 1446
136 629 1446
1446 136 629
131 33 763
763 33 131
33 131 763
952 409 884
884 409 952
409 884 952
1052 383 1214
383 1052 1214
1214 383 1052
1486 24 601
24 601 1486
601 24 1486
885 340 1332
1332 340 885
340 885 1332
912 722 890
890 722 912
722 890 912
829 284 1048
1048 284 829
284 829 1048
598 237 1355
237 598 1355
1355 237 598
675 147 351
147 351 675
351 147 675
992 20 523
20 523 992
523 20 992
663 852 1168
852 663 1168
1168 663 852
353 553 715
553 353 715
715 353 553
175 1162 1204
1162 175 1204
1204 175 1162
876 920 1414
1414 876 920
920 876 1414
18 201 554
554 18 201
201 18 554
1049 148 1425
1425 148 1049
148 1049 1425
563 399 953
399 563 953
953 399 563
1082 267 887
267 887 1082
887 267 1082
819 459 972
459 819 972
972 459 819
921 132 530
132 530 921
530 132 921
236 1063 1441
1441 236 1063
1063 236 1441
206 599 1384
1384 206 599
599 206 1384
1352 83 665
83 665 1352
665 83 1352
373 751 1322
1322 373 751
751 373 1322
963 1155 1382
1155 963 1382
1382 963 1155
651 391 1244
1244 391 651
391 651 1244
194 63 775
775 63 194
63 194 775
156 696 701
701 156 696
696 156 701
1367 53 1029
53 1029 1367
1029 53 1367
232 527 899
527 232 899
899 232 527
1302 1159 1418
1418 1159 1302
1159 1302 1418
673 208 990
208 673 990
990 208 673
1307 438 767
438 767 1307
767 438 1307
467 119 671
119 467 671
671 119 467
329 769 1216
1216 329 769
769 329 1216
146 810 1062
810 146 1062
1062 146 810
388 222 252
222 252 388
252 222 388
804 1000 1309
1000 804 1309
1309 804 1000
133 545 1051
1051 133 545
545 133 1051
1439 221 740
740 221 1439
221 740 1439
873 481 946
481 873 946
946 481 873
1180 843 1498
1498 843 1180
843 1180 1498
405 82 1079
1079 82 405
82 405 1079
1273 578 1232
1232 578 1273
578 1232 1273
512 1457 1464
1464 512 1457
1457 512 1464
46 1256 1383
1383 46 1256
1256 46 1383
1034 412 1070
412 1034 1070
1070 412 1034
561 714 1296
714 561 1296
1296 561 714
104 988 1026
988 104 1026
1026 104 988
662 654 985
985 654 662
654 662 985
113 1005 1426
1426 113 1005
1005 113 1426
886 347 1152
347 886 1152
1152 347 886
653 244 734
244 653 734
734 244 653
1158 625 640
625 640 1158
640 625 1158
695 22 1157
22 695 1157
1157 22 695
1221 1218 1492
1218 1221 1492
1492 1218 1221
1289 517 1090
1090 517 1289
517 1090 1289
745 556 860
860 556 745
556 745 860
356 847 949
949 356 847
847 356 949
40 1010 1085
1085 40 1010
1010 40 1085
1284 316 723
316 723 1284
723 316 1284
1230 576 964
576 964 1230
964 576 1230
659 210 1377
210 659 1377
1377 210 659
1127 845 1459
845 1127 1459
1459 845 1127
639 288 1013
1013 288 639
288 639 1013
90 298 1363
298 90 1363
1363 90 298
380 48 1450
48 380 1450
1450 48 380
727 19 289
289 19 727
19 289 727
35 738 1469
738 35 1469
1469 35 738
557 692 1109
692 557 1109
1109 557 692
609 820 1412
820 609 1412
1412 609 820
756 497 850
850 497 756
497 756 850
428 867 893
867 428 893
893 428 867
1219 951 1282
951 1219 1282
1282 951 1219
59 207 1233
1233 59 207
207 59 1233
1098 270 1053
270 1053 1098
1053 270 1098
1359 632 1300
1300 632 1359
632 1300 1359
904 541 542
541 542 904
542 541 904
976 476 796
796 476 976
476 796 976
1086 944 1360
1360 944 1086
944 1086 1360
338 220 897
897 220 338
220 338 897
660 54 1432
1432 54 660
54 660 1432
1394 61 691
61 691 1394
691 61 1394
1410 99 214
214 99 1410
99 214 1410
1288 5 1407
5 1288 1407
1407 5 1288
258 513 1137
513 258 1137
1137 258 513
792 311 859
311 792 859
859 311 792
801 1111 1290
1290 801 1111
1111 801 1290
306 688 1386
688 306 1386
1386 306 688
84 429 1484
1484 84 429
429 84 1484
1148 520 1327
1327 520 1148
520 1148 1327
1374 690 708
708 690 1374
690 708 1374
773 661 1369
1369 661 773
661 773 1369
658 120 635
635 120 658
120 635 658
100 28 483
28 100 483
483 28 100
1263 282 1385
1385 282 1263
282 1263 1385
833 783 1292
1292 783 833
783 833 1292
697 928 1405
928 697 1405
1405 697 928
187 468 630
630 187 468
468 187 630
962 680 870
680 870 962
870 680 962
1205 217 1238
217 1205 1238
1238 217 1205
49 528 883
883 49 528
528 49 883
1368 330 1400
1400 330 1368
330 1368 1400
1479 141 1017
141 1017 1479
1017 141 1479
623 1182 1261
1182 623 1261
1261 623 1182
313 1081 1268
1268 313 1081
1081 313 1268
78 437 1243
437 78 1243
1243 78 437
461 400 805
400 461 805
805 400 461
716 12 457
457 12 716
12 457 716
732 278 1210
1210 278 732
278 732 1210
1192 496 981
981 496 1192
496 981 1192
1096 970 1196
970 1096 1196
1196 970 1096
1164 121 908
908 121 1164
121 908 1164
25 593 1375
1375 25 593
593 25 1375
1209 780 872
780 872 1209
872 780 1209
290 173 940
940 173 290
173 290 940
402 256 331
256 331 402
331 256 402
1365 1134 1178
1134 1178 1365
1178 1134 1365
410 310 1325
1325 310 410
310 410 1325
574 434 1490
1490 434 574
434 574 1490
319 204 580
204 319 580
580 204 319
77 761 1304
1304 77 761
761 77 1304
135 6 317
6 135 317
317 6 135
463 1 1083
1083 1 463
1 463 1083
922 606 1095
606 922 1095
1095 606 922
583 838 1014
838 583 1014
1014 583 838
854 455 568
568 455 854
455 568 854
863 66 1056
1056 66 863
66 863 1056
96 344 971
971 96 344
344 96 971
911 791 1184
1184 791 911
791 911 1184
1337 276 1236
276 1236 1337
1236 276 1337
1470 233 234
233 234 1470
234 233 1470
382 1189 1329
1329 382 1189
1189 382 1329
1421 142 293
293 142 1421
142 293 1421
693 989 1449
1449 693 989
989 693 1449
339 4 558
4 339 558
558 4 339
1448 766 1343
1343 766 1448
766 1343 1448
1401 57 75
57 75 1401
75 57 1401
666 800 1228
800 666 1228
1228 666 800
1436 748 1241
1241 748 1436
748 1241 1436
1224 830 1016
830 1016 1224
1016 830 1224
960 776 915
915 776 960
776 915 960
1398 432 999
432 999 1398
999 432 1398
533 866 1151
866 533 1151
1151 533 866
1130 406 1097
406 1097 1130
1097 406 1130
1217 506 1206
1206 506 1217
506 1206 1217
1271 650 1101
1101 650 1271
650 1101 1271
377 34 924
924 34 377
34 377 924
189 273 991
273 189 991
991 189 273
564 357 1265
1265 357 564
357 564 1265
834 36 586
36 586 834
586 36 834
160 295 1188
295 160 1188
1188 160 295
809 271 384
384 271 809
271 384 809
1202 585 1354
585 1202 1354
1354 585 1202
1301 454 1395
1395 454 1301
454 1301 1395
1487 172 1125
1125 172 1487
172 1125 1487
562 109 420
109 420 562
420 109 562
259 768 1274
768 259 1274
1274 259 768
42 364 858
858 42 364
364 42 858
404 218 605
605 218 404
218 404 605
779 144 1267
144 779 1267
1267 144 779
718 1032 1495
1495 718 1032
1032 718 1495
89 71 1440
71 89 1440
1440 71 89
1165 265 758
758 265 1165
265 758 1165
1350 689 1472
689 1350 1472
1472 689 1350
62 209 797
209 62 797
797 62 209
772 249 757
249 757 772
757 249 772
1112 747 1413
1413 747 1112
747 1112 1413
862 790 1335
1335 790 862
790 862 1335
1453 348 1003
348 1003 1453
1003 348 1453
450 464 1223
464 450 1223
1223 450 464
649 594 638
638 594 649
594 638 649
1064 254 1378
1378 254 1064
254 1064 1378
242 41 1156
1156 41 242
41 242 1156
55 153 1262
1262 55 153
153 55 1262
1260 566 1308
1308 566 1260
566 1260 1308
824 937 1191
1191 824 937
937 824 1191
1120 814 1461
814 1120 1461
1461 814 1120
855 466 812
812 466 855
466 812 855
1491 212 215
215 212 1491
212 215 1491
555 140 535
140 535 555
535 140 555
29 415 982
415 29 982
982 29 415
21 177 245
245 21 177
177 21 245
1326 548 603
548 603 1326
603 548 1326
1055 139 624
139 624 1055
624 139 1055
735 370 1108
370 735 1108
1108 370 735
1225 320 358
320 358 1225
358 320 1225
939 1143 1222
1222 939 1143
1143 939 1222
200 664 1465
664 200 1465
1465 200 664
1323 118 1047
118 1047 1323
1047 118 1323
996 341 569
341 569 996
569 341 996
264 416 1318
1318 264 416
416 264 1318
1467 552 1444
1444 552 1467
552 1444 1467
787 987 1376
1376 787 987
987 787 1376
621 537 706
537 621 706
706 537 621
1035 914 1392
1392 914 1035
914 1035 1392
449 304 479
304 449 479
479 304 449
43 9 827
827 9 43
9 43 827
821 305 1207
1207 305 821
305 821 1207
354 123 396
396 123 354
123 354 396
166 1113 1197
1113 166 1197
1197 166 1113
1389 484 1254
1254 484 1389
484 1254 1389
195 721 957
721 195 957
957 195 721
1190 604 1435
604 1190 1435
1435 604 1190
1061 622 711
711 622 1061
622 711 1061
848 754 1186
1186 754 848
754 848 1186
423 518 1144
518 423 1144
1144 423 518
64 188 1297
188 64 1297
1297 64 188
1077 184 874
184 874 1077
874 184 1077
398 81 909
81 398 909
909 81 398
584 469 676
676 469 584
469 584 676
168 607 942
607 168 942
942 168 607
1220 656 1474
1474 656 1220
656 1220 1474
111 13 1312
13 111 1312
1312 13 111
918 1043 1161
1161 918 1043
1043 918 1161
408 736 1269
1269 408 736
736 408 1269
631 1132 1345
1345 631 1132
1132 631 1345
938 253 1060
253 938 1060
1060 253 938
490 161 286
161 286 490
286 161 490
550 612 1150
612 550 1150
1150 550 612
1025 32 352
352 32 1025
32 352 1025
411 462 1286
462 411 1286
1286 411 462
1249 350 1303
1303 350 1249
350 1249 1303
1171 448 925
925 448 1171
448 925 1171
1283 229 1351
1351 229 1283
229 1283 1351
795 287 1458
1458 287 795
287 795 1458
1116 105 1068
105 1068 1116
1068 105 1116
318 1106 1276
1106 318 1276
1276 318 1106
482 771 1212
771 482 1212
1212 482 771
235 1110 1131
1110 235 1131
1131 235 1110
451 614 1451
1451 451 614
614 451 1451
1019 667 979
667 979 1019
979 667 1019
634 983 1128
983 634 1128
1128 634 983
1485 1344 1428
1344 1428 1485
1428 1344 1485
1039 190 839
190 839 1039
839 190 1039
984 376 538
376 538 984
538 376 984
1489 108 896
108 896 1489
896 108 1489
1424 702 1075
702 1075 1424
1075 702 1424
1087 37 76
76 37 1087
37 76 1087
544 421 853
853 421 544
421 544 853
1240 240 618
240 618 1240
618 240 1240
1213 314 1468
1468 314 1213
314 1213 1468
943 39 1294
1294 39 943
39 943 1294
865 381 926
381 865 926
926 381 865
620 994 1245
1245 620 994
994 620 1245
309 125 216
216 125 309
125 216 309
325 312 1373
312 325 1373
1373 312 325
1310 1371 1476
1476 1310 1371
1371 1310 1476
932 91 1237
91 932 1237
1237 91 932
565 1153 1471
1471 565 1153
1153 565 1471
1123 360 628
360 628 1123
628 360 1123
816 68 526
526 68 816
68 526 816
152 453 1452
453 152 1452
1452 152 453
499 770 1078
1078 499 770
770 499 1078
321 891 1104
891 321 1104
1104 321 891
626 1009 1295
1295 626 1009
1009 626 1295
743 127 180
180 127 743
127 180 743
493 440 539
539 440 493
440 493 539
729 895 935
935 729 895
895 729 935
719 529 823
823 529 719
529 719 823
567 741 825
741 567 825
825 567 741
246 255 590
255 246 590
590 246 255
1393 900 1493
1493 900 1393
900 1393 1493
70 165 436
165 70 436
436 70 165
308 602 1103
1103 308 602
602 308 1103
536 92 322
92 322 536
322 92 536
470 332 882
332 470 882
882 332 470
968 315 803
315 803 968
803 315 968
519 597 1069
597 519 1069
1069 519 597
581 508 1198
1198 508 581
508 581 1198
1279 1093 1499
1499 1093 1279
1093 1279 1499
1356 841 1020
841 1020 1356
1020 841 1356
60 713 973
713 60 973
973 60 713
1173 543 1074
1074 543 1173
543 1074 1173
475 186 1402
186 475 1402
1402 186 475
1417 283 916
916 283 1417
283 916 1417
445 224 1058
224 445 1058
1058 224 445
355 452 646
452 355 646
646 355 452
1181 1115 1399
1115 1181 1399
1399 1115 1181
560 365 1154
1154 365 560
365 560 1154
363 103 1138
103 363 1138
1138 103 363
1477 225 231
225 231 1477
231 225 1477
521 178 1100
178 521 1100
1100 178 521
430 709 746
746 430 709
709 430 746
837 268 684
268 684 837
684 268 837
587 919 1036
919 587 1036
1036 587 919
1231 516 851
516 851 1231
851 516 1231
272 30 257
30 257 272
257 30 272
813 762 901
901 762 813
762 813 901
1291 902 1001
902 1001 1291
1001 902 1291
1076 458 1370
458 1076 1370
1370 458 1076
291 588 1136
588 291 1136
1136 291 588
892 179 1422
179 892 1422
1422 179 892
1315 875 1264
1264 875 1315
875 1264 1315
443 336 1203
336 443 1203
1203 336 443
642 368 608
368 608 642
608 368 642
1353 88 269
269 88 1353
88 269 1353
226 397 1305
1305 226 397
397 226 1305
345 300 1004
1004 300 345
300 345 1004
997 1089 1488
1089 997 1488
1488 997 1089
500 129 419
129 419 500
419 129 500
509 69 1397
69 509 1397
1397 69 509
637 86 842
86 637 842
842 86 637
1391 980 1251
1251 980 1391
980 1251 1391
327 1012 1270
1012 327 1270
1270 327 1012
504 137 700
700 137 504
137 504 700
444 750 764
750 444 764
764 444 750
1252 417 1024
1024 417 1252
417 1024 1252
753 110 869
110 753 869
869 110 753
130 611 1046
1046 130 611
611 130 1046
1299 403 888
403 888 1299
888 403 1299
1443 414 571
571 414 1443
414 571 1443
1442 435 1028
1028 435 1442
435 1028 1442
1423 158 1387
1387 158 1423
158 1387 1423
959 50 65
65 50 959
50 65 959
877 199 1102
199 877 1102
1102 199 877
1482 710 807
710 807 1482
807 710 1482
934 677 1379
1379 677 934
677 934 1379
1438 285 1183
1183 285 1438
285 1183 1438
546 392 531
531 392 546
392 531 546
1054 47 861
47 861 1054
861 47 1054
532 72 1311
1311 72 532
72 532 1311
954 685 1050
685 954 1050
1050 685 954
176 1067 1175
1067 176 1175
1175 176 1067
170 524 1140
524 170 1140
1140 170 524
261 211 784
211 261 784
784 211 261
263 441 1419
1419 263 441
441 263 1419
138 334 889
889 138 334
334 138 889
1073 292 1331
292 1073 1331
1331 292 1073
871 386 1321
386 871 1321
1321 386 871
1118 1320 1362
1320 1118 1362
1362 1118 1320
1463 633 799
633 799 1463
799 633 1463
1129 155 302
302 155 1129
155 302 1129
51 248 831
248 51 831
831 51 248
505 106 126
106 126 505
126 106 505
15 559 793
793 15 559
559 15 793
343 337 782
782 337 343
337 343 782
1177 1038 1149
1038 1149 1177
1149 1038 1177
1455 52 124
124 52 1455
52 124 1455
296 7 864
7 296 864
864 7 296
1340 789 1381
789 1340 1381
1381 789 1340
1239 522 846
522 846 1239
846 522 1239
223 185 492
185 223 492
492 185 223
619 374 387
374 387 619
387 374 619
965 774 1481
1481 774 965
774 965 1481
948 8 1416
8 948 1416
1416 8 948
699 456 1306
456 699 1306
1306 456 699
995 728 1172
728 995 1172
1172 728 995
1330 572 1281
1281 572 1330
572 1281 1330
703 1411 1415
1415 703 1411
1411 703 1415
1447 698 923
698 923 1447
923 698 1447
1396 323 1258
323 1258 1396
1258 323 1396
359 145 426
145 359 426
426 145 359
266 1008 1333
1008 266 1333
1333 266 1008
401 840 1433
840 401 1433
1433 401 840
1347 627 835
627 835 1347
835 627 1347
501 1071 1358
1071 501 1358
1358 501 1071
1211 647 1380
1380 647 1211
647 1211 1380
369 974 1030
1030 369 974
974 369 1030
1497 1339 1390
1390 1339 1497
1339 1390 1497
682 993 1163
993 682 1163
1163 682 993
742 945 1242
945 742 1242
1242 742 945
514 95 573
95 514 573
573 95 514
525 74 1187
74 525 1187
1187 74 525
936 79 777
79 777 936
777 79 936
1174 811 1404
811 1174 1404
1404 811 1174
1002 196 472
196 472 1002
472 196 1002
1023 157 431
431 157 1023
157 431 1023
87 1124 1293
1293 87 1124
1124 87 1293
1059 589 1408
1408 589 1059
589 1059 1408
645 731 1194
731 645 1194
1194 645 731
251 228 1147
1147 228 251
228 251 1147
128 674 947
674 128 947
947 128 674
1500 279 755
755 279 1500
279 755 1500
274 174 366
366 174 274
174 274 366
1430 418 678
678 418 1430
418 678 1430
744 80 1348
80 744 1348
1348 80 744
1041 717 733
733 717 1041
717 733 1041
933 150 1011
1011 150 933
150 933 1011
1119 16 808
808 16 1119
16 808 1119
134 162 1406
1406 134 162
162 134 1406
183 247 424
424 183 247
247 183 424
815 375 1141
1141 375 815
375 815 1141
760 849 1185
1185 760 849
849 760 1185
1099 966 1145
966 1099 1145
1145 966 1099
281 116 1094
1094 116 281
116 281 1094
205 958 1080
958 205 1080
1080 205 958
1317 478 1215
478 1215 1317
1215 478 1317
1114 425 1018
1018 425 1114
425 1018 1114
1480 17 489
17 489 1480
489 17 1480
277 250 1105
250 277 1105
1105 250 277
181 471 1121
1121 181 471
471 181 1121
1431 1022 1167
1022 1167 1431
1167 1022 1431
880 765 1066
765 880 1066
1066 765 880
507 378 1313
1313 378 507
378 507 1313
326 491 577
577 326 491
491 326 577
1334 712 818
818 712 1334
712 818 1334
681 931 1285
931 681 1285
1285 681 931
93 171 371
171 93 371
371 93 171
592 3 788
788 3 592
3 592 788
1142 739 1454
1454 739 1142
739 1142 1454
668 442 1176
1176 442 668
442 668 1176
950 328 1257
328 950 1257
1257 328 950
1088 655 725
725 655 1088
655 725 1088
1319 169 1357
169 1319 1357
1357 169 1319
193 163 1247
163 193 1247
1247 163 193
1298 652 1403
1403 652 1298
652 1298 1403
975 498 1496
498 975 1496
1496 498 975
151 1280 1429
1429 151 1280
1280 151 1429
98 115 670
115 98 670
670 98 115
447 38 1126
1126 38 447
38 447 1126
97 941 1045
941 97 1045
1045 97 941
1007 1072 1195
1072 1007 1195
1195 1007 1072
301 551 643
551 301 643
643 301 551
781 230 395
395 230 781
230 395 781
1250 672 1255
1255 672 1250
672 1250 1255
67 485 1388
485 67 1388
1388 67 485
477 868 1456
868 477 1456
1456 477 868
1208 1316 1361
1316 1208 1361
1361 1208 1316
617 704 794
794 617 704
704 617 794
927 422 510
422 510 927
510 422 927
1427 26 1336
26 1336 1427
1336 26 1427
1084 85 686
686 85 1084
85 686 1084
1248 191 227
227 191 1248
191 227 1248
978 362 1122
1122 362 978
362 978 1122
433 460 1027
1027 433 460
460 433 1027
503 219 1235
1235 219 503
219 503 1235
636 641 1169
1169 636 641
641 636 1169
1338 786 1037
786 1037 1338
1037 786 1338
2 56 759
759 2 56
56 2 759
1437 752 1139
752 1139 1437
1139 752 1437
1494 1259 1372
1259 1372 1494
1372 1259 1494
1460 707 907
907 707 1460
707 907 1460
1366 474 582
582 474 1366
474 582 1366
275 1044 1324
1044 275 1324
1324 275 1044
1349 333 613
613 333 1349
333 613 1349
213 107 616
107 213 616
616 107 213
1420 346 687
687 346 1420
346 687 1420
102 844 879
844 102 879
879 102 844
547 122 342
342 122 547
122 342 547
648 114 303
114 303 648
303 114 648
832 182 488
488 182 832
182 488 832
297 534 798
534 297 798
798 297 534
1199 615 1006
1006 615 1199
615 1006 1199
967 413 494
413 494 967
494 413 967
610 202 393
202 393 610
393 202 610
495 324 1246
324 495 1246
1246 324 495
1040 1201 1434
1201 1040 1434
1434 1040 1201
1133 349 1342
349 1133 1342
1342 349 1133
1065 73 894
894 73 1065
73 894 1065
1117 439 575
439 575 1117
575 439 1117
817 1031 1227
1031 817 1227
1227 817 1031
203 998 1483
998 203 1483
1483 203 998
407 486 1021
1021 407 486
486 407 1021
930 44 164
164 44 930
44 164 930
683 600 1272
1272 600 683
600 683 1272
596 112 239
239 112 596
112 239 596
11 27 427
427 11 27
27 11 427
