11207 8824 9118
9118 8824 11207
8824 9118 11207
9098 8614 12130
8614 9098 12130
12130 8614 9098
4511 8172 10827
8172 4511 10827
10827 4511 8172
13767 10926 13935
13935 10926 13767
10926 13767 13935
13450 12005 13922
12005 13450 13922
13922 12005 13450
10873 8594 11101
11101 8594 10873
8594 10873 11101
14570 576 7518
576 7518 14570
7518 576 14570
10375 2307 3316
3316 2307 10375
2307 3316 10375
4402 816 1673
1673 816 4402
816 1673 4402
4248 4469 7350
7350 4248 4469
4469 4248 7350
1049 3296 13321
3296 1049 13321
13321 1049 3296
8784 9723 12370
9723 8784 12370
12370 8784 9723
1776 96 2338
2338 96 1776
96 1776 2338
14556 8762 14056
8762 14056 14556
14056 8762 14556
12408 9794 11726
11726 9794 12408
9794 11726 12408
14233 12916 14442
12916 14233 14442
14442 12916 14233
9280 10046 12319
12319 9280 10046
10046 9280 12319
1024 2092 13335
2092 1024 13335
13335 1024 2092
2555 4369 6497
4369 2555 6497
6497 2555 4369
13756 7472 9397
7472 9397 13756
9397 7472 13756
12418 7086 13809
13809 7086 12418
7086 12418 13809
3629 2166 6004
2166 3629 6004
6004 2166 3629
7219 1878 13435
1878 7219 13435
13435 1878 7219
12285 5942 14480
14480 5942 12285
5942 12285 14480
12657 7272 14576
7272 12657 14576
14576 7272 12657
5543 4891 5638
4891 5543 5638
5638 4891 5543
4221 5528 7328
5528 4221 7328
7328 4221 5528
13701 1136 10030
10030 1136 13701
1136 10030 13701
14345 7375 14631
14631 7375 14345
7375 14345 14631
13248 3134 3382
3134 3382 13248
3382 3134 13248
5078 5680 14118
5680 5078 14118
14118 5078 5680
479 7029 7990
7990 479 7029
7029 479 7990
6609 19 11102
19 6609 11102
11102 19 6609
2729 7433 8204
8204 2729 7433
7433 2729 8204
11490 11596 12506
12506 11490 11596
11596 11490 12506
2556 4629 10111
4629 2556 10111
10111 2556 4629
1031 1007 11400
1007 1031 11400
11400 1007 1031
11920 782 7759
782 7759 11920
7759 782 11920
12059 10568 12223
12223 10568 12059
10568 12059 12223
2474 5534 14017
14017 2474 5534
5534 2474 14017
4295 1952 6059
6059 1952 4295
1952 4295 6059
12439 4361 7374
4361 7374 12439
7374 4361 12439
2846 7849 8845
7849 2846 8845
8845 2846 7849
4583 7296 13525
7296 4583 13525
13525 4583 7296
8978 1871 2243
2243 1871 8978
1871 2243 8978
7283 8647 9144
9144 7283 8647
8647 7283 9144
4594 4617 13101
4617 4594 13101
13101 4594 4617
6820 35 9431
35 6820 9431
9431 35 6820
6690 11048 12650
12650 6690 11048
11048 6690 12650
2403 924 12909
924 2403 12909
12909 924 2403
3416 2639 8485
8485 2639 3416
2639 3416 8485
8959 5864 8379
5864 8379 8959
8379 5864 8959
13337 4817 11459
11459 4817 13337
4817 11459 13337
13200 7794 14708
14708 7794 13200
7794 13200 14708
14611 6429 7079
6429 7079 14611
7079 6429 14611
901 5829 11528
11528 901 5829
5829 901 11528
4604 2641 3715
2641 3715 4604
3715 2641 4604
633 201 4195
201 633 4195
4195 201 633
2043 4858 13894
4858 2043 13894
13894 2043 4858
9780 4945 5747
5747 4945 9780
4945 5747 9780
14080 8627 11907
8627 11907 14080
11907 8627 14080
14809 6072 9721
9721 6072 14809
6072 9721 14809
11489 2673 13361
13361 2673 11489
2673 11489 13361
2819 6719 11364
6719 2819 11364
11364 2819 6719
9720 1287 5494
1287 5494 9720
5494 1287 9720
2151 910 4483
910 2151 4483
4483 910 2151
7301 4684 9152
9152 4684 7301
4684 7301 9152
961 5911 11155
5911 961 11155
11155 961 5911
7502 8572 14717
8572 7502 14717
14717 7502 8572
12388 9472 10603
10603 9472 12388
9472 10603 12388
6763 933 8471
933 6763 8471
8471 933 6763
485 8299 9053
8299 485 9053
9053 485 8299
9345 5759 8255
8255 5759 9345
5759 8255 9345
7126 977 2557
977 2557 7126
2557 977 7126
13626 5056 13872
5056 13626 13872
13872 5056 13626
504 7298 11874
7298 504 11874
11874 504 7298
6302 12826 13423
12826 6302 13423
13423 6302 12826
14452 1016 4602
1016 4602 14452
4602 1016 14452
10559 4394 12158
4394 10559 12158
12158 4394 10559
10635 3936 8903
3936 8903 10635
8903 3936 10635
11218 1074 13937
13937 1074 11218
1074 11218 13937
4228 5731 12251
12251 4228 5731
5731 4228 12251
5005 4887 8273
4887 5005 8273
8273 4887 5005
3846 1390 13050
13050 1390 3846
1390 3846 13050
12921 3628 12324
12324 3628 12921
3628 12324 12921
14184 9252 13407
13407 9252 14184
9252 13407 14184
6631 1932 14829
14829 1932 6631
1932 6631 14829
12690 4672 13932
4672 12690 13932
13932 4672 12690
8453 1479 1995
1479 1995 8453
1995 1479 8453
6081 7900 12678
12678 6081 7900
7900 6081 12678
9281 825 13429
825 9281 13429
13429 825 9281
7846 8183 8858
8183 7846 8858
8858 7846 8183
8756 5553 6581
6581 5553 8756
5553 6581 8756
9579 5083 14961
5083 9579 14961
14961 5083 9579
6416 1041 3102
3102 1041 6416
1041 3102 6416
4937 4865 5776
5776 4865 4937
4865 4937 5776
8447 1357 7632
7632 1357 8447
1357 7632 8447
4078 1442 8488
8488 1442 4078
1442 4078 8488
3689 8991 9451
9451 3689 8991
8991 3689 9451
6400 1738 3540
1738 3540 6400
3540 1738 6400
12047 23 6864
23 6864 12047
6864 23 12047
6052 9522 14836
14836 6052 9522
9522 6052 14836
6985 1109 3456
1109 3456 6985
3456 1109 6985
14244 185 8000
185 8000 14244
8000 185 14244
2654 9820 12049
12049 2654 9820
9820 2654 12049
13022 1574 14912
1574 13022 14912
14912 1574 13022
14443 2552 3150
3150 2552 14443
2552 3150 14443
5464 4462 8334
8334 4462 5464
4462 5464 8334
2184 3396 7802
7802 2184 3396
3396 2184 7802
2216 1663 9192
1663 2216 9192
9192 1663 2216
7783 4032 5352
4032 5352 7783
5352 4032 7783
10424 10089 11577
11577 10089 10424
10089 10424 11577
2816 9061 9436
9061 2816 9436
9436 2816 9061
12239 12442 13514
12442 12239 13514
13514 12239 12442
13776 7554 14170
7554 13776 14170
14170 7554 13776
10293 4200 10706
4200 10293 10706
10706 4200 10293
5106 13151 14537
14537 5106 13151
13151 5106 14537
13517 7305 14241
7305 13517 14241
14241 7305 13517
8863 3724 14900
14900 3724 8863
3724 8863 14900
6089 5137 6590
6590 5137 6089
5137 6089 6590
11462 9124 13549
9124 11462 13549
13549 9124 11462
13570 1306 3239
1306 3239 13570
3239 1306 13570
9660 3305 7586
3305 7586 9660
7586 3305 9660
12189 860 6354
6354 860 12189
860 6354 12189
2256 14695 14813
14813 2256 14695
14695 2256 14813
12671 2342 4109
4109 2342 12671
2342 4109 12671
11500 9022 12519
9022 11500 12519
12519 9022 11500
1998 4379 5095
5095 1998 4379
4379 1998 5095
8241 2025 12658
12658 2025 8241
2025 8241 12658
11604 3073 13097
3073 11604 13097
13097 3073 11604
14300 8419 9811
8419 9811 14300
9811 8419 14300
12105 9656 12484
9656 12105 12484
12484 9656 12105
8212 9056 12644
12644 8212 9056
9056 8212 12644
6640 6285 11999
6285 6640 11999
11999 6285 6640
4101 8767 12254
8767 4101 12254
12254 4101 8767
47 319 3080
3080 47 319
319 47 3080
5321 912 7273
7273 912 5321
912 5321 7273
1029 476 13286
13286 476 1029
476 1029 13286
5164 760 4601
4601 760 5164
760 4601 5164
11602 5269 9710
5269 9710 11602
9710 5269 11602
12401 7108 14474
7108 12401 14474
14474 7108 12401
12868 2044 11232
2044 11232 12868
11232 2044 12868
8008 2913 8915
2913 8008 8915
8915 2913 8008
13679 3455 3581
3455 3581 13679
3581 3455 13679
6334 2588 9655
9655 2588 6334
2588 6334 9655
9717 6401 12680
12680 6401 9717
6401 9717 12680
4072 10412 11599
11599 4072 10412
10412 4072 11599
4254 3211 5892
3211 4254 5892
5892 3211 4254
7370 5541 11786
5541 7370 11786
11786 5541 7370
6321 3548 14578
14578 3548 6321
3548 6321 14578
12086 4321 6863
6863 4321 12086
4321 6863 12086
8898 5375 13419
5375 8898 13419
13419 5375 8898
5506 117 5028
5028 117 5506
117 5028 5506
13156 2410 14911
2410 13156 14911
14911 2410 13156
10880 7557 14435
7557 10880 14435
14435 7557 10880
14795 2589 8315
8315 2589 14795
2589 8315 14795
4018 12507 14391
12507 4018 14391
14391 4018 12507
431 4021 8088
4021 431 8088
8088 431 4021
4884 8672 14601
14601 4884 8672
8672 4884 14601
3135 5544 9966
9966 3135 5544
5544 3135 9966
6897 284 4311
4311 284 6897
284 4311 6897
13236 1059 2815
2815 1059 13236
1059 2815 13236
5718 631 1376
1376 631 5718
631 1376 5718
14981 5060 10084
10084 5060 14981
5060 10084 14981
5096 752 12793
12793 752 5096
752 5096 12793
11286 3954 9823
3954 9823 11286
9823 3954 11286
9165 2972 8891
8891 2972 9165
2972 8891 9165
12903 5798 7010
7010 5798 12903
5798 7010 12903
8473 7682 9594
7682 8473 9594
9594 7682 8473
7948 11321 13362
13362 7948 11321
11321 7948 13362
10583 13020 14451
13020 10583 14451
14451 10583 13020
10058 1436 14762
1436 10058 14762
14762 1436 10058
3283 3839 6998
3839 3283 6998
6998 3283 3839
5360 9810 10692
9810 5360 10692
10692 5360 9810
6138 1054 11476
1054 6138 11476
11476 1054 6138
3803 154 1581
1581 154 3803
154 1581 3803
8509 45 8222
45 8222 8509
8222 45 8509
12045 5689 9676
9676 5689 12045
5689 9676 12045
14397 2223 3975
2223 3975 14397
3975 2223 14397
4051 6457 7049
7049 4051 6457
6457 4051 7049
9012 5919 6013
6013 5919 9012
5919 6013 9012
10700 4906 10473
4906 10473 10700
10473 4906 10700
4693 1511 4882
1511 4693 4882
4882 1511 4693
10288 4456 11390
11390 4456 10288
4456 10288 11390
7571 3065 11992
11992 3065 7571
3065 7571 11992
14197 6317 10008
10008 6317 14197
6317 10008 14197
8970 8380 13842
13842 8380 8970
8380 8970 13842
14967 3051 12564
3051 12564 14967
12564 3051 14967
2527 851 9916
851 2527 9916
9916 851 2527
491 4671 9938
4671 491 9938
9938 491 4671
4986 29 2840
2840 29 4986
29 2840 4986
5006 4214 5623
4214 5006 5623
5623 4214 5006
320 7166 7406
7166 320 7406
7406 320 7166
9120 1830 9746
9746 1830 9120
1830 9120 9746
9014 9832 12616
12616 9014 9832
9832 9014 12616
14532 5039 12711
12711 5039 14532
5039 12711 14532
1407 4637 9179
9179 1407 4637
4637 1407 9179
12649 2801 12944
12944 2801 12649
2801 12649 12944
5640 4171 4798
4798 4171 5640
4171 4798 5640
14000 1842 7838
7838 1842 14000
1842 7838 14000
6841 6638 8595
8595 6638 6841
6638 6841 8595
6749 6291 10762
10762 6291 6749
6291 6749 10762
11772 8199 12241
12241 8199 11772
8199 11772 12241
93 4225 8644
8644 93 4225
4225 93 8644
6473 4435 11016
11016 4435 6473
4435 6473 11016
8236 6461 8772
6461 8236 8772
8772 6461 8236
13392 1901 2866
2866 1901 13392
1901 2866 13392
14396 624 5739
5739 624 14396
624 5739 14396
3696 4113 5172
5172 3696 4113
4113 3696 5172
6476 5212 9531
5212 6476 9531
9531 5212 6476
12184 2181 12552
12552 2181 12184
2181 12184 12552
14994 1478 4031
1478 4031 14994
4031 1478 14994
6564 6956 10694
10694 6564 6956
6956 6564 10694
704 6376 8246
8246 704 6376
6376 704 8246
13207 3278 14454
14454 3278 13207
3278 13207 14454
11677 10536 11245
11245 10536 11677
10536 11245 11677
7282 8491 14626
14626 7282 8491
8491 7282 14626
7224 406 12415
12415 406 7224
406 7224 12415
4233 5249 11771
11771 4233 5249
5249 4233 11771
13458 7675 8344
8344 7675 13458
7675 8344 13458
613 4437 5706
5706 613 4437
4437 613 5706
11222 8548 9784
8548 9784 11222
9784 8548 11222
13360 6279 10116
6279 10116 13360
10116 6279 13360
3687 6426 7785
6426 3687 7785
7785 3687 6426
598 7572 14276
7572 598 14276
14276 598 7572
8801 1593 13038
1593 8801 13038
13038 1593 8801
10731 1468 2768
2768 1468 10731
1468 2768 10731
13381 8109 13401
13401 8109 13381
8109 13381 13401
7062 6424 10147
10147 6424 7062
6424 7062 10147
10423 12568 12789
12568 10423 12789
12789 10423 12568
14256 103 692
692 103 14256
103 692 14256
2093 10529 13787
10529 2093 13787
13787 2093 10529
9295 8003 11947
8003 9295 11947
11947 8003 9295
9698 8087 14534
8087 9698 14534
14534 8087 9698
11369 4259 14681
4259 11369 14681
14681 4259 11369
9740 8501 14879
14879 8501 9740
8501 9740 14879
4610 4561 9927
9927 4561 4610
4561 4610 9927
2863 1216 9962
9962 1216 2863
1216 2863 9962
2988 9031 13499
9031 2988 13499
13499 2988 9031
13487 11960 12279
12279 11960 13487
11960 12279 13487
8046 13042 14643
13042 8046 14643
14643 8046 13042
6248 4778 8711
4778 6248 8711
8711 4778 6248
1955 7498 8805
8805 1955 7498
7498 1955 8805
651 2274 4346
2274 651 4346
4346 651 2274
6208 4562 10155
10155 4562 6208
4562 6208 10155
8287 5305 8186
5305 8186 8287
8186 5305 8287
2158 1125 8746
1125 2158 8746
8746 1125 2158
3938 2727 5837
5837 2727 3938
2727 3938 5837
3659 8890 10168
8890 3659 10168
10168 3659 8890
11292 1261 13185
1261 11292 13185
13185 1261 11292
2006 4148 14951
14951 2006 4148
4148 2006 14951
11337 11252 14568
11252 11337 14568
14568 11252 11337
14921 665 12957
12957 665 14921
665 12957 14921
12753 5775 14363
14363 5775 12753
5775 12753 14363
839 287 12016
12016 287 839
287 839 12016
3965 9343 9465
9465 3965 9343
9343 3965 9465
6774 6284 12267
6284 6774 12267
12267 6284 6774
362 921 7383
7383 362 921
921 362 7383
12600 4023 6017
6017 4023 12600
4023 6017 12600
685 3288 12139
12139 685 3288
3288 685 12139
5465 5304 9846
9846 5304 5465
5304 5465 9846
7032 644 8653
644 7032 8653
8653 644 7032
1030 4310 14141
14141 1030 4310
4310 1030 14141
3972 6008 13245
13245 3972 6008
6008 3972 13245
12533 3625 10387
3625 10387 12533
10387 3625 12533
13333 1595 11437
11437 1595 13333
1595 11437 13333
2242 5566 9149
5566 2242 9149
9149 2242 5566
661 401 10410
401 661 10410
10410 401 661
9964 7503 12913
12913 7503 9964
7503 9964 12913
9227 1211 6175
6175 1211 9227
1211 6175 9227
11591 12221 13447
12221 11591 13447
13447 11591 12221
371 4724 7906
7906 371 4724
4724 371 7906
7877 120 5049
120 5049 7877
5049 120 7877
14939 5471 13272
5471 13272 14939
13272 5471 14939
3449 1292 13451
13451 1292 3449
1292 3449 13451
5152 3809 7587
7587 3809 5152
3809 5152 7587
10092 1321 8849
1321 8849 10092
8849 1321 10092
3742 7401 9581
9581 3742 7401
7401 3742 9581
10916 2178 2776
2178 2776 10916
2776 2178 10916
6155 381 6444
6444 381 6155
381 6155 6444
14121 8914 12119
12119 8914 14121
8914 12119 14121
12126 7477 12660
7477 12126 12660
12660 7477 12126
2761 7128 9824
7128 2761 9824
9824 2761 7128
2385 5577 12536
12536 2385 5577
5577 2385 12536
12480 10328 13145
13145 10328 12480
10328 12480 13145
2530 1454 9420
1454 2530 9420
9420 1454 2530
13359 3256 10682
10682 3256 13359
3256 10682 13359
2607 4627 13784
13784 2607 4627
4627 2607 13784
8904 6616 9444
9444 6616 8904
6616 8904 9444
2182 11770 12871
11770 2182 12871
12871 2182 11770
14785 1324 7670
7670 1324 14785
1324 7670 14785
7719 5843 6275
6275 5843 7719
5843 6275 7719
8757 2942 14414
2942 8757 14414
14414 2942 8757
5516 4057 10648
10648 4057 5516
4057 5516 10648
8676 7073 9975
7073 8676 9975
9975 7073 8676
9561 2545 7279
2545 7279 9561
7279 2545 9561
2959 5315 11065
5315 2959 11065
11065 2959 5315
6384 3354 13243
13243 3354 6384
3354 6384 13243
14789 3388 3986
3388 3986 14789
3986 3388 14789
6026 3097 11525
3097 6026 11525
11525 3097 6026
5527 3909 14801
14801 3909 5527
3909 5527 14801
5874 9918 12183
9918 5874 12183
12183 5874 9918
9203 2284 11000
2284 9203 11000
11000 2284 9203
4550 380 13403
13403 380 4550
380 4550 13403
1425 2336 7546
7546 1425 2336
2336 1425 7546
9636 3568 4442
4442 3568 9636
3568 4442 9636
12629 218 1018
218 1018 12629
1018 218 12629
344 2781 10135
10135 344 2781
2781 344 10135
708 1760 12810
12810 708 1760
1760 708 12810
13919 10099 11627
11627 10099 13919
10099 11627 13919
8842 59 6145
59 6145 8842
6145 59 8842
10499 1061 12084
1061 10499 12084
12084 1061 10499
8745 4218 11803
4218 8745 11803
11803 4218 8745
8973 5354 8739
8739 5354 8973
5354 8739 8973
2536 4349 14180
14180 2536 4349
4349 2536 14180
2810 412 10693
412 2810 10693
10693 412 2810
5186 2397 9150
2397 5186 9150
9150 2397 5186
13153 11332 14177
14177 11332 13153
11332 13153 14177
10626 869 5979
869 5979 10626
5979 869 10626
9359 12971 14198
14198 9359 12971
12971 9359 14198
11767 8732 12169
12169 8732 11767
8732 11767 12169
138 10153 14231
10153 138 14231
14231 138 10153
12308 3145 11140
3145 11140 12308
11140 3145 12308
10851 6592 6948
6592 6948 10851
6948 6592 10851
95 4593 13453
13453 95 4593
4593 95 13453
14079 3406 13312
13312 3406 14079
3406 13312 14079
1602 6152 12869
12869 1602 6152
6152 1602 12869
10149 5969 8239
5969 8239 10149
8239 5969 10149
4127 2821 3502
2821 3502 4127
3502 2821 4127
2368 6356 10658
6356 2368 10658
10658 2368 6356
12160 2915 9585
2915 9585 12160
9585 2915 12160
10897 5649 10650
5649 10650 10897
10650 5649 10897
3562 4156 4707
4156 3562 4707
4707 3562 4156
1832 834 10505
10505 834 1832
834 1832 10505
3297 1129 13757
13757 1129 3297
1129 3297 13757
5508 8474 12334
12334 5508 8474
8474 5508 12334
12561 3867 6949
6949 3867 12561
3867 6949 12561
12684 2075 11128
2075 11128 12684
11128 2075 12684
5055 1792 9914
9914 1792 5055
1792 5055 9914
13472 4659 6067
6067 4659 13472
4659 6067 13472
10683 1237 11414
11414 1237 10683
1237 10683 11414
5331 608 1019
1019 608 5331
608 1019 5331
12196 5976 11501
11501 5976 12196
5976 11501 12196
10179 399 1886
399 1886 10179
1886 399 10179
10130 4767 12259
12259 4767 10130
4767 10130 12259
323 1318 10072
1318 323 10072
10072 323 1318
1351 10173 12423
10173 1351 12423
12423 1351 10173
12394 5337 12976
12976 5337 12394
5337 12394 12976
8737 2977 12731
12731 2977 8737
2977 8737 12731
8996 7585 7987
7585 7987 8996
7987 7585 8996
11709 6890 12481
12481 6890 11709
6890 11709 12481
4062 127 12969
12969 127 4062
127 4062 12969
6502 4107 4661
4661 4107 6502
4107 4661 6502
7452 3237 12778
3237 7452 12778
12778 3237 7452
818 8803 9575
9575 818 8803
8803 818 9575
11976 9711 12060
12060 9711 11976
9711 11976 12060
6769 3365 8469
8469 3365 6769
3365 6769 8469
6828 2458 6220
6220 2458 6828
2458 6220 6828
14266 252 12098
252 12098 14266
12098 252 14266
4429 2465 7830
7830 2465 4429
2465 4429 7830
7347 12497 13089
13089 7347 12497
12497 7347 13089
13304 8519 9537
9537 8519 13304
8519 9537 13304
2483 7074 10660
10660 2483 7074
7074 2483 10660
11223 7072 10599
10599 7072 11223
7072 10599 11223
11199 393 4196
393 4196 11199
4196 393 11199
11172 4664 9627
4664 9627 11172
9627 4664 11172
9030 5832 13378
13378 5832 9030
5832 9030 13378
6413 5322 9521
5322 6413 9521
9521 5322 6413
4415 6313 13498
6313 4415 13498
13498 4415 6313
10726 8147 12425
12425 8147 10726
8147 10726 12425
7529 4397 6669
6669 4397 7529
4397 6669 7529
2116 10847 12483
12483 2116 10847
10847 2116 12483
1084 1666 3328
3328 1084 1666
1666 1084 3328
12057 632 13852
632 12057 13852
13852 632 12057
1172 2062 10305
2062 1172 10305
10305 1172 2062
3892 5426 10861
5426 3892 10861
10861 3892 5426
8284 11002 13860
13860 8284 11002
11002 8284 13860
4076 6014 12232
6014 4076 12232
12232 4076 6014
7577 3527 9208
3527 7577 9208
9208 3527 7577
13584 395 2074
395 2074 13584
2074 395 13584
7050 6060 9470
6060 7050 9470
9470 6060 7050
7853 3265 7265
7265 3265 7853
3265 7265 7853
3653 6895 10048
10048 3653 6895
6895 3653 10048
6170 1705 11221
11221 1705 6170
1705 6170 11221
14518 3863 13943
3863 13943 14518
13943 3863 14518
10395 670 11963
11963 670 10395
670 10395 11963
9912 480 5792
5792 480 9912
480 5792 9912
11411 5816 13577
13577 5816 11411
5816 11411 13577
11358 7145 12661
12661 7145 11358
7145 11358 12661
9128 12210 13334
12210 9128 13334
13334 9128 12210
11370 2083 6941
6941 2083 11370
2083 6941 11370
5554 11333 14620
14620 5554 11333
11333 5554 14620
3027 3885 7257
7257 3027 3885
3885 3027 7257
4898 6148 14481
6148 4898 14481
14481 4898 6148
10858 14240 14495
14495 10858 14240
14240 10858 14495
14564 4050 14988
4050 14564 14988
14988 4050 14564
14164 3309 12341
12341 3309 14164
3309 12341 14164
5012 4716 7915
4716 5012 7915
7915 4716 5012
8316 3042 13522
13522 3042 8316
3042 8316 13522
14517 3838 10976
10976 3838 14517
3838 10976 14517
6647 907 4441
907 4441 6647
4441 907 6647
13249 529 13675
13675 529 13249
529 13249 13675
293 2922 13811
2922 293 13811
13811 293 2922
7873 8938 9669
9669 7873 8938
8938 7873 9669
11918 5517 13982
13982 5517 11918
5517 11918 13982
8906 7011 12272
7011 8906 12272
12272 7011 8906
11973 5937 10422
5937 10422 11973
10422 5937 11973
3081 10077 10162
10077 3081 10162
10162 3081 10077
4930 12683 13165
13165 4930 12683
12683 4930 13165
13482 10768 13947
10768 13482 13947
13947 10768 13482
7570 90 12601
90 7570 12601
12601 90 7570
5835 4408 7809
4408 5835 7809
7809 4408 5835
2123 149 5416
149 2123 5416
5416 149 2123
12851 2392 11552
11552 2392 12851
2392 11552 12851
7358 1001 11746
11746 1001 7358
1001 7358 11746
4256 3352 10637
10637 3352 4256
3352 4256 10637
675 2582 12764
2582 675 12764
12764 675 2582
13054 1285 12400
1285 12400 13054
12400 1285 13054
9321 9220 10922
10922 9220 9321
9220 9321 10922
3834 1418 14690
14690 1418 3834
1418 3834 14690
12456 1012 8244
8244 1012 12456
1012 8244 12456
4820 2882 12695
12695 2882 4820
2882 4820 12695
5888 2206 5001
5001 2206 5888
2206 5001 5888
8727 8691 13545
13545 8691 8727
8691 8727 13545
669 10672 12798
12798 669 10672
10672 669 12798
11141 2818 9347
2818 9347 11141
9347 2818 11141
6830 12539 12910
12539 6830 12910
12910 6830 12539
450 3078 3360
3078 450 3360
3360 450 3078
10105 7176 13290
7176 10105 13290
13290 7176 10105
14356 9715 14973
9715 14356 14973
14973 9715 14356
4896 5258 8339
8339 4896 5258
5258 4896 8339
303 9127 14536
14536 303 9127
9127 303 14536
1294 7039 7215
7039 1294 7215
7215 1294 7039
11256 550 10704
10704 550 11256
550 10704 11256
6659 151 7405
151 6659 7405
7405 151 6659
3508 7867 10870
10870 3508 7867
7867 3508 10870
13677 5949 6496
6496 5949 13677
5949 6496 13677
1971 11427 12304
11427 1971 12304
12304 1971 11427
1938 8440 11902
8440 1938 11902
11902 1938 8440
11728 8372 12073
8372 11728 12073
12073 8372 11728
13182 4698 11712
11712 4698 13182
4698 11712 13182
11539 7508 12054
7508 11539 12054
12054 7508 11539
7227 4595 4985
4985 4595 7227
4595 4985 7227
40 6016 10252
10252 40 6016
6016 40 10252
6913 9255 13995
9255 6913 13995
13995 6913 9255
10605 12520 14298
14298 10605 12520
12520 10605 14298
3055 11643 11914
11914 3055 11643
11643 3055 11914
56 10326 12505
10326 56 12505
12505 56 10326
7127 4338 9382
9382 4338 7127
4338 7127 9382
10490 716 5535
716 5535 10490
5535 716 10490
5615 1646 10055
10055 1646 5615
1646 5615 10055
13533 10503 12363
12363 10503 13533
10503 12363 13533
6243 10846 11512
10846 6243 11512
11512 6243 10846
13214 4015 11163
4015 11163 13214
11163 4015 13214
7171 7896 9566
7896 7171 9566
9566 7171 7896
9455 7627 7711
7627 7711 9455
7711 7627 9455
10733 2126 12479
2126 10733 12479
12479 2126 10733
9184 4574 10685
10685 4574 9184
4574 9184 10685
11926 2018 10496
2018 10496 11926
10496 2018 11926
7683 4514 6661
4514 6661 7683
6661 4514 7683
8612 9387 11345
11345 8612 9387
9387 8612 11345
569 12554 12925
12554 569 12925
12925 569 12554
5760 3227 14519
14519 3227 5760
3227 5760 14519
11153 12845 13066
12845 11153 13066
13066 11153 12845
3857 7096 7608
7608 3857 7096
7096 3857 7608
2716 1119 2645
1119 2645 2716
2645 1119 2716
1279 1372 14319
1372 1279 14319
14319 1279 1372
13348 995 2228
2228 995 13348
995 2228 13348
3142 6120 14642
6120 3142 14642
14642 3142 6120
8759 1300 4042
4042 1300 8759
1300 4042 8759
11299 9802 12922
9802 11299 12922
12922 9802 11299
9674 10999 11804
10999 9674 11804
11804 9674 10999
1708 1849 11619
1849 1708 11619
11619 1708 1849
11564 2584 9362
9362 2584 11564
2584 9362 11564
5433 6488 10174
10174 5433 6488
6488 5433 10174
6823 1532 13255
13255 1532 6823
1532 6823 13255
1605 2779 13826
13826 1605 2779
2779 1605 13826
11274 4718 7829
7829 4718 11274
4718 7829 11274
3123 11109 12794
12794 3123 11109
11109 3123 12794
3108 744 2542
2542 744 3108
744 2542 3108
14001 6637 9587
9587 6637 14001
6637 9587 14001
6189 11801 13244
11801 6189 13244
13244 6189 11801
3864 4760 11117
4760 3864 11117
11117 3864 4760
14044 3661 12145
12145 3661 14044
3661 12145 14044
2753 11169 14649
11169 2753 14649
14649 2753 11169
11259 5292 14075
5292 11259 14075
14075 5292 11259
4790 8410 10054
8410 4790 10054
10054 4790 8410
2051 2759 3280
3280 2051 2759
2759 2051 3280
6139 1745 2590
1745 2590 6139
2590 1745 6139
5955 7136 9855
9855 5955 7136
7136 5955 9855
9297 13086 14940
14940 9297 13086
13086 9297 14940
12374 4584 13460
4584 12374 13460
13460 4584 12374
7791 8294 12717
8294 7791 12717
12717 7791 8294
9648 1958 4912
4912 1958 9648
1958 4912 9648
10146 4368 12384
4368 10146 12384
12384 4368 10146
2401 4773 11585
4773 2401 11585
11585 2401 4773
49 1882 2684
1882 49 2684
2684 49 1882
6347 1083 9434
1083 6347 9434
9434 1083 6347
13486 4819 10079
4819 10079 13486
10079 4819 13486
13765 4202 11836
4202 11836 13765
11836 4202 13765
4201 1235 1415
1235 1415 4201
1415 1235 4201
6927 591 11397
591 6927 11397
11397 591 6927
14288 864 3658
864 3658 14288
3658 864 14288
10506 68 6689
6689 68 10506
68 6689 10506
13591 7910 13631
7910 13591 13631
13631 7910 13591
11555 8582 10888
8582 10888 11555
10888 8582 11555
9690 2340 7995
7995 2340 9690
2340 7995 9690
9883 4960 9741
9741 4960 9883
4960 9741 9883
3671 3940 8932
8932 3671 3940
3940 3671 8932
7339 5158 13263
13263 5158 7339
5158 7339 13263
9654 3654 5601
5601 3654 9654
3654 5601 9654
13804 4207 13033
4207 13033 13804
13033 4207 13804
9904 1304 14693
14693 1304 9904
1304 9904 14693
13019 272 872
272 872 13019
872 272 13019
2040 6530 12204
6530 2040 12204
12204 2040 6530
5817 10027 11206
10027 5817 11206
11206 5817 10027
3906 2084 5729
5729 2084 3906
2084 3906 5729
4635 2726 6758
6758 2726 4635
2726 4635 6758
2373 1746 6517
6517 1746 2373
1746 2373 6517
14933 1137 1839
1839 1137 14933
1137 1839 14933
10811 2222 12926
12926 2222 10811
2222 10811 12926
5671 8833 10836
10836 5671 8833
8833 5671 10836
4210 4477 14251
14251 4210 4477
4477 4210 14251
9695 6015 7745
6015 7745 9695
7745 6015 9695
3343 2935 12865
2935 3343 12865
12865 2935 3343
709 4816 5813
4816 709 5813
5813 709 4816
5456 2632 14388
14388 2632 5456
2632 5456 14388
4715 1568 3174
1568 3174 4715
3174 1568 4715
1624 507 1896
507 1624 1896
1896 507 1624
969 8669 13150
8669 969 13150
13150 969 8669
8197 5784 10254
10254 5784 8197
5784 8197 10254
3162 8454 14213
8454 3162 14213
14213 3162 8454
5567 1196 7236
7236 1196 5567
1196 5567 7236
8271 754 8283
8283 754 8271
754 8271 8283
10953 8293 9389
9389 8293 10953
8293 9389 10953
14853 348 9091
9091 348 14853
348 9091 14853
14405 6660 14370
6660 14370 14405
14370 6660 14405
939 2341 2519
2519 939 2341
2341 939 2519
5298 4239 6011
4239 5298 6011
6011 4239 5298
12648 3688 8121
8121 3688 12648
3688 8121 12648
9709 1691 9772
9772 1691 9709
1691 9709 9772
8080 8093 9166
8093 8080 9166
9166 8080 8093
9205 13079 14094
13079 9205 14094
14094 9205 13079
3376 547 10449
547 3376 10449
10449 547 3376
9937 976 3567
3567 976 9937
976 3567 9937
14882 4663 9508
9508 4663 14882
4663 9508 14882
8345 999 7294
999 7294 8345
7294 999 8345
7365 6001 7721
7721 6001 7365
6001 7365 7721
13541 10248 13887
10248 13541 13887
13887 10248 13541
12545 296 6486
6486 296 12545
296 6486 12545
14705 52 7098
52 7098 14705
7098 52 14705
1473 5109 10203
10203 1473 5109
5109 1473 10203
4098 1396 8609
8609 1396 4098
1396 4098 8609
12877 5326 12253
5326 12253 12877
12253 5326 12877
307 2240 4069
2240 307 4069
4069 307 2240
13813 1498 11690
11690 1498 13813
1498 11690 13813
11664 10659 12640
12640 10659 11664
10659 11664 12640
1676 3339 8965
3339 1676 8965
8965 1676 3339
10220 1198 1616
1198 1616 10220
1616 1198 10220
7669 3371 13685
13685 3371 7669
3371 7669 13685
11718 2767 3712
2767 3712 11718
3712 2767 11718
8969 3910 8490
3910 8490 8969
8490 3910 8969
5827 8156 8213
8213 5827 8156
8156 5827 8213
11137 772 14366
772 11137 14366
14366 772 11137
14508 224 12878
12878 224 14508
224 12878 14508
11541 3781 8413
3781 8413 11541
8413 3781 11541
14976 11744 11924
11744 11924 14976
11924 11744 14976
11367 5995 11642
11642 5995 11367
5995 11367 11642
1027 531 7772
7772 531 1027
531 1027 7772
9333 8158 13395
13395 8158 9333
8158 9333 13395
12349 2328 5810
5810 2328 12349
2328 5810 12349
9167 722 13014
722 9167 13014
13014 722 9167
12596 2226 7246
2226 7246 12596
7246 2226 12596
2981 11082 14653
11082 2981 14653
14653 2981 11082
397 1053 7996
1053 397 7996
7996 397 1053
13871 1550 13473
13473 1550 13871
1550 13473 13871
5273 2733 13253
2733 5273 13253
13253 2733 5273
7387 2367 13011
13011 2367 7387
2367 7387 13011
5138 4175 9868
4175 5138 9868
9868 4175 5138
6064 518 2489
518 2489 6064
2489 518 6064
3878 1876 9425
9425 1876 3878
1876 3878 9425
681 4890 14675
14675 681 4890
4890 681 14675
13956 11191 14936
11191 13956 14936
14936 11191 13956
12281 8216 14706
14706 8216 12281
8216 12281 14706
5089 2407 11197
11197 2407 5089
2407 5089 11197
10268 735 14831
735 10268 14831
14831 735 10268
3125 1721 5334
5334 1721 3125
1721 3125 5334
4680 5589 11544
5589 4680 11544
11544 4680 5589
11997 9609 10201
10201 9609 11997
9609 10201 11997
11545 2993 9700
2993 9700 11545
9700 2993 11545
6875 634 6209
634 6209 6875
6209 634 6875
12322 5753 10215
10215 5753 12322
5753 10215 12322
5595 4549 8816
4549 5595 8816
8816 4549 5595
14721 6112 9009
6112 9009 14721
9009 6112 14721
8742 6848 9732
9732 6848 8742
6848 8742 9732
1062 8030 11445
8030 1062 11445
11445 1062 8030
7310 5168 13310
5168 7310 13310
13310 5168 7310
13899 8988 12517
12517 8988 13899
8988 12517 13899
1524 3903 12001
12001 1524 3903
3903 1524 12001
3830 3759 7076
7076 3759 3830
3759 3830 7076
11113 5116 8120
5116 8120 11113
8120 5116 11113
9463 10636 10756
10636 9463 10756
10756 9463 10636
11307 12444 12911
12911 11307 12444
12444 11307 12911
1406 6511 11240
11240 1406 6511
6511 1406 11240
12372 9383 11420
11420 9383 12372
9383 11420 12372
5016 7059 13235
13235 5016 7059
7059 5016 13235
2518 1613 14955
14955 1613 2518
1613 2518 14955
7970 790 6531
790 6531 7970
6531 790 7970
2644 5231 5347
5347 2644 5231
5231 2644 5347
10104 392 3762
392 3762 10104
3762 392 10104
11012 2869 13127
13127 2869 11012
2869 11012 13127
10200 5142 10405
10405 5142 10200
5142 10200 10405
433 6878 11813
6878 433 11813
11813 433 6878
2559 8394 10519
10519 2559 8394
8394 2559 10519
13721 7197 11341
7197 11341 13721
11341 7197 13721
5223 5317 14815
14815 5223 5317
5317 5223 14815
460 5111 10307
5111 460 10307
10307 460 5111
9381 6237 12302
6237 9381 12302
12302 6237 9381
1975 1023 1957
1023 1957 1975
1957 1023 1975
14127 1446 6240
6240 1446 14127
1446 6240 14127
1775 3824 8809
8809 1775 3824
3824 1775 8809
6746 6362 13665
6362 6746 13665
13665 6362 6746
1814 7177 12208
7177 1814 12208
12208 1814 7177
7438 17 9920
17 7438 9920
9920 17 7438
3254 9153 11127
9153 3254 11127
11127 3254 9153
1057 12398 12515
12515 1057 12398
12398 1057 12515
9099 14793 14803
14803 9099 14793
14793 9099 14803
5383 4551 14664
14664 4551 5383
4551 5383 14664
5666 6572 8165
8165 5666 6572
6572 5666 8165
3141 2437 14914
2437 3141 14914
14914 2437 3141
6943 9798 14125
9798 6943 14125
14125 6943 9798
1810 1412 7705
7705 1412 1810
1412 1810 7705
11071 13102 14269
14269 11071 13102
13102 11071 14269
1576 571 1476
1476 571 1576
571 1476 1576
3604 4313 11285
4313 3604 11285
11285 3604 4313
12809 2772 8303
8303 2772 12809
2772 8303 12809
13598 6601 8514
6601 8514 13598
8514 6601 13598
13459 786 6819
786 6819 13459
6819 786 13459
1533 6009 11853
11853 1533 6009
6009 1533 11853
10191 133 1307
1307 133 10191
133 1307 10191
13524 11891 12434
11891 12434 13524
12434 11891 13524
8859 1514 8263
1514 8263 8859
8263 1514 8859
8557 9172 11841
9172 8557 11841
11841 8557 9172
8055 1367 3944
3944 1367 8055
1367 3944 8055
8386 6847 11318
6847 8386 11318
11318 6847 8386
4540 4142 6027
4142 4540 6027
6027 4142 4540
650 1104 14023
1104 650 14023
14023 650 1104
2498 5206 10764
5206 2498 10764
10764 2498 5206
10512 13605 14102
13605 10512 14102
14102 10512 13605
9388 11957 12476
11957 9388 12476
12476 9388 11957
11925 7225 13489
7225 11925 13489
13489 7225 11925
8916 6995 8836
6995 8836 8916
8836 6995 8916
5533 1763 12175
1763 5533 12175
12175 1763 5533
4024 2270 5281
5281 2270 4024
2270 4024 5281
11310 3262 12030
3262 11310 12030
12030 3262 11310
8320 3272 9430
9430 3272 8320
3272 8320 9430
10212 3381 14580
14580 3381 10212
3381 10212 14580
13788 958 8871
958 8871 13788
8871 958 13788
2521 4793 4807
4793 2521 4807
4807 2521 4793
12165 863 6396
863 6396 12165
6396 863 12165
8116 1085 11444
1085 8116 11444
11444 1085 8116
7313 6887 10234
10234 6887 7313
6887 7313 10234
12885 9889 12447
9889 12447 12885
12447 9889 12885
7876 6177 13229
6177 7876 13229
13229 6177 7876
6810 1805 11394
1805 6810 11394
11394 1805 6810
427 8376 11122
11122 427 8376
8376 427 11122
9288 7308 7510
7308 7510 9288
7510 7308 9288
1231 2141 9358
9358 1231 2141
2141 1231 9358
8874 2352 6565
6565 2352 8874
2352 6565 8874
1314 3324 6407
3324 1314 6407
6407 1314 3324
11108 128 3331
128 3331 11108
3331 128 11108
6512 3302 3645
3302 3645 6512
3645 3302 6512
967 4874 5441
4874 967 5441
5441 967 4874
3617 2175 12623
12623 2175 3617
2175 3617 12623
9417 8145 14746
14746 8145 9417
8145 9417 14746
3496 5246 7940
5246 3496 7940
7940 3496 5246
2850 12083 14922
12083 2850 14922
14922 2850 12083
11415 7673 10284
7673 10284 11415
10284 7673 11415
8830 12787 14759
14759 8830 12787
12787 8830 14759
2563 4181 12584
4181 2563 12584
12584 2563 4181
1798 1187 10684
10684 1187 1798
1187 1798 10684
9650 2108 11579
2108 9650 11579
11579 2108 9650
8556 4948 10550
10550 4948 8556
4948 8556 10550
1009 9351 11470
11470 1009 9351
9351 1009 11470
8134 3963 4278
3963 4278 8134
4278 3963 8134
4194 228 9853
9853 228 4194
228 4194 9853
8980 1870 10544
1870 8980 10544
10544 1870 8980
14506 1123 8521
1123 8521 14506
8521 1123 14506
7844 10118 11371
10118 7844 11371
11371 7844 10118
8832 8232 9856
9856 8232 8832
8232 8832 9856
12891 9796 9800
9800 9796 12891
9796 9800 12891
5384 3952 6074
6074 3952 5384
3952 5384 6074
7667 2210 6557
2210 6557 7667
6557 2210 7667
9028 2551 14877
14877 2551 9028
2551 9028 14877
795 2510 2952
2510 795 2952
2952 795 2510
3016 10629 14621
14621 3016 10629
10629 3016 14621
3623 3213 8508
3213 3623 8508
8508 3213 3623
1429 10128 10323
10128 1429 10323
10323 1429 10128
14896 10235 12019
12019 10235 14896
10235 12019 14896
7193 423 3304
423 3304 7193
3304 423 7193
4878 2239 13674
2239 4878 13674
13674 2239 4878
13802 4786 6973
4786 6973 13802
6973 4786 13802
3912 6972 14859
14859 3912 6972
6972 3912 14859
9665 8205 13230
8205 9665 13230
13230 8205 9665
11103 1260 3768
1260 3768 11103
3768 1260 11103
14203 728 12744
728 12744 14203
12744 728 14203
13412 1335 12036
12036 1335 13412
1335 12036 13412
14478 2881 8433
8433 2881 14478
2881 8433 14478
12721 6704 6888
6704 6888 12721
6888 6704 12721
104 1523 8848
8848 104 1523
1523 104 8848
9096 2326 6472
2326 6472 9096
6472 2326 9096
6270 231 8215
231 6270 8215
8215 231 6270
1739 804 2333
804 1739 2333
2333 804 1739
1758 7739 14444
14444 1758 7739
7739 1758 14444
2445 2577 5079
2577 2445 5079
5079 2445 2577
10949 325 2225
325 2225 10949
2225 325 10949
5854 2728 13342
2728 5854 13342
13342 2728 5854
14550 9637 13557
9637 13557 14550
13557 9637 14550
14341 9279 14222
14222 9279 14341
9279 14222 14341
3891 1072 7983
7983 1072 3891
1072 3891 7983
11780 8307 9817
8307 9817 11780
9817 8307 11780
12917 8580 10497
8580 10497 12917
10497 8580 12917
12216 7556 11824
7556 11824 12216
11824 7556 12216
8561 2346 6761
6761 2346 8561
2346 6761 8561
11742 7446 9751
9751 7446 11742
7446 9751 11742
13841 11226 13652
13652 11226 13841
11226 13652 13841
541 10325 13417
13417 541 10325
10325 541 13417
10546 4301 10919
10919 4301 10546
4301 10546 10919
8837 8768 14133
8768 8837 14133
14133 8768 8837
10117 4261 4886
4261 4886 10117
4886 4261 10117
1733 2167 5982
5982 1733 2167
2167 1733 5982
11160 2112 10960
2112 10960 11160
10960 2112 11160
734 2315 14592
14592 734 2315
2315 734 14592
13088 12847 14296
14296 12847 13088
12847 13088 14296
3665 3300 8680
8680 3300 3665
3300 3665 8680
13775 8616 14555
8616 13775 14555
14555 8616 13775
1565 2708 5131
5131 1565 2708
2708 1565 5131
14445 1493 1622
1493 1622 14445
1622 1493 14445
10119 7354 14299
14299 7354 10119
7354 10119 14299
2667 9658 14647
9658 2667 14647
14647 2667 9658
8507 657 1583
657 1583 8507
1583 657 8507
12963 7550 14124
14124 7550 12963
7550 12963 14124
6066 10445 12727
10445 6066 12727
12727 6066 10445
7747 39 3662
39 3662 7747
3662 39 7747
1688 6729 8162
8162 1688 6729
6729 1688 8162
346 1942 2438
2438 346 1942
1942 346 2438
4215 5560 13707
5560 4215 13707
13707 4215 5560
1920 10052 11788
10052 1920 11788
11788 1920 10052
416 11865 13374
13374 416 11865
11865 416 13374
5978 12472 14385
12472 5978 14385
14385 5978 12472
1438 2721 7485
2721 1438 7485
7485 1438 2721
5490 1299 4950
1299 4950 5490
4950 1299 5490
3160 2142 4626
4626 2142 3160
2142 3160 4626
1226 3179 6342
3179 1226 6342
6342 1226 3179
12203 2058 9257
9257 2058 12203
2058 9257 12203
8820 4413 10433
4413 8820 10433
10433 4413 8820
3210 5042 11887
5042 3210 11887
11887 3210 5042
6273 3450 7832
3450 6273 7832
7832 3450 6273
3995 2177 5430
5430 2177 3995
2177 3995 5430
7462 1653 4679
1653 4679 7462
4679 1653 7462
1176 7454 11913
11913 1176 7454
7454 1176 11913
3029 7545 10690
10690 3029 7545
7545 3029 10690
10990 11298 12091
11298 10990 12091
12091 10990 11298
10327 567 12177
12177 567 10327
567 10327 12177
11162 6096 11033
11033 6096 11162
6096 11033 11162
3432 1077 13260
13260 1077 3432
1077 3432 13260
7467 2288 14674
2288 7467 14674
14674 2288 7467
5058 7211 14869
7211 5058 14869
14869 5058 7211
9311 8921 10513
8921 9311 10513
10513 8921 9311
960 4862 10623
4862 960 10623
10623 960 4862
1288 5160 14433
5160 1288 14433
14433 1288 5160
9414 264 2484
264 2484 9414
2484 264 9414
1096 1853 3177
1853 1096 3177
3177 1096 1853
10554 274 12056
12056 274 10554
274 10554 12056
5965 6397 11149
11149 5965 6397
6397 5965 11149
3590 2669 8632
2669 3590 8632
8632 2669 3590
358 6422 12419
6422 358 12419
12419 358 6422
4821 7603 11419
11419 4821 7603
7603 4821 11419
9544 1242 12807
12807 1242 9544
1242 9544 12807
13035 8804 11714
8804 11714 13035
11714 8804 13035
2833 7746 10800
7746 2833 10800
10800 2833 7746
8523 12509 13960
13960 8523 12509
12509 8523 13960
5570 3529 6093
6093 3529 5570
3529 5570 6093
10643 1177 2580
1177 2580 10643
2580 1177 10643
945 3518 8456
3518 945 8456
8456 945 3518
4065 3721 12192
12192 3721 4065
3721 4065 12192
9596 3801 12955
3801 9596 12955
12955 3801 9596
5536 3848 11070
11070 3848 5536
3848 5536 11070
10024 221 10225
10225 221 10024
221 10024 10225
13882 3584 13377
3584 13377 13882
13377 3584 13882
2807 5427 11126
5427 2807 11126
11126 2807 5427
655 5655 6463
5655 655 6463
6463 655 5655
7376 3341 6958
6958 3341 7376
3341 6958 7376
8551 500 8588
8588 500 8551
500 8551 8588
11031 5348 6754
6754 5348 11031
5348 6754 11031
3512 5239 13013
5239 3512 13013
13013 3512 5239
9958 7863 13855
7863 9958 13855
13855 7863 9958
6412 1816 3873
1816 3873 6412
3873 1816 6412
3935 1504 5790
1504 3935 5790
5790 1504 3935
8917 385 9872
9872 385 8917
385 8917 9872
9742 8878 10590
8878 9742 10590
10590 8878 9742
9040 7850 13081
13081 7850 9040
7850 9040 13081
6924 4410 9787
9787 4410 6924
4410 6924 9787
14760 2888 14886
2888 14760 14886
14886 2888 14760
2419 3634 7410
3634 2419 7410
7410 2419 3634
3266 14423 14430
14430 3266 14423
14423 3266 14430
3118 8657 14669
8657 3118 14669
14669 3118 8657
10935 5484 13010
5484 10935 13010
13010 5484 10935
7532 9103 10759
10759 7532 9103
9103 7532 10759
7058 5734 8831
8831 5734 7058
5734 7058 8831
5393 353 14930
353 5393 14930
14930 353 5393
9435 4974 11763
11763 4974 9435
4974 9435 11763
13593 5624 13233
5624 13233 13593
13233 5624 13593
6731 7750 10980
7750 6731 10980
10980 6731 7750
9054 13483 13663
13663 9054 13483
13483 9054 13663
10586 4005 12150
4005 10586 12150
12150 4005 10586
566 9706 9713
9706 566 9713
9713 566 9706
13915 12740 14639
12740 13915 14639
14639 12740 13915
6201 4136 4144
4144 4136 6201
4136 4144 6201
8575 1999 2617
1999 2617 8575
2617 1999 8575
1326 1462 9542
9542 1326 1462
1462 1326 9542
9038 2224 10380
10380 2224 9038
2224 9038 10380
14148 6314 13599
13599 6314 14148
6314 13599 14148
488 658 11238
658 488 11238
11238 488 658
13180 3018 11713
11713 3018 13180
3018 11713 13180
3556 1188 14962
1188 3556 14962
14962 1188 3556
12754 2107 13617
2107 12754 13617
13617 2107 12754
8229 4048 7232
4048 7232 8229
7232 4048 8229
2770 9319 12028
12028 2770 9319
9319 2770 12028
2433 568 11625
568 2433 11625
11625 568 2433
8045 10240 11789
11789 8045 10240
10240 8045 11789
12248 11996 13380
13380 11996 12248
11996 12248 13380
10924 7119 11605
7119 10924 11605
11605 7119 10924
2299 229 5191
229 2299 5191
5191 229 2299
11461 1743 12581
1743 11461 12581
12581 1743 11461
6098 9299 9806
9806 6098 9299
9299 6098 9806
8153 4340 5898
4340 5898 8153
5898 4340 8153
3036 5905 10527
10527 3036 5905
5905 3036 10527
4728 526 1150
526 1150 4728
1150 526 4728
6101 11007 13445
13445 6101 11007
11007 6101 13445
1064 1138 4614
1138 1064 4614
4614 1064 1138
6043 4717 12261
4717 6043 12261
12261 4717 6043
10934 5132 6048
5132 6048 10934
6048 5132 10934
8206 731 13764
13764 731 8206
731 8206 13764
3219 2554 7515
