822 65 697
697 65 822
65 697 822
711 538 1293
1293 538 711
538 711 1293
41 82 182
82 41 182
182 41 82
1020 97 1395
97 1020 1395
1395 97 1020
352 331 681
331 352 681
681 331 352
368 190 928
928 190 368
190 368 928
1330 1042 1485
1485 1042 1330
1042 1330 1485
815 422 819
819 422 815
422 815 819
1434 1072 1431
1431 1072 1434
1072 1431 1434
706 53 987
53 706 987
987 53 706
913 299 1110
299 913 1110
1110 299 913
416 962 1427
962 416 1427
1427 416 962
794 795 1090
795 794 1090
1090 794 795
576 153 1119
1119 153 576
153 576 1119
1057 184 820
184 820 1057
820 184 1057
982 30 865
865 30 982
30 865 982
358 1132 1352
1352 358 1132
1132 358 1352
1296 228 546
228 546 1296
546 228 1296
644 39 302
39 302 644
302 39 644
1453 699 1230
699 1230 1453
1230 699 1453
206 570 1176
570 206 1176
1176 206 570
725 1417 1430
1430 725 1417
1417 725 1430
175 410 448
448 175 410
410 175 448
762 803 864
864 762 803
803 762 864
161 23 181
181 23 161
23 161 181
1258 146 1321
146 1258 1321
1321 146 1258
127 258 953
953 127 258
258 127 953
560 984 1218
1218 560 984
984 560 1218
495 927 1064
927 495 1064
1064 495 927
233 440 821
440 233 821
821 233 440
1335 342 1346
342 1335 1346
1346 342 1335
1016 287 902
902 287 1016
287 902 1016
107 610 1046
610 107 1046
1046 107 610
1376 614 1274
1274 614 1376
614 1274 1376
61 183 480
183 61 480
480 61 183
1328 360 1275
360 1275 1328
1275 360 1328
347 372 1084
1084 347 372
372 347 1084
580 24 972
972 24 580
24 580 972
1483 906 1343
1343 906 1483
906 1343 1483
891 173 1228
1228 173 891
173 891 1228
824 325 597
325 597 824
597 325 824
640 439 1241
439 640 1241
1241 439 640
434 575 1234
1234 434 575
575 434 1234
27 566 1199
566 27 1199
1199 27 566
1402 278 1435
278 1402 1435
1435 278 1402
758 1068 1145
1145 758 1068
1068 758 1145
1184 361 923
923 361 1184
361 923 1184
509 868 1093
1093 509 868
868 509 1093
852 759 1342
759 852 1342
1342 759 852
1279 326 876
326 876 1279
876 326 1279
702 694 710
710 694 702
694 702 710
733 1121 1268
1121 733 1268
1268 733 1121
1180 400 650
650 400 1180
400 650 1180
1470 201 243
201 243 1470
243 201 1470
598 29 646
646 29 598
29 598 646
873 383 506
383 506 873
506 383 873
20 661 1157
1157 20 661
661 20 1157
195 1033 1096
1096 195 1033
1033 195 1096
1217 104 1356
1356 104 1217
104 1217 1356
488 202 460
202 460 488
460 202 488
291 847 1254
847 291 1254
1254 291 847
226 915 950
915 226 950
950 226 915
1413 340 1380
1380 340 1413
340 1380 1413
1384 1179 1462
1179 1384 1462
1462 1179 1384
524 231 1299
231 524 1299
1299 231 524
1177 1054 1329
1329 1054 1177
1054 1177 1329
1200 315 749
749 315 1200
315 749 1200
719 513 1065
1065 513 719
513 719 1065
1245 143 1416
143 1245 1416
1416 143 1245
518 1173 1249
1173 518 1249
1249 518 1173
869 137 1415
1415 137 869
137 869 1415
57 232 563
232 57 563
563 57 232
1385 1146 1238
1146 1238 1385
1238 1146 1385
1369 73 565
73 565 1369
565 73 1369
677 117 502
502 117 677
117 502 677
1473 1122 1375
1375 1122 1473
1122 1375 1473
1347 660 964
660 964 1347
964 660 1347
1114 1115 1441
1115 1114 1441
1441 1114 1115
391 405 1213
405 391 1213
1213 391 405
1018 199 415
199 415 1018
415 199 1018
627 849 1205
849 627 1205
1205 627 849
1337 743 1373
1373 743 1337
743 1337 1373
1490 1255 1318
1318 1255 1490
1255 1318 1490
466 1069 1120
1120 466 1069
1069 466 1120
1476 371 516
516 371 1476
371 516 1476
348 374 1118
1118 348 374
374 348 1118
1160 36 963
36 963 1160
963 36 1160
863 705 1392
1392 705 863
705 863 1392
983 219 620
620 219 983
219 620 983
124 462 1371
462 124 1371
1371 124 462
1124 189 831
831 189 1124
189 831 1124
292 47 583
47 292 583
583 47 292
1215 246 813
813 246 1215
246 813 1215
1070 310 663
663 310 1070
310 663 1070
1107 1109 1161
1109 1107 1161
1161 1107 1109
732 1117 1410
1117 732 1410
1410 732 1117
825 178 625
625 178 825
178 625 825
1083 221 757
757 221 1083
221 757 1083
1499 540 1394
540 1394 1499
1394 540 1499
1153 529 880
529 880 1153
880 529 1153
362 718 1011
718 362 1011
1011 362 718
476 223 225
223 225 476
225 223 476
210 224 967
224 210 967
967 210 224
1171 150 1361
150 1171 1361
1361 150 1171
648 138 1460
138 648 1460
1460 138 648
295 748 898
748 295 898
898 295 748
773 63 643
643 63 773
63 643 773
1489 435 659
435 659 1489
659 435 1489
1080 507 827
827 507 1080
507 827 1080
418 589 603
603 418 589
589 418 603
1220 343 1225
1225 343 1220
343 1220 1225
1327 1244 1487
1244 1327 1487
1487 1244 1327
465 389 641
641 389 465
389 465 641
1341 235 1383
1383 235 1341
235 1341 1383
1208 114 260
260 114 1208
114 260 1208
585 897 1066
897 585 1066
1066 585 897
1085 321 999
999 321 1085
321 999 1085
564 1023 1026
1023 564 1026
1026 564 1023
1186 159 486
159 486 1186
486 159 1186
473 735 829
735 473 829
829 473 735
1269 250 1210
1210 250 1269
250 1210 1269
479 678 1207
678 479 1207
1207 479 678
406 7 350
7 350 406
350 7 406
156 584 1048
1048 156 584
584 156 1048
1104 69 378
378 69 1104
69 378 1104
955 859 951
859 951 955
951 859 955
43 572 1398
572 43 1398
1398 43 572
1500 308 373
373 308 1500
308 373 1500
871 911 1055
911 871 1055
1055 871 911
13 404 730
404 13 730
730 13 404
1059 447 1094
447 1059 1094
1094 447 1059
1339 320 801
320 801 1339
801 320 1339
977 471 543
471 543 977
543 471 977
59 653 1189
1189 59 653
653 59 1189
1457 290 736
736 290 1457
290 736 1457
192 432 1345
432 192 1345
1345 192 432
1257 657 1452
657 1257 1452
1452 657 1257
1137 867 1112
1112 867 1137
867 1112 1137
96 62 776
776 62 96
62 96 776
975 176 1389
1389 176 975
176 975 1389
817 402 818
818 402 817
402 817 818
154 55 214
214 55 154
55 154 214
89 1063 1190
1063 89 1190
1190 89 1063
118 786 1443
1443 118 786
786 118 1443
594 112 1480
1480 112 594
112 594 1480
1322 67 99
99 67 1322
67 99 1322
709 1287 1303
1303 709 1287
1287 709 1303
482 1214 1267
1214 482 1267
1267 482 1214
1043 588 1471
1471 588 1043
588 1043 1471
936 328 1401
328 936 1401
1401 328 936
366 51 649
649 51 366
51 366 649
887 701 1475
1475 701 887
701 887 1475
303 244 322
322 244 303
244 303 322
1232 390 781
781 390 1232
390 781 1232
1282 186 1425
186 1282 1425
1425 186 1282
1496 966 1197
1197 966 1496
966 1197 1496
375 319 1332
319 375 1332
1332 319 375
239 1071 1077
1077 239 1071
1071 239 1077
861 119 787
787 119 861
119 787 861
920 31 881
881 31 920
31 881 920
1024 586 790
586 790 1024
790 586 1024
619 131 731
731 131 619
131 619 731
946 1052 1061
1061 946 1052
1052 946 1061
738 1015 1378
1378 738 1015
1015 738 1378
608 34 1164
1164 34 608
34 608 1164
50 179 635
635 50 179
179 50 635
147 349 514
349 147 514
514 147 349
698 257 364
364 257 698
257 364 698
177 106 380
380 106 177
106 177 380
1261 798 1082
798 1082 1261
1082 798 1261
724 562 615
562 615 724
615 562 724
639 267 1123
1123 267 639
267 639 1123
837 835 985
985 835 837
835 837 985
1044 1035 1458
1035 1044 1458
1458 1035 1044
1139 152 858
152 858 1139
858 152 1139
455 430 601
430 455 601
601 430 455
1357 2 167
2 167 1357
167 2 1357
193 487 1497
487 193 1497
1497 193 487
1265 64 251
251 64 1265
64 251 1265
344 453 1062
453 344 1062
1062 344 453
997 900 1439
1439 900 997
900 997 1439
1087 355 396
396 355 1087
355 396 1087
363 556 1423
1423 363 556
556 363 1423
458 129 1432
1432 129 458
129 458 1432
934 884 1155
884 934 1155
1155 884 934
1181 626 1290
626 1181 1290
1290 626 1181
274 862 1353
862 274 1353
1353 274 862
132 574 947
947 132 574
574 132 947
1482 505 1448
1448 505 1482
505 1448 1482
631 577 1127
577 631 1127
1127 577 631
1079 44 1445
1445 44 1079
44 1079 1445
187 739 919
739 187 919
919 187 739
807 32 316
32 316 807
316 32 807
276 716 1128
1128 276 716
716 276 1128
163 213 1198
213 163 1198
1198 163 213
1433 442 712
712 442 1433
442 712 1433
1039 752 1195
752 1039 1195
1195 752 1039
1397 890 1253
1253 890 1397
890 1253 1397
796 741 899
741 796 899
899 741 796
54 356 424
356 54 424
424 54 356
528 952 1444
1444 528 952
952 528 1444
671 734 1045
1045 671 734
734 671 1045
1354 450 1097
450 1097 1354
1097 450 1354
1162 607 799
799 607 1162
607 799 1162
123 217 1143
217 123 1143
1143 123 217
1414 1307 1454
1307 1414 1454
1454 1307 1414
637 318 1266
1266 318 637
318 637 1266
1053 668 1306
668 1053 1306
1306 668 1053
526 70 764
764 70 526
70 526 764
1407 996 1076
1076 996 1407
996 1076 1407
1447 357 834
834 357 1447
357 834 1447
457 180 1078
1078 180 457
180 457 1078
893 277 489
489 277 893
277 489 893
879 395 1154
1154 395 879
395 879 1154
165 680 1136
1136 165 680
680 165 1136
1003 568 1172
568 1003 1172
1172 568 1003
1116 205 1393
1393 205 1116
205 1116 1393
726 1272 1488
1488 726 1272
1272 726 1488
1191 1152 1297
1152 1191 1297
1297 1152 1191
414 965 1348
1348 414 965
965 414 1348
91 60 441
60 91 441
441 60 91
1252 98 954
98 954 1252
954 98 1252
970 253 1040
253 970 1040
1040 253 970
745 545 848
545 745 848
848 545 745
248 229 647
647 229 248
229 248 647
1092 551 1284
1284 551 1092
551 1092 1284
445 346 664
346 445 664
664 346 445
978 481 1281
1281 481 978
481 978 1281
144 783 1368
783 144 1368
1368 144 783
956 498 910
910 498 956
498 910 956
623 1211 1280
1211 623 1280
1280 623 1211
789 674 1311
674 789 1311
1311 674 789
475 1182 1351
1351 475 1182
1182 475 1351
188 889 1135
889 188 1135
1135 188 889
826 42 723
42 723 826
723 42 826
203 351 624
351 203 624
624 203 351
1178 931 1108
931 1108 1178
1108 931 1178
981 454 943
454 943 981
943 454 981
148 273 324
273 148 324
324 148 273
737 327 1363
1363 327 737
327 737 1363
297 1188 1289
1188 297 1289
1289 297 1188
427 679 1163
1163 427 679
679 427 1163
633 1426 1466
1466 633 1426
1426 633 1466
1102 672 851
672 851 1102
851 672 1102
1292 656 777
777 656 1292
656 777 1292
1455 569 833
569 833 1455
833 569 1455
636 504 1237
504 636 1237
1237 504 636
670 1051 1302
1051 670 1302
1302 670 1051
484 25 125
125 25 484
25 125 484
470 68 527
68 470 527
527 68 470
11 766 1000
766 11 1000
1000 11 766
613 941 1494
1494 613 941
941 613 1494
1103 86 1142
1142 86 1103
86 1103 1142
500 1273 1403
1273 500 1403
1403 500 1273
1219 1202 1262
1202 1219 1262
1262 1202 1219
714 21 571
571 21 714
21 571 714
399 56 279
56 279 399
279 56 399
1246 993 1239
1239 993 1246
993 1239 1246
272 100 337
337 100 272
100 272 337
654 1091 1381
1381 654 1091
1091 654 1381
451 220 995
995 220 451
220 451 995
832 88 1405
1405 88 832
88 832 1405
288 139 888
139 288 888
888 139 288
778 329 675
675 329 778
329 675 778
459 811 1038
1038 459 811
811 459 1038
1012 1032 1271
1271 1012 1032
1032 1012 1271
1276 1408 1428
1408 1276 1428
1428 1276 1408
354 1008 1387
1008 354 1387
1387 354 1008
665 1295 1469
1295 665 1469
1469 665 1295
1056 746 1491
1491 746 1056
746 1056 1491
79 423 810
810 79 423
423 79 810
1450 1 658
1 658 1450
658 1 1450
234 398 1315
1315 234 398
398 234 1315
907 307 754
307 754 907
754 307 907
1308 52 1009
52 1009 1308
1009 52 1308
1014 621 1004
1004 621 1014
621 1004 1014
5 937 1300
937 5 1300
1300 5 937
1256 713 1429
713 1256 1429
1429 713 1256
729 536 1399
536 729 1399
1399 536 729
973 522 1325
1325 522 973
522 973 1325
1492 426 542
426 542 1492
542 426 1492
1017 84 1465
84 1017 1465
1465 84 1017
1229 419 691
419 691 1229
691 419 1229
1478 909 916
909 916 1478
916 909 1478
443 791 1288
1288 443 791
791 443 1288
1075 105 1074
105 1074 1075
1074 105 1075
525 285 1404
285 525 1404
1404 285 525
388 968 992
992 388 968
968 388 992
1442 883 896
896 883 1442
883 896 1442
512 35 245
245 35 512
35 245 512
386 618 652
618 386 652
652 386 618
747 740 1141
740 747 1141
1141 740 747
94 333 823
823 94 333
333 94 823
85 932 1424
932 85 1424
1424 85 932
1007 110 606
110 606 1007
606 110 1007
286 456 1041
456 286 1041
1041 286 456
463 592 1317
592 463 1317
1317 463 592
211 289 449
449 211 289
289 211 449
1203 682 1029
682 1029 1203
1029 682 1203
550 136 1379
136 550 1379
1379 136 550
1138 728 969
728 969 1138
969 728 1138
207 558 1437
1437 207 558
558 207 1437
1158 922 1233
1233 922 1158
922 1158 1233
26 204 609
609 26 204
204 26 609
197 622 1309
1309 197 622
622 197 1309
259 1175 1396
1396 259 1175
1175 259 1396
788 384 662
384 662 788
662 384 788
673 393 1498
1498 393 673
393 673 1498
1005 160 720
720 160 1005
160 720 1005
974 130 437
130 437 974
437 130 974
593 918 1438
1438 593 918
918 593 1438
508 844 1481
844 508 1481
1481 508 844
1130 986 1106
1106 986 1130
986 1106 1130
436 721 1086
721 436 1086
1086 436 721
1391 549 767
767 549 1391
549 767 1391
808 780 1364
1364 780 808
780 808 1364
157 666 1419
666 157 1419
1419 157 666
249 630 959
959 249 630
630 249 959
1374 772 1324
772 1324 1374
1324 772 1374
238 690 1390
690 238 1390
1390 238 690
942 304 1058
304 942 1058
1058 304 942
989 1263 1362
1263 989 1362
1362 989 1263
306 212 976
976 212 306
212 306 976
866 519 669
669 519 866
519 669 866
1165 116 483
116 483 1165
483 116 1165
804 838 1113
838 804 1113
1113 804 838
92 533 1406
533 92 1406
1406 92 533
172 215 854
215 172 854
854 172 215
19 768 908
768 19 908
908 19 768
109 353 1451
1451 109 353
353 109 1451
604 684 840
684 604 840
840 604 684
531 707 755
755 531 707
707 531 755
191 1001 1140
1140 191 1001
1001 191 1140
77 151 948
948 77 151
151 77 948
472 468 612
612 468 472
468 472 612
979 676 938
676 938 979
938 676 979
1301 301 438
438 301 1301
301 438 1301
1479 282 1495
282 1479 1495
1495 282 1479
1027 421 596
596 421 1027
421 596 1027
1147 541 1223
541 1147 1223
1223 541 1147
1166 998 1464
1464 998 1166
998 1166 1464
90 467 651
651 90 467
467 90 651
548 365 933
933 365 548
365 548 933
1021 1264 1367
1264 1021 1367
1367 1021 1264
336 298 1418
1418 298 336
298 336 1418
708 774 850
774 708 850
850 708 774
1240 1236 1260
1236 1240 1260
1260 1236 1240
814 237 949
949 237 814
237 814 949
599 925 1422
1422 599 925
925 599 1422
1283 417 1243
417 1243 1283
1243 417 1283
335 185 294
185 294 335
294 185 335
1349 744 1050
744 1050 1349
1050 744 1349
429 693 1028
693 429 1028
1028 429 693
1310 1126 1468
1468 1126 1310
1126 1310 1468
1286 387 689
387 689 1286
689 387 1286
145 269 552
269 145 552
552 145 269
1334 164 338
338 164 1334
164 338 1334
914 345 1323
345 914 1323
1323 345 914
1336 227 510
227 510 1336
510 227 1336
1340 115 1372
1372 115 1340
115 1340 1372
534 311 403
311 403 534
403 311 534
1277 339 1037
339 1037 1277
1037 339 1277
792 464 1366
1366 464 792
464 792 1366
994 252 1031
1031 252 994
252 994 1031
1386 45 87
45 87 1386
87 45 1386
216 917 926
917 216 926
926 216 917
469 1025 1440
1440 469 1025
1025 469 1440
15 857 1105
1105 15 857
857 15 1105
1338 81 341
341 81 1338
81 341 1338
892 158 411
158 411 892
411 158 892
275 376 605
605 275 376
376 275 605
930 444 905
444 905 930
905 444 930
1212 379 957
379 957 1212
957 379 1212
775 121 1224
121 775 1224
1224 121 775
929 382 704
382 704 929
704 382 929
683 1204 1477
1204 683 1477
1477 683 1204
703 856 1231
856 703 1231
1231 703 856
870 209 1472
1472 209 870
209 870 1472
685 517 1474
1474 517 685
517 685 1474
1326 555 667
555 667 1326
667 555 1326
629 313 1350
313 629 1350
1350 313 629
501 477 1259
477 501 1259
1259 477 501
1006 126 134
134 126 1006
126 134 1006
991 385 885
885 385 991
385 885 991
727 140 990
990 140 727
140 727 990
478 261 632
632 261 478
261 478 632
359 266 578
266 359 578
578 266 359
78 812 1459
812 78 1459
1459 78 812
535 75 886
75 535 886
886 75 535
935 367 1088
1088 367 935
367 935 1088
284 401 751
751 284 401
401 284 751
1247 218 394
218 394 1247
394 218 1247
1409 761 836
761 836 1409
836 761 1409
103 369 1185
1185 103 369
369 103 1185
428 634 763
634 428 763
763 428 634
582 1159 1467
1159 582 1467
1467 582 1159
756 9 494
9 494 756
494 9 756
1278 262 770
262 770 1278
770 262 1278
265 108 590
108 265 590
590 108 265
111 270 1412
270 111 1412
1412 111 270
1067 611 1411
1411 611 1067
611 1067 1411
1461 872 1170
1170 872 1461
872 1170 1461
1111 93 855
93 855 1111
855 93 1111
256 765 903
903 256 765
765 256 903
1133 17 742
17 742 1133
742 17 1133
1294 523 1298
523 1294 1298
1298 523 1294
921 135 537
537 135 921
135 537 921
1201 122 452
452 122 1201
122 452 1201
497 283 407
407 283 497
283 407 497
496 12 1129
12 496 1129
1129 12 496
1148 397 1081
1081 397 1148
397 1081 1148
515 33 940
33 515 940
940 33 515
939 461 544
544 461 939
461 544 939
247 280 1013
280 247 1013
1013 247 280
945 381 431
431 381 945
381 431 945
845 314 806
806 314 845
314 806 845
474 40 1216
40 474 1216
1216 40 474
1312 557 1314
557 1312 1314
1314 557 1312
700 816 1060
816 700 1060
1060 700 816
532 503 1285
1285 503 532
503 532 1285
332 559 1131
559 332 1131
1131 332 559
894 49 843
843 49 894
49 843 894
809 1144 1250
1250 809 1144
1144 809 1250
196 687 1047
687 196 1047
1047 196 687
1206 901 1098
1098 901 1206
901 1098 1206
841 323 1125
323 841 1125
1125 323 841
842 305 587
587 305 842
305 587 842
83 988 1421
988 83 1421
1421 83 988
553 166 1049
166 553 1049
1049 166 553
877 420 961
961 420 877
420 877 961
760 255 1030
1030 255 760
255 760 1030
1319 695 715
695 715 1319
715 695 1319
242 8 1010
1010 8 242
8 242 1010
1227 960 1222
1222 960 1227
960 1222 1227
76 133 750
133 76 750
750 76 133
722 330 692
692 330 722
330 692 722
149 268 370
268 149 370
370 149 268
1358 142 853
142 853 1358
853 142 1358
1193 38 433
38 433 1193
433 38 1193
860 567 645
645 567 860
567 645 860
1365 616 1134
616 1134 1365
1134 616 1365
46 222 1242
222 46 1242
1242 46 222
1002 642 1486
1486 642 1002
642 1002 1486
334 413 530
413 334 530
530 334 413
520 300 717
300 520 717
717 300 520
425 493 944
493 425 944
944 425 493
1156 830 1270
1270 830 1156
830 1156 1270
805 264 485
264 485 805
485 264 805
162 168 539
539 162 168
168 162 539
194 80 1100
80 194 1100
1100 80 194
48 1183 1377
1377 48 1183
1183 48 1377
1463 101 802
101 802 1463
802 101 1463
1235 312 1196
312 1196 1235
1196 312 1235
1493 293 490
293 490 1493
490 293 1493
980 241 561
241 561 980
561 241 980
1150 882 958
958 882 1150
882 958 1150
10 16 1355
1355 10 16
16 10 1355
1167 254 874
254 874 1167
874 254 1167
72 71 409
409 71 72
71 72 409
1089 236 828
828 236 1089
236 828 1089
1484 309 753
309 753 1484
753 309 1484
904 18 1449
1449 18 904
18 904 1449
408 169 1333
1333 169 408
169 408 1333
924 37 174
37 174 924
174 37 924
28 579 1022
579 28 1022
1022 28 579
846 128 1359
1359 128 846
128 846 1359
141 95 591
95 141 591
591 95 141
1099 600 1034
1034 600 1099
600 1034 1099
875 878 1320
1320 875 878
878 875 1320
170 200 263
200 170 263
263 170 200
281 3 1370
3 281 1370
1370 3 281
198 1169 1291
1291 198 1169
1169 198 1291
771 171 1095
1095 171 771
171 771 1095
1446 120 1331
120 1331 1446
1331 120 1446
74 14 102
102 14 74
14 74 102
797 1209 1221
1221 797 1209
1209 797 1221
412 839 1382
1382 412 839
839 412 1382
971 655 688
688 655 971
655 688 971
1304 696 800
800 696 1304
696 800 1304
66 208 1036
1036 66 208
208 66 1036
113 1305 1344
1344 113 1305
1305 113 1344
1360 492 1313
492 1313 1360
1313 492 1360
230 784 1073
1073 230 784
784 230 1073
377 296 1174
1174 296 377
296 377 1174
392 58 1168
58 392 1168
1168 58 392
628 1248 1316
1316 628 1248
1248 628 1316
22 686 1192
1192 22 686
686 22 1192
317 499 1400
1400 317 499
499 317 1400
1251 491 895
491 895 1251
895 491 1251
602 547 785
785 547 602
547 602 785
554 240 1101
240 554 1101
1101 240 554
1436 521 1194
521 1194 1436
1194 521 1436
446 769 1149
769 446 1149
1149 446 769
155 638 1388
638 155 1388
1388 155 638
1019 793 912
793 912 1019
912 793 1019
782 4 1151
1151 4 782
4 782 1151
1420 573 1226
573 1226 1420
1226 573 1420
1187 779 1456
779 1187 1456
1456 779 1187
6 511 617
617 6 511
511 6 617
581 271 595
595 271 581
271 581 595
