1101 545 1028
1028 545 1101
545 1028 1101
98 128 317
317 98 128
128 98 317
618 1156 1175
1156 618 1175
1175 618 1156
568 759 1149
1149 568 759
759 568 1149
1136 908 1347
1347 908 1136
908 1136 1347
190 998 1214
1214 190 998
998 190 1214
1212 105 214
105 214 1212
214 105 1212
1333 117 540
540 117 1333
117 540 1333
1435 264 1350
1350 264 1435
264 1350 1435
1044 1127 1465
1127 1044 1465
1465 1044 1127
1251 749 1356
749 1251 1356
1356 749 1251
236 42 600
600 42 236
42 236 600
1454 152 546
546 152 1454
152 546 1454
1407 455 1500
455 1407 1500
1500 455 1407
153 293 903
903 153 293
293 153 903
1036 930 984
984 930 1036
930 984 1036
298 361 1108
1108 298 361
361 298 1108
244 769 1312
1312 244 769
769 244 1312
1288 27 1257
1257 27 1288
27 1257 1288
760 116 687
116 687 760
687 116 760
1402 1233 1414
1414 1233 1402
1233 1402 1414
1448 1122 1223
1223 1122 1448
1122 1223 1448
633 585 1134
585 633 1134
1134 585 633
709 49 1493
49 709 1493
1493 49 709
245 5 1282
1282 5 245
5 245 1282
529 873 1343
1343 529 873
873 529 1343
222 911 1380
911 222 1380
1380 222 911
983 1215 1326
1326 983 1215
1215 983 1326
964 368 672
368 672 964
672 368 964
11 362 1121
1121 11 362
362 11 1121
1346 858 1125
1125 858 1346
858 1125 1346
917 378 1114
378 917 1114
1114 378 917
486 735 886
735 486 886
886 486 735
1187 1019 1328
1019 1187 1328
1328 1019 1187
1191 145 987
987 145 1191
145 987 1191
288 472 1210
472 288 1210
1210 288 472
1228 325 371
325 371 1228
371 325 1228
1370 893 1306
893 1306 1370
1306 893 1370
1482 559 1362
559 1362 1482
1362 559 1482
489 681 1395
681 489 1395
1395 489 681
1373 76 1055
76 1055 1373
1055 76 1373
1207 334 639
639 334 1207
334 639 1207
960 326 515
515 326 960
326 515 960
1020 616 775
775 616 1020
616 775 1020
355 722 1281
1281 355 722
722 355 1281
403 1209 1269
1209 403 1269
1269 403 1209
948 981 1163
981 948 1163
1163 948 981
380 173 239
239 173 380
173 239 380
1085 827 828
827 828 1085
828 827 1085
502 555 805
555 502 805
805 502 555
481 417 580
580 417 481
417 481 580
689 46 1434
46 689 1434
1434 46 689
604 448 899
448 604 899
899 448 604
1342 644 1263
644 1263 1342
1263 644 1342
1107 554 630
630 554 1107
554 630 1107
1008 1182 1221
1182 1008 1221
1221 1008 1182
1239 206 519
519 206 1239
206 519 1239
1068 1419 1440
1419 1068 1440
1440 1068 1419
1283 90 139
139 90 1283
90 139 1283
69 1314 1338
1338 69 1314
1314 69 1338
1029 195 454
195 454 1029
454 195 1029
1378 211 457
211 457 1378
457 211 1378
1254 44 120
44 120 1254
120 44 1254
253 148 1285
148 253 1285
1285 148 253
1325 750 1204
1204 750 1325
750 1204 1325
1157 31 867
867 31 1157
31 867 1157
1374 1248 1353
1248 1353 1374
1353 1248 1374
146 10 1430
1430 10 146
10 146 1430
312 673 1173
673 312 1173
1173 312 673
330 1106 1117
1117 330 1106
1106 330 1117
1193 72 717
717 72 1193
72 717 1193
1128 473 968
968 473 1128
473 968 1128
83 449 499
449 83 499
499 83 449
275 314 830
314 275 830
830 275 314
518 54 408
408 54 518
54 408 518
1099 422 1192
422 1099 1192
1192 422 1099
1339 1030 1490
1030 1339 1490
1490 1030 1339
789 1118 1286
1118 789 1286
1286 789 1118
927 946 1227
946 927 1227
1227 927 946
566 109 1076
109 566 1076
1076 109 566
1463 22 471
471 22 1463
22 471 1463
1307 420 450
420 450 1307
450 420 1307
193 993 1296
1296 193 993
993 193 1296
1004 664 1300
1300 664 1004
664 1004 1300
1025 751 1035
1035 751 1025
751 1025 1035
21 804 975
975 21 804
804 21 975
657 951 1040
951 657 1040
1040 657 951
212 321 1476
1476 212 321
321 212 1476
184 989 1022
989 184 1022
1022 184 989
292 108 663
663 108 292
108 292 663
249 204 234
234 204 249
204 234 249
970 788 1189
788 970 1189
1189 788 970
270 100 445
100 270 445
445 100 270
547 1059 1198
1198 547 1059
1059 547 1198
1015 610 1301
1301 610 1015
610 1015 1301
112 915 1321
1321 112 915
915 112 1321
379 1082 1398
1398 379 1082
1082 379 1398
300 913 942
913 300 942
942 300 913
1308 384 835
384 835 1308
835 384 1308
1102 419 494
494 419 1102
419 494 1102
246 965 985
985 246 965
965 246 985
159 242 1413
242 159 1413
1413 159 242
767 692 1139
1139 692 767
692 767 1139
931 166 1462
166 931 1462
1462 166 931
1172 33 1104
1104 33 1172
33 1104 1172
733 269 921
921 269 733
269 733 921
795 97 493
493 97 795
97 493 795
1237 923 1361
923 1237 1361
1361 923 1237
1067 683 958
958 683 1067
683 958 1067
34 37 665
665 34 37
37 34 665
682 1244 1259
1259 682 1244
1244 682 1259
526 772 1323
1323 526 772
772 526 1323
271 162 918
162 271 918
918 162 271
480 281 1360
1360 281 480
281 480 1360
551 723 1483
1483 551 723
723 551 1483
340 954 1246
1246 340 954
954 340 1246
484 713 1403
713 484 1403
1403 484 713
268 1196 1340
1196 268 1340
1340 268 1196
629 400 589
589 400 629
400 589 629
482 216 432
432 216 482
216 432 482
1316 147 429
147 429 1316
429 147 1316
875 452 724
724 452 875
452 724 875
266 443 1049
443 266 1049
1049 266 443
887 52 851
52 851 887
851 52 887
848 79 1384
1384 79 848
79 848 1384
966 320 1415
320 966 1415
1415 320 966
315 196 790
196 315 790
790 196 315
703 845 1006
1006 703 845
845 703 1006
803 1425 1494
1425 803 1494
1494 803 1425
1258 205 209
209 205 1258
205 209 1258
807 978 1436
978 807 1436
1436 807 978
393 351 1039
351 393 1039
1039 351 393
460 344 691
344 460 691
691 344 460
136 588 670
588 136 670
670 136 588
714 107 383
107 383 714
383 107 714
1195 397 1442
397 1195 1442
1442 397 1195
572 1074 1280
1280 572 1074
1074 572 1280
1153 458 728
728 458 1153
458 728 1153
366 358 678
358 366 678
678 358 366
121 194 1475
1475 121 194
194 121 1475
855 676 1087
676 855 1087
1087 676 855
18 907 976
907 18 976
976 18 907
395 558 1492
1492 395 558
558 395 1492
1439 373 1355
1355 373 1439
373 1355 1439
906 1046 1334
1046 906 1334
1334 906 1046
973 32 974
974 32 973
32 973 974
1109 122 920
920 122 1109
122 920 1109
495 999 1170
999 495 1170
1170 495 999
995 308 1166
1166 308 995
308 995 1166
1033 504 1185
1185 504 1033
504 1033 1185
1179 456 696
696 456 1179
456 696 1179
485 779 1401
1401 485 779
779 485 1401
524 129 263
129 263 524
263 129 524
207 38 106
38 106 207
106 38 207
877 684 786
786 684 877
684 786 877
287 311 1224
1224 287 311
311 287 1224
247 192 414
414 192 247
192 247 414
215 93 1168
1168 93 215
93 215 1168
1077 641 1141
641 1077 1141
1141 641 1077
157 607 1093
607 157 1093
1093 157 607
926 324 349
324 349 926
349 324 926
1389 776 1086
776 1086 1389
1086 776 1389
285 997 1498
997 285 1498
1498 285 997
1017 262 332
262 332 1017
332 262 1017
289 487 859
487 289 859
859 289 487
833 957 1027
1027 833 957
957 833 1027
1304 386 1053
1053 386 1304
386 1053 1304
520 70 1137
70 520 1137
1137 70 520
261 1071 1433
1433 261 1071
1071 261 1433
587 102 353
353 102 587
102 353 587
729 273 700
700 273 729
273 700 729
80 934 1375
1375 80 934
934 80 1375
1111 637 834
637 834 1111
834 637 1111
1014 425 1133
1133 425 1014
425 1014 1133
1379 732 1467
1467 732 1379
732 1379 1467
20 508 1341
1341 20 508
508 20 1341
1159 1274 1445
1274 1159 1445
1445 1159 1274
582 227 229
229 227 582
227 229 582
1386 89 1406
89 1386 1406
1406 89 1386
306 1358 1409
1409 306 1358
1358 306 1409
721 327 710
327 710 721
710 327 721
791 1041 1400
1041 791 1400
1400 791 1041
185 466 1060
466 185 1060
1060 185 466
71 61 1352
1352 61 71
61 71 1352
621 124 402
402 124 621
124 402 621
251 26 936
26 251 936
936 26 251
727 824 1222
824 727 1222
1222 727 824
847 15 1276
15 847 1276
1276 15 847
1245 522 1184
1184 522 1245
522 1184 1245
1183 158 172
172 158 1183
158 172 1183
441 85 259
85 259 441
259 85 441
168 255 276
276 168 255
255 168 276
1238 459 839
839 459 1238
459 839 1238
1064 385 1037
1037 385 1064
385 1037 1064
231 613 977
613 231 977
977 231 613
939 155 662
662 155 939
155 662 939
1383 771 1169
1169 771 1383
771 1169 1383
900 1331 1443
1331 900 1443
1443 900 1331
1120 512 820
820 512 1120
512 820 1120
962 523 1160
523 962 1160
1160 523 962
430 747 1424
747 430 1424
1424 430 747
1327 9 1318
1318 9 1327
9 1318 1327
1272 68 138
138 68 1272
68 138 1272
773 396 1291
396 773 1291
1291 396 773
297 1043 1145
1145 297 1043
1043 297 1145
125 410 1078
1078 125 410
410 125 1078
389 170 543
543 170 389
170 389 543
1354 1003 1253
1253 1003 1354
1003 1253 1354
1054 438 496
496 438 1054
438 496 1054
1021 465 1460
1460 465 1021
465 1021 1460
996 364 490
490 364 996
364 490 996
586 189 401
401 189 586
189 401 586
398 191 1167
1167 191 398
191 398 1167
536 354 1138
1138 354 536
354 536 1138
910 338 783
338 783 910
783 338 910
78 347 1229
1229 78 347
347 78 1229
1243 556 1290
1290 556 1243
556 1243 1290
1404 84 679
679 84 1404
84 679 1404
1417 130 248
248 130 1417
130 248 1417
904 667 1469
1469 667 904
667 904 1469
1186 688 1011
688 1011 1186
1011 688 1186
1219 174 1357
174 1219 1357
1357 174 1219
1065 224 557
557 224 1065
224 557 1065
671 23 256
256 23 671
23 256 671
1486 150 295
150 295 1486
295 150 1486
1164 694 1479
1479 694 1164
694 1164 1479
1081 91 409
409 91 1081
91 409 1081
1457 627 802
802 627 1457
627 802 1457
277 534 1063
1063 277 534
534 277 1063
530 602 698
698 530 602
602 530 698
1155 406 712
406 712 1155
712 406 1155
345 313 1050
313 345 1050
1050 313 345
156 390 1091
1091 156 390
390 156 1091
1313 1180 1351
1180 1313 1351
1351 1180 1313
1421 144 632
144 632 1421
632 144 1421
787 58 573
573 58 787
58 573 787
825 575 1262
575 825 1262
1262 575 825
341 532 552
552 341 532
532 341 552
431 363 1261
363 431 1261
1261 363 431
919 669 690
669 690 919
690 669 919
404 176 476
476 176 404
176 404 476
161 57 286
57 161 286
286 57 161
1426 24 654
654 24 1426
24 654 1426
513 674 1057
674 513 1057
1057 513 674
1497 531 1399
531 1399 1497
1399 531 1497
223 92 961
961 92 223
92 223 961
103 612 1092
612 103 1092
1092 103 612
1437 77 1466
1466 77 1437
77 1437 1466
1264 435 1319
435 1264 1319
1319 435 1264
925 143 720
720 143 925
143 720 925
254 346 649
346 254 649
649 254 346
1473 370 1132
1132 370 1473
370 1132 1473
187 336 1013
1013 187 336
336 187 1013
861 171 434
434 171 861
171 434 861
852 342 1213
342 852 1213
1213 342 852
167 433 1026
1026 167 433
433 167 1026
617 64 1236
64 617 1236
1236 64 617
1135 233 350
233 350 1135
350 233 1135
897 986 1317
1317 897 986
986 897 1317
596 584 622
622 584 596
584 596 622
165 221 1477
1477 165 221
221 165 1477
941 1048 1292
1292 941 1048
1048 941 1292
1392 149 1094
1094 149 1392
149 1094 1392
535 280 634
634 280 535
280 535 634
808 932 1119
1119 808 932
932 808 1119
274 82 922
82 274 922
922 82 274
1 505 815
815 1 505
505 1 815
2 778 963
963 2 778
778 2 963
611 1438 1480
1480 611 1438
1438 611 1480
1298 114 427
427 114 1298
114 427 1298
744 754 806
754 744 806
806 744 754
416 705 1131
1131 416 705
705 416 1131
467 67 1427
1427 67 467
67 467 1427
914 182 1211
1211 182 914
182 914 1211
35 571 656
656 35 571
571 35 656
164 800 1216
800 164 1216
1216 164 800
819 4 1126
4 819 1126
1126 4 819
360 501 606
606 360 501
501 360 606
813 1116 1363
1116 813 1363
1363 813 1116
175 615 793
615 175 793
793 175 615
497 377 924
377 497 924
924 377 497
199 446 1152
1152 199 446
446 199 1152
658 1010 1305
1010 658 1305
1305 658 1010
210 177 521
521 177 210
177 210 521
1052 814 1394
1394 814 1052
814 1052 1394
780 1150 1499
1150 780 1499
1499 780 1150
857 874 879
879 857 874
874 857 879
1471 250 302
302 250 1471
250 302 1471
1329 356 1143
356 1143 1329
1143 356 1329
528 291 994
291 528 994
994 291 528
391 525 1178
1178 391 525
525 391 1178
1171 940 1194
940 1171 1194
1194 940 1171
506 706 1381
1381 506 706
706 506 1381
1470 201 1070
1070 201 1470
201 1070 1470
882 1031 1265
1265 882 1031
1031 882 1265
818 579 1080
1080 579 818
579 818 1080
1232 947 1382
947 1232 1382
1382 947 1232
533 675 726
675 533 726
726 533 675
213 232 1432
1432 213 232
232 213 1432
576 220 1423
1423 220 576
220 576 1423
699 1066 1348
1066 699 1348
1348 699 1066
598 796 878
796 598 878
878 598 796
895 1140 1255
1140 895 1255
1255 895 1140
1344 257 1393
1393 257 1344
257 1344 1393
1051 868 967
868 967 1051
967 868 1051
228 817 1487
1487 228 817
817 228 1487
142 230 889
889 142 230
230 142 889
1177 65 178
65 178 1177
178 65 1177
123 323 1278
323 123 1278
1278 123 323
418 282 405
282 405 418
405 282 418
745 640 707
707 640 745
640 707 745
1098 88 1205
88 1098 1205
1205 88 1098
660 87 1446
1446 87 660
87 660 1446
1422 387 798
798 387 1422
387 798 1422
1410 392 838
838 392 1410
392 838 1410
451 181 891
181 451 891
891 181 451
1032 394 1420
1420 394 1032
394 1032 1420
421 516 1322
1322 421 516
516 421 1322
169 595 869
869 169 595
595 169 869
686 440 871
440 686 871
871 440 686
1287 50 831
831 50 1287
50 831 1287
597 550 1144
1144 550 597
550 597 1144
929 412 801
412 801 929
801 412 929
570 53 1444
1444 53 570
53 570 1444
1367 865 1377
865 1367 1377
1377 865 1367
337 1324 1416
1324 337 1416
1416 337 1324
376 758 1097
758 376 1097
1097 376 758
567 605 614
614 567 605
605 567 614
491 243 701
701 243 491
243 491 701
1090 468 492
468 492 1090
492 468 1090
444 909 1330
909 444 1330
1330 444 909
1012 424 1311
1311 424 1012
424 1012 1311
1154 569 912
569 912 1154
912 569 1154
642 766 1450
766 642 1450
1450 642 766
1489 890 1295
890 1295 1489
1295 890 1489
372 1113 1200
1113 372 1200
1200 372 1113
1061 75 1158
1158 75 1061
75 1061 1158
1161 599 829
829 599 1161
599 829 1161
333 1349 1468
1349 333 1468
1468 333 1349
294 7 752
7 294 752
752 7 294
1271 14 542
542 14 1271
14 542 1271
343 928 1320
928 343 1320
1320 343 928
1024 60 695
695 60 1024
60 695 1024
1199 849 1203
849 1199 1203
1203 849 1199
1491 203 1275
203 1275 1491
1275 203 1491
1302 541 708
541 708 1302
708 541 1302
1201 514 1000
514 1000 1201
1000 514 1201
1069 6 757
6 757 1069
757 6 1069
1009 258 279
258 279 1009
279 258 1009
1079 950 971
950 971 1079
971 950 1079
836 299 1297
1297 299 836
299 836 1297
777 301 594
301 594 777
594 301 777
1472 1226 1369
1369 1226 1472
1226 1369 1472
278 553 581
581 278 553
553 278 581
56 415 537
537 56 415
415 56 537
782 628 1303
1303 628 782
628 782 1303
94 304 711
304 94 711
711 94 304
1455 1174 1181
1181 1174 1455
1174 1181 1455
1062 374 933
933 374 1062
374 933 1062
1364 609 1249
609 1249 1364
1249 609 1364
1176 197 1391
197 1176 1391
1391 197 1176
860 1130 1451
1130 860 1451
1451 860 1130
792 238 762
762 238 792
238 762 792
339 478 1484
478 339 1484
1484 339 478
45 335 619
335 45 619
619 45 335
870 1042 1220
1042 870 1220
1220 870 1042
539 1390 1488
1488 539 1390
1390 539 1488
862 756 1268
756 862 1268
1268 756 862
381 111 592
592 111 381
111 381 592
133 126 901
901 126 133
126 133 901
62 198 1240
1240 62 198
198 62 1240
511 118 1089
118 511 1089
1089 118 511
702 564 1289
564 702 1289
1289 564 702
1005 104 1100
1100 104 1005
104 1005 1100
1372 95 439
439 95 1372
95 439 1372
510 739 1147
1147 510 739
739 510 1147
399 503 1084
503 399 1084
1084 399 503
1230 1146 1461
1146 1230 1461
1461 1146 1230
477 382 991
991 382 477
382 477 991
577 643 704
704 577 643
643 577 704
623 872 1023
872 623 1023
1023 623 872
500 565 774
565 500 774
774 500 565
154 952 1218
1218 154 952
952 154 1218
561 593 1110
593 561 1110
1110 561 593
764 718 755
718 755 764
755 718 764
959 603 1202
1202 603 959
603 959 1202
822 949 1481
1481 822 949
949 822 1481
1096 548 1247
1247 548 1096
548 1096 1247
1007 648 1206
1206 648 1007
648 1007 1206
141 17 151
17 141 151
151 17 141
1075 799 1310
1310 799 1075
799 1075 1310
1252 413 768
413 768 1252
768 413 1252
479 650 844
650 479 844
844 479 650
659 180 462
180 462 659
462 180 659
240 821 1411
1411 240 821
821 240 1411
1294 183 1284
1284 183 1294
183 1284 1294
655 740 1431
740 655 1431
1431 655 740
1250 29 1256
1256 29 1250
29 1250 1256
369 475 770
475 369 770
770 369 475
507 86 812
812 86 507
86 507 812
1270 25 894
25 894 1270
894 25 1270
1337 840 1371
1371 840 1337
840 1337 1371
1073 453 1309
453 1073 1309
1309 453 1073
938 36 884
36 884 938
884 36 938
1293 677 1208
1208 677 1293
677 1208 1293
652 137 944
944 137 652
137 652 944
635 47 375
375 47 635
47 375 635
880 218 265
265 218 880
218 265 880
1088 1034 1412
1412 1034 1088
1034 1088 1412
1016 781 988
988 781 1016
781 988 1016
638 666 742
742 638 666
666 638 742
601 8 1083
8 601 1083
1083 8 601
329 811 1047
1047 329 811
811 329 1047
1456 283 816
816 283 1456
283 816 1456
885 252 1496
1496 252 885
252 885 1496
1095 538 883
538 883 1095
883 538 1095
1315 1241 1335
1241 1315 1335
1335 1241 1315
41 357 498
357 41 498
498 41 357
1359 40 953
40 953 1359
953 40 1359
631 1045 1366
1366 631 1045
1045 631 1366
1441 738 797
738 797 1441
797 738 1441
51 127 260
127 51 260
260 51 127
1279 307 574
307 574 1279
574 307 1279
365 305 407
407 305 365
305 365 407
850 43 208
43 208 850
208 43 850
1235 626 1453
626 1235 1453
1453 626 1235
842 591 763
763 591 842
591 763 842
743 846 1142
846 743 1142
1142 743 846
1474 864 1449
1449 864 1474
864 1449 1474
823 715 1165
715 823 1165
1165 715 823
470 30 625
30 470 625
625 30 470
309 74 1452
74 309 1452
1452 74 309
945 59 863
59 863 945
863 59 945
1151 426 753
753 426 1151
426 753 1151
969 990 1387
1387 969 990
990 969 1387
1345 583 1056
583 1056 1345
1056 583 1345
115 3 1458
3 115 1458
1458 3 115
668 1038 1103
1038 668 1103
1103 668 1038
1267 509 624
509 624 1267
624 509 1267
328 866 1485
1485 328 866
866 328 1485
916 235 955
235 916 955
955 235 916
1072 437 741
437 741 1072
741 437 1072
483 442 1385
1385 442 483
442 483 1385
469 310 1376
310 469 1376
1376 310 469
463 12 888
888 12 463
12 463 888
1459 19 646
646 19 1459
19 646 1459
837 636 937
937 636 837
636 837 937
1225 730 1368
1368 730 1225
730 1225 1368
226 1129 1418
1418 226 1129
1129 226 1418
1197 28 856
28 856 1197
856 28 1197
367 140 267
140 267 367
267 140 367
898 647 1478
647 898 1478
1478 647 898
436 544 1428
1428 436 544
544 436 1428
474 1115 1260
1115 474 1260
1260 474 1115
661 388 1124
388 661 1124
1124 388 661
1408 527 1388
527 1388 1408
1388 527 1408
352 843 1447
1447 352 843
843 352 1447
1188 784 956
784 956 1188
956 784 1188
119 517 748
748 119 517
517 119 748
1336 131 217
131 217 1336
217 131 1336
697 188 651
651 188 697
188 651 697
902 423 1112
423 902 1112
1112 423 902
359 447 1148
1148 359 447
447 359 1148
653 219 272
272 219 653
219 272 653
1242 132 1217
132 1217 1242
1217 132 1242
1018 284 608
284 608 1018
608 284 1018
562 693 1405
693 562 1405
1405 562 693
892 982 1273
1273 892 982
982 892 1273
464 101 716
716 101 464
101 464 716
1365 225 1332
225 1332 1365
1332 225 1365
461 160 719
719 160 461
160 461 719
241 331 935
331 241 935
935 241 331
179 322 761
322 179 761
761 179 322
685 66 1495
1495 66 685
66 685 1495
1001 202 826
202 826 1001
826 202 1001
832 39 237
39 237 832
237 39 832
549 73 134
73 134 549
134 73 549
881 296 680
296 680 881
680 296 881
809 55 563
563 55 809
55 563 809
905 765 1429
1429 765 905
765 905 1429
737 99 318
318 99 737
99 318 737
16 841 1162
841 16 1162
1162 16 841
734 319 746
319 734 746
746 319 734
1190 560 1277
1277 560 1190
560 1190 1277
1464 303 1058
1058 303 1464
303 1058 1464
943 854 1396
854 943 1396
1396 854 943
81 348 853
853 81 348
348 81 853
48 290 896
290 48 896
896 48 290
1234 620 1299
620 1234 1299
1299 620 1234
736 980 1231
980 736 1231
1231 736 980
645 113 411
411 113 645
113 411 645
1002 63 135
63 135 1002
135 63 1002
1123 578 794
794 578 1123
578 794 1123
110 13 1397
13 110 1397
1397 13 110
200 590 810
590 200 810
810 200 590
979 163 725
163 725 979
725 163 979
992 488 972
972 488 992
488 972 992
876 96 785
96 785 876
785 96 876
316 186 1105
186 316 1105
1105 186 316
1266 428 731
428 731 1266
731 428 1266
