8980 68483 97934
97934 8980 68483
68483 8980 97934
82587 67903 101384
101384 67903 82587
67903 82587 101384
32411 81801 117558
117558 32411 81801
81801 32411 117558
57678 131368 139313
139313 57678 131368
131368 57678 139313
71583 7217 125593
7217 71583 125593
125593 7217 71583
136815 15630 75497
15630 75497 136815
75497 15630 136815
13363 11551 53471
53471 11551 13363
11551 13363 53471
55981 19016 55065
19016 55065 55981
55065 19016 55981
24330 110771 140990
110771 24330 140990
140990 24330 110771
20513 35487 57227
57227 20513 35487
35487 20513 57227
73054 98693 105588
98693 73054 105588
105588 73054 98693
126242 39132 107825
39132 107825 126242
107825 39132 126242
117512 56578 105734
105734 56578 117512
56578 105734 117512
131461 9859 134656
9859 131461 134656
134656 9859 131461
55547 14623 84629
84629 14623 55547
14623 55547 84629
138805 66678 91998
66678 91998 138805
91998 66678 138805
130296 4196 8434
8434 4196 130296
4196 8434 130296
125490 75409 106624
106624 75409 125490
75409 106624 125490
64399 27737 35854
27737 35854 64399
35854 27737 64399
97282 107155 142074
142074 97282 107155
107155 97282 142074
121480 68761 137525
68761 121480 137525
137525 68761 121480
26690 18455 96525
18455 26690 96525
96525 18455 26690
17929 12785 130085
12785 17929 130085
130085 12785 17929
60790 74585 82121
82121 60790 74585
74585 60790 82121
33522 79179 126062
126062 33522 79179
79179 33522 126062
78506 91598 139141
91598 78506 139141
139141 78506 91598
91401 43200 138751
43200 91401 138751
138751 43200 91401
63990 30453 124473
124473 30453 63990
30453 63990 124473
147594 56366 99829
99829 56366 147594
56366 99829 147594
38383 10877 144148
10877 38383 144148
144148 10877 38383
135542 63400 127110
63400 127110 135542
127110 63400 135542
146820 79678 88670
88670 79678 146820
79678 88670 146820
48455 42419 76962
76962 42419 48455
42419 48455 76962
18458 1441 105510
1441 18458 105510
105510 1441 18458
66182 113713 142888
113713 66182 142888
142888 66182 113713
83929 94180 136016
94180 83929 136016
136016 83929 94180
132543 55694 101299
101299 55694 132543
55694 101299 132543
253 4120 109069
4120 253 109069
109069 253 4120
129061 58369 73136
58369 73136 129061
73136 58369 129061
124382 14942 50332
14942 50332 124382
50332 14942 124382
59163 59675 60892
60892 59163 59675
59675 59163 60892
70177 2669 22109
22109 2669 70177
2669 22109 70177
60740 50820 61663
50820 60740 61663
61663 50820 60740
7641 21118 122689
122689 7641 21118
21118 7641 122689
133763 73901 87717
87717 73901 133763
73901 87717 133763
120506 31433 77283
77283 31433 120506
31433 77283 120506
142190 104088 129569
129569 104088 142190
104088 129569 142190
17427 81843 141065
141065 17427 81843
81843 17427 141065
107331 45472 60609
60609 45472 107331
45472 60609 107331
89961 54673 108045
108045 54673 89961
54673 89961 108045
77734 24946 117780
117780 24946 77734
24946 77734 117780
62318 38649 99770
38649 62318 99770
99770 38649 62318
93383 2960 139740
139740 2960 93383
2960 93383 139740
53798 58628 106704
58628 53798 106704
106704 53798 58628
84942 54207 84831
54207 84831 84942
84831 54207 84942
124283 40658 56765
56765 40658 124283
40658 56765 124283
44404 21599 36774
21599 36774 44404
36774 21599 44404
65199 39261 86899
86899 39261 65199
39261 65199 86899
25361 590 35685
590 25361 35685
35685 590 25361
2987 72291 108346
72291 2987 108346
108346 2987 72291
135850 52495 79844
52495 79844 135850
79844 52495 135850
57984 2528 17246
2528 17246 57984
17246 2528 57984
53653 5733 40657
5733 40657 53653
40657 5733 53653
108574 11849 100277
11849 100277 108574
100277 11849 108574
123075 10695 135507
10695 123075 135507
135507 10695 123075
88429 76447 147999
147999 76447 88429
76447 88429 147999
112977 49829 116196
116196 49829 112977
49829 112977 116196
87112 18616 64837
64837 18616 87112
18616 64837 87112
146756 30555 98767
30555 98767 146756
98767 30555 146756
124231 110867 114433
110867 114433 124231
114433 110867 124231
12364 119026 133954
133954 12364 119026
119026 12364 133954
26089 122321 131694
131694 26089 122321
122321 26089 131694
26381 23499 31892
23499 26381 31892
31892 23499 26381
126411 92270 133922
92270 126411 133922
133922 92270 126411
37826 2731 9689
9689 2731 37826
2731 9689 37826
99255 61948 148680
61948 99255 148680
148680 61948 99255
28215 105404 145813
105404 28215 145813
145813 28215 105404
91910 67055 131723
67055 91910 131723
131723 67055 91910
105121 71240 77559
71240 77559 105121
77559 71240 105121
58753 103685 122166
122166 58753 103685
103685 58753 122166
12932 48675 124437
124437 12932 48675
48675 12932 124437
131166 83563 117094
117094 83563 131166
83563 117094 131166
94164 54 70795
54 70795 94164
70795 54 94164
45886 77278 89909
77278 45886 89909
89909 45886 77278
107813 46404 138614
46404 107813 138614
138614 46404 107813
80506 32417 34697
32417 34697 80506
34697 32417 80506
54130 110091 114582
114582 54130 110091
110091 54130 114582
39245 35716 123975
123975 35716 39245
35716 39245 123975
80117 88515 122050
88515 80117 122050
122050 80117 88515
76238 44980 110972
44980 76238 110972
110972 44980 76238
47717 80830 117522
80830 47717 117522
117522 47717 80830
110104 59825 97824
97824 59825 110104
59825 97824 110104
83649 69658 71580
69658 71580 83649
71580 69658 83649
88567 48737 58359
48737 58359 88567
58359 48737 88567
11040 2876 69060
2876 11040 69060
69060 2876 11040
75904 40048 68895
68895 40048 75904
40048 68895 75904
126507 59790 61792
61792 59790 126507
59790 61792 126507
109996 1582 74314
74314 1582 109996
1582 74314 109996
110441 12556 122670
12556 110441 122670
122670 12556 110441
100504 50237 52891
52891 50237 100504
50237 52891 100504
146927 57589 84958
84958 57589 146927
57589 84958 146927
11813 6333 119412
6333 11813 119412
119412 6333 11813
18055 84840 101265
101265 18055 84840
84840 18055 101265
132151 53338 149582
149582 53338 132151
53338 132151 149582
36469 61341 142680
142680 36469 61341
61341 36469 142680
74408 7930 9896
9896 7930 74408
7930 9896 74408
104076 35353 117360
35353 104076 117360
117360 35353 104076
73734 43719 59093
43719 59093 73734
59093 43719 73734
99596 81647 133306
133306 81647 99596
81647 99596 133306
2011 669 31021
669 2011 31021
31021 669 2011
119014 10336 45997
10336 45997 119014
45997 10336 119014
149426 2429 18320
2429 18320 149426
18320 2429 149426
116705 18828 68349
68349 18828 116705
18828 68349 116705
25978 25810 87986
25810 25978 87986
87986 25810 25978
5065 44869 79471
44869 5065 79471
79471 5065 44869
146819 76893 85483
85483 76893 146819
76893 85483 146819
50078 79300 112373
112373 50078 79300
79300 50078 112373
60253 46015 120280
46015 60253 120280
120280 46015 60253
101388 76361 107674
76361 101388 107674
107674 76361 101388
86768 71381 104066
104066 71381 86768
71381 86768 104066
274 51038 95546
95546 274 51038
51038 274 95546
98413 30759 49427
49427 30759 98413
30759 49427 98413
70054 22124 74447
22124 70054 74447
74447 22124 70054
25190 7932 69574
69574 7932 25190
7932 25190 69574
89586 2311 64387
64387 2311 89586
2311 64387 89586
120756 68844 136877
136877 68844 120756
68844 120756 136877
45315 31821 62663
31821 45315 62663
62663 31821 45315
52230 2833 106925
106925 2833 52230
2833 52230 106925
88599 8009 90800
8009 88599 90800
90800 8009 88599
111263 17443 43171
43171 17443 111263
17443 43171 111263
17024 90935 146921
90935 17024 146921
146921 17024 90935
148095 30406 73652
30406 73652 148095
73652 30406 148095
102712 60437 123087
60437 102712 123087
123087 60437 102712
48169 57588 60844
57588 48169 60844
60844 48169 57588
149799 44379 73874
44379 73874 149799
73874 44379 149799
72560 84151 132129
84151 72560 132129
132129 72560 84151
18265 46786 50389
50389 18265 46786
46786 18265 50389
57562 22148 74227
22148 57562 74227
74227 22148 57562
132208 700 5415
5415 700 132208
700 5415 132208
18735 75520 146777
75520 18735 146777
146777 18735 75520
101683 83334 113497
83334 101683 113497
113497 83334 101683
4058 40859 135784
135784 4058 40859
40859 4058 135784
8797 15781 43715
43715 8797 15781
15781 8797 43715
62342 63041 80028
63041 62342 80028
80028 62342 63041
117719 43007 70914
70914 43007 117719
43007 70914 117719
25912 13934 22805
13934 22805 25912
22805 13934 25912
90037 133343 144843
144843 90037 133343
133343 90037 144843
71006 58034 112226
58034 71006 112226
112226 58034 71006
100869 12352 88220
12352 88220 100869
88220 12352 100869
23820 34069 125204
34069 23820 125204
125204 23820 34069
70874 24003 88667
88667 24003 70874
24003 70874 88667
124482 34978 77883
77883 34978 124482
34978 77883 124482
147471 34380 104861
104861 34380 147471
34380 104861 147471
45595 49705 142129
49705 45595 142129
142129 45595 49705
52706 124598 128600
128600 52706 124598
124598 52706 128600
107015 38320 139626
139626 38320 107015
38320 107015 139626
84585 49179 112300
49179 84585 112300
112300 49179 84585
145796 17740 139517
139517 17740 145796
17740 139517 145796
48857 26377 76841
26377 48857 76841
76841 26377 48857
77613 64683 93354
64683 77613 93354
93354 64683 77613
32231 41315 124259
41315 32231 124259
124259 32231 41315
19274 43068 117483
117483 19274 43068
43068 19274 117483
146067 4534 21950
21950 4534 146067
4534 21950 146067
100914 46638 107794
107794 46638 100914
46638 100914 107794
83316 59797 79865
79865 59797 83316
59797 79865 83316
17376 39149 140668
140668 17376 39149
39149 17376 140668
104568 77118 118957
77118 104568 118957
118957 77118 104568
884 67992 133691
67992 884 133691
133691 884 67992
82954 48557 132535
48557 82954 132535
132535 48557 82954
67896 41144 116029
41144 67896 116029
116029 41144 67896
59803 99498 109540
99498 59803 109540
109540 59803 99498
135770 6545 74680
74680 6545 135770
6545 74680 135770
100190 8186 63622
8186 63622 100190
63622 8186 100190
70061 109522 129939
129939 70061 109522
109522 70061 129939
99047 24056 82485
82485 24056 99047
24056 82485 99047
3449 34334 126188
34334 3449 126188
126188 3449 34334
99416 40224 66127
66127 40224 99416
40224 66127 99416
17368 27951 47635
47635 17368 27951
27951 17368 47635
128335 121262 143555
121262 128335 143555
143555 121262 128335
45254 2013 12847
2013 12847 45254
12847 2013 45254
45083 124624 129384
129384 45083 124624
124624 45083 129384
100136 107668 135354
107668 100136 135354
135354 100136 107668
19350 57197 63449
57197 19350 63449
63449 19350 57197
86797 87832 103407
103407 86797 87832
87832 86797 103407
2584 11761 146616
11761 2584 146616
146616 2584 11761
34802 64540 111782
111782 34802 64540
64540 34802 111782
26508 19785 31468
19785 26508 31468
31468 19785 26508
32298 84538 118592
84538 32298 118592
118592 32298 84538
14737 16437 22586
16437 14737 22586
22586 14737 16437
128558 15950 120497
15950 120497 128558
120497 15950 128558
61202 107393 146349
107393 61202 146349
146349 61202 107393
137480 67004 70950
70950 67004 137480
67004 70950 137480
42514 27469 141458
141458 27469 42514
27469 42514 141458
106284 88413 89450
89450 88413 106284
88413 89450 106284
81207 1655 110725
110725 1655 81207
1655 81207 110725
5416 7463 83776
83776 5416 7463
7463 5416 83776
57759 104884 112431
104884 57759 112431
112431 57759 104884
103690 69314 101699
69314 101699 103690
101699 69314 103690
76329 52571 135238
135238 52571 76329
52571 76329 135238
60461 82935 117412
82935 60461 117412
117412 60461 82935
36174 38408 149717
38408 36174 149717
149717 36174 38408
89405 39848 86268
86268 39848 89405
39848 86268 89405
101642 19474 40074
40074 19474 101642
19474 40074 101642
20975 108158 126181
108158 20975 126181
126181 20975 108158
17016 55103 67773
55103 17016 67773
67773 17016 55103
43260 103204 110466
110466 43260 103204
103204 43260 110466
25910 48361 111980
111980 25910 48361
48361 25910 111980
90234 67469 76526
67469 76526 90234
76526 67469 90234
105450 110262 119761
110262 105450 119761
119761 105450 110262
95203 141282 148604
141282 95203 148604
148604 95203 141282
9228 91705 145055
145055 9228 91705
91705 9228 145055
59537 97835 104431
104431 59537 97835
97835 59537 104431
134373 7849 36125
7849 36125 134373
36125 7849 134373
56422 65716 95550
95550 56422 65716
65716 56422 95550
121984 51556 84015
84015 51556 121984
51556 84015 121984
23774 17962 125018
125018 17962 23774
17962 23774 125018
138633 44165 107952
44165 107952 138633
107952 44165 138633
28747 78295 110763
110763 28747 78295
78295 28747 110763
28675 56414 128971
56414 28675 128971
128971 28675 56414
63589 59401 89797
89797 59401 63589
59401 63589 89797
27168 72684 95593
95593 27168 72684
72684 27168 95593
105546 6775 149218
149218 6775 105546
6775 105546 149218
79334 21540 42795
21540 42795 79334
42795 21540 79334
23370 27848 28195
28195 23370 27848
27848 23370 28195
9224 10726 22740
10726 9224 22740
22740 9224 10726
84406 10107 87923
87923 10107 84406
10107 84406 87923
101288 15048 55649
15048 55649 101288
55649 15048 101288
105544 3640 146805
3640 105544 146805
146805 3640 105544
101863 25947 131885
131885 25947 101863
25947 101863 131885
64280 45213 116560
116560 45213 64280
45213 64280 116560
31539 73943 98403
73943 31539 98403
98403 31539 73943
135383 25274 64494
25274 64494 135383
64494 25274 135383
118661 15412 69622
69622 15412 118661
15412 69622 118661
39850 4512 25758
25758 4512 39850
4512 25758 39850
16564 64040 67466
67466 16564 64040
64040 16564 67466
120130 60244 107542
107542 60244 120130
60244 107542 120130
132103 118632 143760
143760 118632 132103
118632 132103 143760
454 61914 103838
103838 454 61914
61914 454 103838
139173 47801 61352
47801 61352 139173
61352 47801 139173
85962 55326 60191
55326 60191 85962
60191 55326 85962
44846 11089 110811
11089 44846 110811
110811 11089 44846
20274 26155 146677
26155 20274 146677
146677 20274 26155
129670 53346 82293
53346 82293 129670
82293 53346 129670
1088 86207 116789
86207 1088 116789
116789 1088 86207
24590 39431 65500
65500 24590 39431
39431 24590 65500
19472 13245 21223
13245 19472 21223
21223 13245 19472
139756 5269 38210
5269 38210 139756
38210 5269 139756
145763 7530 43749
7530 43749 145763
43749 7530 145763
73201 40213 85704
40213 73201 85704
85704 40213 73201
48491 52833 119989
119989 48491 52833
52833 48491 119989
123221 8788 129001
129001 8788 123221
8788 123221 129001
70731 128063 147636
147636 70731 128063
128063 70731 147636
100704 40282 127464
127464 40282 100704
40282 100704 127464
137729 97658 101385
97658 101385 137729
101385 97658 137729
133 13809 53018
13809 133 53018
53018 133 13809
89658 96215 118841
96215 89658 118841
118841 89658 96215
105092 46970 51447
46970 51447 105092
51447 46970 105092
149737 35726 132525
35726 132525 149737
132525 35726 149737
16190 128390 148672
148672 16190 128390
128390 16190 148672
18293 126523 130999
126523 18293 130999
130999 18293 126523
129841 4590 140440
140440 4590 129841
4590 129841 140440
120934 32390 125583
32390 120934 125583
125583 32390 120934
49050 14098 137609
137609 14098 49050
14098 49050 137609
44310 8659 128265
8659 44310 128265
128265 8659 44310
138414 40195 54078
40195 54078 138414
54078 40195 138414
143753 29593 97052
97052 29593 143753
29593 97052 143753
140157 115011 130957
115011 130957 140157
130957 115011 140157
114682 20750 91320
20750 91320 114682
91320 20750 114682
23096 4725 19081
4725 19081 23096
19081 4725 23096
96883 100410 146298
100410 96883 146298
146298 96883 100410
36894 1516 11609
11609 1516 36894
1516 11609 36894
83311 55083 134004
134004 55083 83311
55083 83311 134004
18414 22330 35735
35735 18414 22330
22330 18414 35735
85268 48583 86296
48583 85268 86296
86296 48583 85268
84215 53096 77187
53096 77187 84215
77187 53096 84215
63788 16796 147356
147356 16796 63788
16796 63788 147356
60331 102882 123226
123226 60331 102882
102882 60331 123226
77436 75654 75796
75654 75796 77436
75796 75654 77436
118550 52732 72506
52732 72506 118550
72506 52732 118550
53801 37468 58619
58619 37468 53801
37468 53801 58619
89150 70256 74644
74644 70256 89150
70256 74644 89150
16703 59725 149420
149420 16703 59725
59725 16703 149420
24156 123399 135917
135917 24156 123399
123399 24156 135917
98547 53915 75151
75151 53915 98547
53915 75151 98547
122789 22870 91480
91480 22870 122789
22870 91480 122789
94790 73275 85633
73275 85633 94790
85633 73275 94790
17862 19551 40701
40701 17862 19551
19551 17862 40701
48826 149275 149499
149275 48826 149499
149499 48826 149275
10605 47453 50597
50597 10605 47453
47453 10605 50597
146521 18184 121229
121229 18184 146521
18184 121229 146521
47938 76148 101878
101878 47938 76148
76148 47938 101878
96011 61401 110583
61401 96011 110583
110583 61401 96011
111800 13874 23881
23881 13874 111800
13874 23881 111800
96326 36668 147865
36668 96326 147865
147865 36668 96326
76776 60246 89932
60246 76776 89932
89932 60246 76776
36108 53296 59826
53296 36108 59826
59826 36108 53296
28568 132188 144292
132188 28568 144292
144292 28568 132188
123446 63251 131369
131369 63251 123446
63251 123446 131369
68425 89681 109292
109292 68425 89681
89681 68425 109292
22918 43639 127769
43639 22918 127769
127769 22918 43639
138103 32430 82061
32430 82061 138103
82061 32430 138103
60814 71474 140850
140850 60814 71474
71474 60814 140850
34381 4361 106351
106351 4361 34381
4361 34381 106351
13227 47460 55447
47460 13227 55447
55447 13227 47460
122320 64181 76902
76902 64181 122320
64181 76902 122320
108796 115045 146928
146928 108796 115045
115045 108796 146928
9803 764 4410
764 4410 9803
4410 764 9803
133262 51283 92658
51283 92658 133262
92658 51283 133262
22576 10141 110113
110113 10141 22576
10141 22576 110113
26665 21572 128303
21572 26665 128303
128303 21572 26665
1970 53950 114690
114690 1970 53950
53950 1970 114690
89013 24412 149558
24412 89013 149558
149558 24412 89013
32674 62334 131858
62334 32674 131858
131858 32674 62334
146382 131855 140592
131855 140592 146382
140592 131855 146382
11952 78246 98523
78246 11952 98523
98523 11952 78246
41385 39395 84561
39395 41385 84561
84561 39395 41385
144912 55591 149202
55591 144912 149202
149202 55591 144912
58046 54446 105281
54446 58046 105281
105281 54446 58046
128672 104186 130439
130439 104186 128672
104186 128672 130439
140444 15369 95422
95422 15369 140444
15369 95422 140444
53339 53991 83951
53991 53339 83951
83951 53339 53991
81067 33284 83859
33284 81067 83859
83859 33284 81067
90211 76586 107424
76586 90211 107424
107424 76586 90211
58182 45091 110331
110331 45091 58182
45091 58182 110331
94613 24702 29387
24702 29387 94613
29387 24702 94613
16629 23473 26007
26007 16629 23473
23473 16629 26007
118483 21663 80858
80858 21663 118483
21663 80858 118483
133370 37286 147272
147272 37286 133370
37286 133370 147272
78167 11031 116955
11031 78167 116955
116955 11031 78167
25559 78587 100895
100895 25559 78587
78587 25559 100895
19967 52042 80166
52042 19967 80166
80166 19967 52042
106413 280 54958
54958 280 106413
280 54958 106413
25114 40034 88652
40034 25114 88652
88652 25114 40034
14692 58140 106387
58140 14692 106387
106387 14692 58140
21451 70933 143890
143890 21451 70933
70933 21451 143890
92448 27836 105080
105080 27836 92448
27836 92448 105080
11905 96703 109636
96703 11905 109636
109636 11905 96703
95237 44816 108706
108706 44816 95237
44816 95237 108706
67133 102410 142391
142391 67133 102410
102410 67133 142391
65256 81859 89990
81859 65256 89990
89990 65256 81859
110673 31764 38887
38887 31764 110673
31764 38887 110673
45863 10294 129304
10294 45863 129304
129304 10294 45863
136218 92664 145538
145538 92664 136218
92664 136218 145538
118656 643 111009
643 111009 118656
111009 643 118656
134849 41164 81076
41164 81076 134849
81076 41164 134849
58338 841 68263
841 58338 68263
68263 841 58338
50767 114613 122798
122798 50767 114613
114613 50767 122798
133594 14926 121570
14926 121570 133594
121570 14926 133594
132480 100715 121721
121721 100715 132480
100715 121721 132480
134675 59943 88031
59943 88031 134675
88031 59943 134675
129322 20266 108916
108916 20266 129322
20266 108916 129322
69625 60828 133030
60828 69625 133030
133030 60828 69625
12625 37590 74775
74775 12625 37590
37590 12625 74775
78257 46588 54508
46588 54508 78257
54508 46588 78257
17040 20494 112311
20494 17040 112311
112311 17040 20494
61287 25807 146223
146223 25807 61287
25807 61287 146223
17921 95654 103541
95654 17921 103541
103541 17921 95654
81486 40549 125512
125512 40549 81486
40549 81486 125512
33861 11466 126603
11466 33861 126603
126603 11466 33861
149940 17277 97601
97601 17277 149940
17277 97601 149940
146419 98114 110563
98114 110563 146419
110563 98114 146419
39243 53199 59434
53199 39243 59434
59434 39243 53199
75675 63603 102388
63603 75675 102388
102388 63603 75675
113986 85604 130428
85604 113986 130428
130428 85604 113986
856 103691 105402
103691 856 105402
105402 856 103691
12270 24197 106883
106883 12270 24197
24197 12270 106883
8477 1777 101773
1777 8477 101773
101773 1777 8477
34272 31599 64311
64311 31599 34272
31599 34272 64311
32358 31104 141653
141653 31104 32358
31104 32358 141653
111973 14511 105504
105504 14511 111973
14511 105504 111973
89307 45795 101628
45795 89307 101628
101628 45795 89307
83837 14810 102742
102742 14810 83837
14810 83837 102742
82928 3219 119281
119281 3219 82928
3219 82928 119281
54732 32941 145994
145994 32941 54732
32941 54732 145994
36776 43960 119059
119059 36776 43960
43960 36776 119059
79486 63295 67026
63295 67026 79486
67026 63295 79486
136647 5924 56177
56177 5924 136647
5924 56177 136647
110335 78439 120434
78439 110335 120434
120434 78439 110335
69259 68561 145078
145078 68561 69259
68561 69259 145078
86630 17073 84506
17073 84506 86630
84506 17073 86630
120880 72979 127449
127449 72979 120880
72979 120880 127449
129714 2974 61084
2974 61084 129714
61084 2974 129714
66091 15071 52631
15071 52631 66091
52631 15071 66091
95836 130234 143086
143086 95836 130234
130234 95836 143086
67642 16170 71726
71726 16170 67642
16170 67642 71726
35597 9344 98869
98869 9344 35597
9344 35597 98869
99071 30718 54710
54710 30718 99071
30718 54710 99071
123347 106298 115143
106298 115143 123347
115143 106298 123347
33225 32641 53390
53390 32641 33225
32641 33225 53390
30160 4853 16595
4853 16595 30160
16595 4853 30160
8599 16450 97974
16450 8599 97974
97974 8599 16450
46415 34708 116067
116067 34708 46415
34708 46415 116067
27625 63560 142408
63560 27625 142408
142408 27625 63560
9477 4673 119373
4673 9477 119373
119373 4673 9477
110257 23250 98940
23250 98940 110257
98940 23250 110257
130593 1122 118001
1122 118001 130593
118001 1122 130593
50596 15205 103625
15205 50596 103625
103625 15205 50596
14824 29983 123350
29983 14824 123350
123350 14824 29983
101171 11764 125488
11764 101171 125488
125488 11764 101171
78718 17758 51916
51916 17758 78718
17758 51916 78718
41441 20675 118910
118910 20675 41441
20675 41441 118910
140669 123976 144603
144603 123976 140669
123976 140669 144603
115112 21740 50335
50335 21740 115112
21740 50335 115112
112263 106720 139165
139165 106720 112263
106720 112263 139165
132782 51637 100643
100643 51637 132782
51637 100643 132782
9699 45020 56341
45020 9699 56341
56341 9699 45020
29635 118041 142137
118041 29635 142137
142137 29635 118041
105336 64283 124417
64283 105336 124417
124417 64283 105336
137926 30062 124000
30062 124000 137926
124000 30062 137926
147643 15843 22312
22312 15843 147643
15843 22312 147643
92092 21708 132115
21708 92092 132115
132115 21708 92092
96951 17104 106802
17104 96951 106802
106802 17104 96951
101157 92851 121658
121658 92851 101157
92851 101157 121658
94620 97952 121686
121686 94620 97952
97952 94620 121686
75739 11621 94411
11621 75739 94411
94411 11621 75739
147228 54670 68670
68670 54670 147228
54670 68670 147228
67475 65937 80979
65937 67475 80979
80979 65937 67475
123981 104707 113654
113654 104707 123981
104707 113654 123981
114043 127133 141208
141208 114043 127133
127133 114043 141208
15456 14524 58498
58498 14524 15456
14524 15456 58498
10365 36625 131616
131616 10365 36625
36625 10365 131616
25832 21075 67602
67602 21075 25832
21075 25832 67602
54909 43179 61553
61553 43179 54909
43179 54909 61553
43078 142327 144642
142327 43078 144642
144642 43078 142327
63865 51567 130736
130736 51567 63865
51567 63865 130736
112569 32907 132374
132374 32907 112569
32907 112569 132374
26560 64870 74426
74426 26560 64870
64870 26560 74426
67634 30286 88954
30286 67634 88954
88954 30286 67634
17398 87276 140553
87276 17398 140553
140553 17398 87276
8075 44811 48886
48886 8075 44811
44811 8075 48886
86225 31874 75812
75812 31874 86225
31874 75812 86225
147481 9548 26712
9548 26712 147481
26712 9548 147481
33914 76686 88765
88765 33914 76686
76686 33914 88765
65713 66424 132092
132092 65713 66424
66424 65713 132092
104108 28460 133352
28460 104108 133352
133352 28460 104108
84173 48362 134309
48362 84173 134309
134309 48362 84173
258 33721 121042
33721 258 121042
121042 258 33721
8712 44783 122712
44783 8712 122712
122712 8712 44783
94267 85607 146039
146039 85607 94267
85607 94267 146039
137015 19711 90343
19711 90343 137015
90343 19711 137015
111341 8880 124408
8880 111341 124408
124408 8880 111341
110342 49141 94432
49141 94432 110342
94432 49141 110342
79939 62159 90028
90028 62159 79939
62159 79939 90028
133783 13930 34301
34301 13930 133783
13930 34301 133783
4656 96528 141734
141734 4656 96528
96528 4656 141734
149457 40204 41402
40204 41402 149457
41402 40204 149457
83220 44795 53752
44795 53752 83220
53752 44795 83220
102337 43872 45953
43872 45953 102337
45953 43872 102337
28267 80378 141791
80378 28267 141791
141791 28267 80378
77521 77760 116078
77760 77521 116078
116078 77521 77760
21634 77602 100984
77602 21634 100984
100984 21634 77602
15042 12466 131491
131491 12466 15042
12466 15042 131491
106433 31301 125340
125340 31301 106433
31301 106433 125340
37249 74847 136191
136191 37249 74847
74847 37249 136191
149731 2083 48469
2083 48469 149731
48469 2083 149731
52465 118206 127022
127022 52465 118206
118206 52465 127022
101518 1296 26293
1296 26293 101518
26293 1296 101518
77212 20794 94039
20794 77212 94039
94039 20794 77212
43406 19336 63190
63190 19336 43406
19336 43406 63190
44647 96363 118504
118504 44647 96363
96363 44647 118504
123172 91294 148701
148701 91294 123172
91294 123172 148701
22469 31543 32294
31543 22469 32294
32294 22469 31543
115618 122542 126872
126872 115618 122542
122542 115618 126872
133064 31943 49518
31943 49518 133064
49518 31943 133064
94212 10966 137262
10966 94212 137262
137262 10966 94212
39000 564 22456
564 22456 39000
22456 564 39000
45168 118909 144531
118909 45168 144531
144531 45168 118909
48259 35425 48607
35425 48259 48607
48607 35425 48259
103701 22015 116583
22015 103701 116583
116583 22015 103701
47686 99636 134664
134664 47686 99636
99636 47686 134664
3399 32264 148784
32264 3399 148784
148784 3399 32264
59777 31628 40382
31628 40382 59777
40382 31628 59777
149288 28084 31701
31701 28084 149288
28084 31701 149288
35091 46311 148155
148155 35091 46311
46311 35091 148155
60155 80539 99542
99542 60155 80539
80539 60155 99542
143778 106872 125637
125637 106872 143778
106872 125637 143778
50635 73812 129201
129201 50635 73812
73812 50635 129201
66971 44860 89480
89480 44860 66971
44860 66971 89480
103945 26216 98668
98668 26216 103945
26216 98668 103945
4066 2234 95322
2234 4066 95322
95322 2234 4066
65505 67305 83231
67305 65505 83231
83231 65505 67305
86696 38594 113156
113156 38594 86696
38594 86696 113156
94785 69029 76911
69029 76911 94785
76911 69029 94785
115585 28662 77508
28662 77508 115585
77508 28662 115585
44236 47742 124392
47742 44236 124392
124392 44236 47742
1561 67128 98833
98833 1561 67128
67128 1561 98833
115962 28347 93586
28347 93586 115962
93586 28347 115962
19485 59358 120587
59358 19485 120587
120587 19485 59358
126976 47728 83082
47728 83082 126976
83082 47728 126976
85958 38482 74208
74208 38482 85958
38482 74208 85958
31696 42096 49134
42096 31696 49134
49134 31696 42096
14607 71730 132126
132126 14607 71730
71730 14607 132126
95384 28236 28518
28236 28518 95384
28518 28236 95384
111480 38733 145029
145029 38733 111480
38733 111480 145029
116357 71322 122070
122070 71322 116357
71322 116357 122070
77578 24083 40653
24083 40653 77578
40653 24083 77578
81140 14094 92002
14094 81140 92002
92002 14094 81140
116386 32879 46190
32879 46190 116386
46190 32879 116386
54406 29370 125647
29370 54406 125647
125647 29370 54406
77607 98318 98734
98734 77607 98318
98318 77607 98734
26702 21978 69884
69884 21978 26702
21978 26702 69884
51103 113867 145749
145749 51103 113867
113867 51103 145749
140921 115139 145225
145225 115139 140921
115139 140921 145225
99512 72010 126441
126441 72010 99512
72010 99512 126441
147329 33208 132972
33208 132972 147329
132972 33208 147329
10216 125441 128661
128661 10216 125441
125441 10216 128661
89994 62881 108528
108528 62881 89994
62881 89994 108528
119485 32908 108489
32908 108489 119485
108489 32908 119485
140035 62585 110589
110589 62585 140035
62585 110589 140035
32728 98608 138329
98608 32728 138329
138329 32728 98608
114228 59003 102907
59003 102907 114228
102907 59003 114228
46876 9444 148374
148374 9444 46876
9444 46876 148374
118421 105900 115994
115994 105900 118421
105900 115994 118421
100204 62032 130287
130287 62032 100204
62032 100204 130287
105636 72658 111277
72658 105636 111277
111277 72658 105636
86602 115552 116966
115552 86602 116966
116966 86602 115552
51554 38076 99431
38076 51554 99431
99431 38076 51554
101063 27842 71596
71596 27842 101063
27842 71596 101063
117031 41808 108005
108005 41808 117031
41808 108005 117031
87764 85811 142435
142435 85811 87764
85811 87764 142435
85204 14247 148254
148254 14247 85204
14247 85204 148254
51600 2678 75433
75433 2678 51600
2678 51600 75433
96736 121884 134868
134868 96736 121884
121884 96736 134868
59467 12565 88847
12565 59467 88847
88847 12565 59467
88749 66927 70687
66927 70687 88749
70687 66927 88749
141789 64284 75336
64284 75336 141789
75336 64284 141789
116207 45922 110149
110149 45922 116207
45922 110149 116207
53839 83134 101262
83134 53839 101262
101262 53839 83134
4720 23019 74071
74071 4720 23019
23019 4720 74071
47008 48770 90276
48770 47008 90276
90276 47008 48770
33279 80670 132701
132701 33279 80670
80670 33279 132701
101467 51104 124827
124827 51104 101467
51104 101467 124827
119730 33725 50076
50076 33725 119730
33725 50076 119730
74849 21933 120100
120100 21933 74849
21933 74849 120100
41622 60764 136122
136122 41622 60764
60764 41622 136122
80430 10479 27000
27000 10479 80430
10479 27000 80430
88293 36141 88967
36141 88293 88967
88967 36141 88293
26321 136049 137697
137697 26321 136049
136049 26321 137697
71059 14866 60884
60884 14866 71059
14866 60884 71059
51276 76452 113154
113154 51276 76452
76452 51276 113154
134894 1401 21039
21039 1401 134894
1401 21039 134894
147230 594 27556
594 27556 147230
27556 594 147230
7827 144145 148506
144145 7827 148506
148506 7827 144145
130768 88458 149317
149317 88458 130768
88458 130768 149317
149396 7638 51599
51599 7638 149396
7638 51599 149396
40488 129074 129462
129462 40488 129074
129074 40488 129462
126479 89176 125522
125522 89176 126479
89176 125522 126479
54634 65695 123072
65695 54634 123072
123072 54634 65695
64577 14718 140147
140147 14718 64577
14718 64577 140147
17458 34013 125428
34013 17458 125428
125428 17458 34013
24196 5815 125717
5815 24196 125717
125717 5815 24196
65212 125476 148197
148197 65212 125476
125476 65212 148197
107252 112678 122751
122751 107252 112678
112678 107252 122751
65669 65752 95117
95117 65669 65752
65752 65669 95117
55636 12023 148386
12023 55636 148386
148386 12023 55636
146347 83496 94095
83496 94095 146347
94095 83496 146347
44427 28396 124195
124195 28396 44427
28396 44427 124195
12393 58286 140762
58286 12393 140762
140762 12393 58286
121766 27975 34883
34883 27975 121766
27975 34883 121766
96948 126804 145927
145927 96948 126804
126804 96948 145927
87744 37424 49118
37424 49118 87744
49118 37424 87744
139424 10577 53580
53580 10577 139424
10577 53580 139424
25991 17647 35723
35723 17647 25991
17647 25991 35723
75942 51734 83372
83372 51734 75942
51734 75942 83372
32639 5650 125475
125475 5650 32639
5650 32639 125475
51319 24794 83831
24794 51319 83831
83831 24794 51319
93462 38716 143578
143578 38716 93462
38716 93462 143578
57761 38900 56103
56103 38900 57761
38900 56103 57761
7470 22514 46813
46813 7470 22514
22514 7470 46813
148682 33984 85884
85884 33984 148682
33984 85884 148682
110118 81206 95443
81206 95443 110118
95443 81206 110118
48429 63888 114479
63888 48429 114479
114479 48429 63888
82001 127988 143326
127988 82001 143326
143326 82001 127988
93599 2450 41964
2450 41964 93599
41964 2450 93599
111379 38895 45609
38895 45609 111379
45609 38895 111379
82869 70370 89088
70370 82869 89088
89088 70370 82869
47154 28177 72002
28177 47154 72002
72002 28177 47154
47867 39926 66044
39926 47867 66044
66044 39926 47867
25767 7629 123714
123714 7629 25767
7629 25767 123714
21966 11279 96702
11279 21966 96702
96702 11279 21966
24137 4887 33927
4887 24137 33927
33927 4887 24137
4198 56774 71762
56774 4198 71762
71762 4198 56774
11181 45871 62040
62040 11181 45871
45871 11181 62040
79055 117102 123035
123035 79055 117102
117102 79055 123035
18034 61702 148251
61702 18034 148251
148251 18034 61702
63505 21624 26643
21624 26643 63505
26643 21624 63505
130536 21743 100095
100095 21743 130536
21743 100095 130536
86375 30646 39334
39334 30646 86375
30646 39334 86375
54361 8027 28285
28285 8027 54361
8027 28285 54361
36189 26775 49001
49001 26775 36189
26775 36189 49001
8839 43233 76038
76038 8839 43233
43233 8839 76038
91166 109326 139660
139660 91166 109326
109326 91166 139660
548 91528 144364
91528 548 144364
144364 548 91528
72940 44206 124610
124610 44206 72940
44206 72940 124610
88351 60569 80696
60569 80696 88351
80696 60569 88351
113914 82105 98961
82105 98961 113914
98961 82105 113914
50189 9318 99799
9318 50189 99799
99799 9318 50189
95687 538 13851
13851 538 95687
538 13851 95687
109582 77545 92114
92114 77545 109582
77545 92114 109582
106495 2373 109402
2373 106495 109402
109402 2373 106495
120470 30117 53540
53540 30117 120470
30117 53540 120470
141949 61345 126000
126000 61345 141949
61345 126000 141949
62736 38395 57302
57302 38395 62736
38395 57302 62736
15359 51086 128609
51086 15359 128609
128609 15359 51086
86989 16574 136773
16574 86989 136773
136773 16574 86989
84670 82822 133035
82822 84670 133035
133035 82822 84670
83678 80421 146646
80421 83678 146646
146646 80421 83678
100863 124322 141932
124322 100863 141932
141932 100863 124322
8170 22291 137446
22291 8170 137446
137446 8170 22291
124464 39412 128287
128287 39412 124464
39412 124464 128287
23496 104599 137849
137849 23496 104599
104599 23496 137849
93309 30837 126141
30837 93309 126141
126141 30837 93309
44064 80526 139573
139573 44064 80526
80526 44064 139573
20309 67089 118168
67089 20309 118168
118168 20309 67089
115545 31718 38910
31718 38910 115545
38910 31718 115545
74714 45658 63825
45658 63825 74714
63825 45658 74714
38537 46120 86238
86238 38537 46120
46120 38537 86238
120968 75967 89776
75967 89776 120968
89776 75967 120968
132811 82870 117932
117932 82870 132811
82870 117932 132811
142194 19364 62153
19364 62153 142194
62153 19364 142194
69885 72284 127645
72284 69885 127645
127645 69885 72284
9081 55754 59345
55754 9081 59345
59345 9081 55754
62356 25614 101061
101061 25614 62356
25614 62356 101061
85873 82063 97683
97683 82063 85873
82063 85873 97683
90108 9436 132880
9436 90108 132880
132880 9436 90108
4823 73346 129279
129279 4823 73346
73346 4823 129279
12206 18930 135453
135453 12206 18930
18930 12206 135453
24820 16094 116824
16094 24820 116824
116824 16094 24820
96685 43051 60067
60067 43051 96685
43051 60067 96685
85030 37405 77906
77906 37405 85030
37405 77906 85030
90635 115345 121534
121534 90635 115345
115345 90635 121534
95034 59307 112922
59307 95034 112922
112922 59307 95034
54601 20749 53281
20749 53281 54601
53281 20749 54601
82456 122338 140878
140878 82456 122338
122338 82456 140878
68352 115877 145337
145337 68352 115877
115877 68352 145337
20619 38299 126177
38299 20619 126177
126177 20619 38299
114168 9672 37989
9672 37989 114168
37989 9672 114168
110924 39639 142993
39639 110924 142993
142993 39639 110924
13454 32338 34824
32338 13454 34824
34824 13454 32338
133102 104967 105111
104967 105111 133102
105111 104967 133102
86434 9533 57242
9533 57242 86434
57242 9533 86434
78517 68168 100779
68168 78517 100779
100779 68168 78517
98017 60618 61560
60618 61560 98017
61560 60618 98017
39713 125760 133044
133044 39713 125760
125760 39713 133044
104773 81359 84761
84761 81359 104773
81359 84761 104773
53436 44038 128821
44038 53436 128821
128821 44038 53436
33458 76053 85929
85929 33458 76053
76053 33458 85929
6366 30993 96343
96343 6366 30993
30993 6366 96343
6505 50793 148160
148160 6505 50793
50793 6505 148160
12745 30516 43921
43921 12745 30516
30516 12745 43921
34985 153 122921
122921 153 34985
153 34985 122921
109171 64276 131149
64276 109171 131149
131149 64276 109171
87434 140533 146296
140533 87434 146296
146296 87434 140533
131769 105677 114174
114174 105677 131769
105677 114174 131769
18602 102169 133397
133397 18602 102169
102169 18602 133397
47444 25064 85895
25064 47444 85895
85895 25064 47444
145200 16459 139113
16459 139113 145200
139113 16459 145200
142055 123287 126554
123287 126554 142055
126554 123287 142055
94133 123677 133501
123677 94133 133501
133501 94133 123677
139253 30506 92811
30506 92811 139253
92811 30506 139253
73499 24158 44440
24158 44440 73499
44440 24158 73499
85523 89258 134854
89258 85523 134854
134854 85523 89258
52978 17646 124902
124902 17646 52978
17646 52978 124902
21744 67982 143285
67982 21744 143285
143285 21744 67982
77911 29774 87168
87168 29774 77911
29774 77911 87168
31759 75941 123337
123337 31759 75941
75941 31759 123337
63453 93954 113320
113320 63453 93954
93954 63453 113320
76244 49428 88646
49428 76244 88646
88646 49428 76244
30316 10309 125222
125222 10309 30316
10309 30316 125222
73598 126032 141257
141257 73598 126032
126032 73598 141257
76992 64596 132846
132846 64596 76992
64596 76992 132846
95711 84798 125595
125595 84798 95711
84798 95711 125595
27949 146710 147845
147845 27949 146710
146710 27949 147845
132000 34646 100534
100534 34646 132000
34646 100534 132000
15708 48264 84324
84324 15708 48264
48264 15708 84324
126656 81879 117267
117267 81879 126656
81879 117267 126656
135 29755 98153
29755 135 98153
98153 135 29755
131503 880 113173
113173 880 131503
880 113173 131503
2203 17352 122363
17352 2203 122363
122363 2203 17352
16051 20254 49465
49465 16051 20254
20254 16051 49465
118637 54476 110688
54476 110688 118637
110688 54476 118637
89249 39656 57249
57249 39656 89249
39656 57249 89249
119678 14634 124483
124483 14634 119678
14634 119678 124483
129617 44322 46171
46171 44322 129617
44322 46171 129617
93429 29094 63577
29094 63577 93429
63577 29094 93429
135578 80214 145460
80214 135578 145460
145460 80214 135578
88491 10633 146963
10633 88491 146963
146963 10633 88491
94069 114934 145149
114934 94069 145149
145149 94069 114934
123520 44784 113490
113490 44784 123520
44784 113490 123520
32637 48236 129114
48236 32637 129114
129114 32637 48236
33886 45532 133423
133423 33886 45532
45532 33886 133423
81580 25385 108374
25385 81580 108374
108374 25385 81580
130645 78653 148100
148100 78653 130645
78653 130645 148100
144407 42439 110210
42439 110210 144407
110210 42439 144407
149662 90465 143479
143479 90465 149662
90465 143479 149662
103597 1827 106531
106531 1827 103597
1827 103597 106531
140223 10682 107483
10682 107483 140223
107483 10682 140223
42739 37414 50816
50816 37414 42739
37414 42739 50816
52635 2435 8466
2435 8466 52635
8466 2435 52635
41532 19670 112733
19670 41532 112733
112733 19670 41532
137306 57468 104335
57468 104335 137306
104335 57468 137306
77254 2216 128802
2216 77254 128802
128802 2216 77254
41109 58104 71612
71612 41109 58104
58104 41109 71612
9219 59414 124111
59414 9219 124111
124111 9219 59414
72311 33282 71316
71316 33282 72311
33282 71316 72311
57881 23977 97499
23977 57881 97499
97499 23977 57881
50487 6680 106033
6680 50487 106033
106033 6680 50487
76109 30310 145597
145597 30310 76109
30310 76109 145597
22823 81711 126387
126387 22823 81711
81711 22823 126387
74446 23282 51890
51890 23282 74446
23282 51890 74446
