4196 247 8237
8237 247 4196
247 4196 8237
12882 2171 7828
2171 7828 12882
7828 2171 12882
5903 5541 12611
12611 5541 5903
5541 5903 12611
3391 821 12375
12375 821 3391
821 3391 12375
2589 1475 10800
1475 2589 10800
10800 1475 2589
9139 154 8323
154 8323 9139
8323 154 9139
2075 6197 7184
7184 2075 6197
6197 2075 7184
748 4215 11778
4215 748 11778
11778 748 4215
8686 9945 10230
10230 8686 9945
9945 8686 10230
11426 1270 13497
13497 1270 11426
1270 11426 13497
223 2096 13234
2096 223 13234
13234 223 2096
2977 5202 6636
5202 2977 6636
6636 2977 5202
3239 7896 13130
13130 3239 7896
7896 3239 13130
6179 955 6263
6263 955 6179
955 6179 6263
13355 10089 10334
10089 10334 13355
10334 10089 13355
13936 781 12148
781 12148 13936
12148 781 13936
13240 6845 14175
6845 13240 14175
14175 6845 13240
11530 910 6199
910 6199 11530
6199 910 11530
14710 1799 13310
13310 1799 14710
1799 13310 14710
3290 7934 9670
7934 3290 9670
9670 3290 7934
9295 2315 13008
13008 2315 9295
2315 9295 13008
9640 1039 3957
1039 3957 9640
3957 1039 9640
7423 11002 11785
11785 7423 11002
11002 7423 11785
4021 1051 9517
9517 1051 4021
1051 4021 9517
129 3908 13160
3908 129 13160
13160 129 3908
7166 4433 5633
5633 4433 7166
4433 5633 7166
8033 10381 11747
11747 8033 10381
10381 8033 11747
5387 3691 10679
10679 3691 5387
3691 5387 10679
10741 13548 14269
14269 10741 13548
13548 10741 14269
7532 7692 13968
13968 7532 7692
7692 7532 13968
14099 3472 9272
9272 3472 14099
3472 9272 14099
10197 5063 14583
14583 5063 10197
5063 10197 14583
3795 3591 12658
3591 3795 12658
12658 3591 3795
5875 4466 5597
5597 4466 5875
4466 5597 5875
10997 2639 10527
10527 2639 10997
2639 10527 10997
8290 5834 7975
5834 7975 8290
7975 5834 8290
13896 10680 12608
12608 10680 13896
10680 12608 13896
1752 13118 14209
14209 1752 13118
13118 1752 14209
14318 1112 6185
1112 6185 14318
6185 1112 14318
13232 5219 12656
12656 5219 13232
5219 12656 13232
7360 7217 13900
13900 7217 7360
7217 7360 13900
11901 2073 6504
6504 2073 11901
2073 6504 11901
5862 8038 12969
8038 5862 12969
12969 5862 8038
11696 469 6009
6009 469 11696
469 6009 11696
6947 9833 10750
9833 6947 10750
10750 6947 9833
11332 11720 12921
11720 11332 12921
12921 11332 11720
10316 4361 4628
4361 4628 10316
4628 4361 10316
12815 11067 12033
12033 11067 12815
11067 12033 12815
10260 3501 8541
3501 8541 10260
8541 3501 10260
7516 6956 7019
6956 7019 7516
7019 6956 7516
12913 4668 14903
14903 4668 12913
4668 12913 14903
3332 4414 6984
6984 3332 4414
4414 3332 6984
4618 8145 8874
8145 4618 8874
8874 4618 8145
11755 2328 5933
2328 5933 11755
5933 2328 11755
10859 4605 9089
9089 4605 10859
4605 9089 10859
12789 2869 4555
4555 2869 12789
2869 4555 12789
12963 1436 6464
1436 6464 12963
6464 1436 12963
14641 1547 11056
1547 11056 14641
11056 1547 14641
11659 2321 11220
11220 2321 11659
2321 11220 11659
5043 3217 13134
13134 3217 5043
3217 5043 13134
7920 454 9841
454 7920 9841
9841 454 7920
4896 1451 2367
1451 2367 4896
2367 1451 4896
7017 2548 3881
2548 3881 7017
3881 2548 7017
7996 9786 14996
14996 7996 9786
9786 7996 14996
8204 4946 12534
4946 8204 12534
12534 4946 8204
312 679 12775
12775 312 679
679 312 12775
10251 2014 7594
7594 2014 10251
2014 7594 10251
5086 13167 13567
13567 5086 13167
13167 5086 13567
3459 1571 8155
8155 1571 3459
1571 3459 8155
1413 7069 8341
8341 1413 7069
7069 1413 8341
4557 700 6831
6831 700 4557
700 4557 6831
12431 7744 9905
9905 7744 12431
7744 9905 12431
4062 12110 13301
12110 4062 13301
13301 4062 12110
1796 7621 9971
7621 1796 9971
9971 1796 7621
9916 5433 9465
9465 5433 9916
5433 9465 9916
14339 953 10596
953 10596 14339
10596 953 14339
12841 7775 14064
14064 7775 12841
7775 12841 14064
10804 3683 5490
5490 3683 10804
3683 5490 10804
8357 7313 8048
8048 7313 8357
7313 8048 8357
2642 5237 8286
8286 2642 5237
5237 2642 8286
4784 3427 5894
5894 3427 4784
3427 4784 5894
9162 5221 7463
7463 5221 9162
5221 7463 9162
155 10487 13740
10487 155 13740
13740 155 10487
8036 7752 14866
14866 7752 8036
7752 8036 14866
5672 9471 12057
9471 5672 12057
12057 5672 9471
1550 1080 13050
1080 1550 13050
13050 1080 1550
712 5297 10182
5297 712 10182
10182 712 5297
4347 1681 2795
2795 1681 4347
1681 2795 4347
7049 8137 10447
10447 7049 8137
8137 7049 10447
11313 2524 6033
6033 2524 11313
2524 6033 11313
1640 2131 12237
2131 1640 12237
12237 1640 2131
13999 3390 9075
9075 3390 13999
3390 9075 13999
3147 13193 13268
13193 3147 13268
13268 3147 13193
1321 6256 8217
8217 1321 6256
6256 1321 8217
12430 6802 11468
6802 11468 12430
11468 6802 12430
14969 4795 14326
4795 14326 14969
14326 4795 14969
11608 2467 7480
2467 7480 11608
7480 2467 11608
11750 2262 8239
8239 2262 11750
2262 8239 11750
9843 977 1939
1939 977 9843
977 1939 9843
9772 767 1133
767 1133 9772
1133 767 9772
4104 10724 12229
10724 4104 12229
12229 4104 10724
10172 777 3456
3456 777 10172
777 3456 10172
6211 8316 10753
8316 6211 10753
10753 6211 8316
10099 2813 2960
2813 2960 10099
2960 2813 10099
5332 1934 8898
8898 1934 5332
1934 5332 8898
8509 4054 12000
12000 4054 8509
4054 8509 12000
491 7225 14877
7225 491 14877
14877 491 7225
1656 2851 12980
12980 1656 2851
2851 1656 12980
2010 13816 14906
14906 2010 13816
13816 2010 14906
3384 3940 7457
3940 3384 7457
7457 3384 3940
7940 6026 9092
9092 6026 7940
6026 7940 9092
6987 1172 11046
1172 6987 11046
11046 1172 6987
4785 9051 13021
13021 4785 9051
9051 4785 13021
9373 2820 12330
12330 2820 9373
2820 9373 12330
10428 6001 12629
6001 10428 12629
12629 6001 10428
8766 4130 14634
4130 8766 14634
14634 4130 8766
3725 10887 12302
12302 3725 10887
10887 3725 12302
4853 1047 12748
1047 4853 12748
12748 1047 4853
3790 10979 11544
11544 3790 10979
10979 3790 11544
3738 8091 13790
13790 3738 8091
8091 3738 13790
580 5838 14268
14268 580 5838
5838 580 14268
13289 1205 10299
1205 10299 13289
10299 1205 13289
10400 4637 5620
5620 4637 10400
4637 5620 10400
12409 6902 13278
6902 12409 13278
13278 6902 12409
9133 1211 11908
11908 1211 9133
1211 9133 11908
4884 5744 9946
5744 4884 9946
9946 4884 5744
4467 6275 6837
6837 4467 6275
6275 4467 6837
6760 8297 13005
8297 6760 13005
13005 6760 8297
14900 960 1185
1185 960 14900
960 1185 14900
5502 6200 8788
8788 5502 6200
6200 5502 8788
8203 231 13097
231 8203 13097
13097 231 8203
6248 5167 7477
7477 5167 6248
5167 6248 7477
2236 747 5493
5493 747 2236
747 2236 5493
8373 3311 11865
3311 8373 11865
11865 3311 8373
973 2868 4379
4379 973 2868
2868 973 4379
9185 7102 10926
10926 7102 9185
7102 9185 10926
10825 2870 11401
2870 10825 11401
11401 2870 10825
12310 3742 11107
3742 11107 12310
11107 3742 12310
13599 6146 6158
6146 6158 13599
6158 6146 13599
6133 7793 8709
8709 6133 7793
7793 6133 8709
3303 2104 14633
2104 3303 14633
14633 2104 3303
4246 8270 11870
8270 4246 11870
11870 4246 8270
8300 1754 13872
13872 1754 8300
1754 8300 13872
5003 3426 8326
3426 5003 8326
8326 3426 5003
1046 3287 4224
3287 1046 4224
4224 1046 3287
1423 1343 4070
4070 1343 1423
1343 1423 4070
4558 4952 7345
4952 4558 7345
7345 4558 4952
13798 8865 10820
10820 8865 13798
8865 10820 13798
13622 285 3931
285 3931 13622
3931 285 13622
10884 1666 12197
12197 1666 10884
1666 10884 12197
2891 6716 11694
6716 2891 11694
11694 2891 6716
4972 6337 11229
11229 4972 6337
6337 4972 11229
14484 6525 11396
11396 6525 14484
6525 11396 14484
184 3205 10383
10383 184 3205
3205 184 10383
7415 2585 7707
7707 2585 7415
2585 7415 7707
5747 8346 13026
8346 5747 13026
13026 5747 8346
143 351 3201
351 143 3201
3201 143 351
7439 8735 10449
8735 7439 10449
10449 7439 8735
2180 6488 7027
7027 2180 6488
6488 2180 7027
4765 1560 3849
3849 1560 4765
1560 3849 4765
1970 7853 12089
7853 1970 12089
12089 1970 7853
6930 4658 8003
4658 6930 8003
8003 4658 6930
10392 5399 12923
12923 5399 10392
5399 10392 12923
1003 3696 9081
9081 1003 3696
3696 1003 9081
12627 9250 10066
9250 10066 12627
10066 9250 12627
11138 3554 9566
3554 9566 11138
9566 3554 11138
3618 1017 7718
1017 3618 7718
7718 1017 3618
8809 1378 9446
1378 8809 9446
9446 1378 8809
8359 1476 10096
1476 8359 10096
10096 1476 8359
5957 1197 4685
1197 4685 5957
4685 1197 5957
794 14013 14624
14013 794 14624
14624 794 14013
7508 508 8177
8177 508 7508
508 7508 8177
11718 12771 13474
12771 11718 13474
13474 11718 12771
2849 5460 7006
7006 2849 5460
5460 2849 7006
8514 290 5888
5888 290 8514
290 5888 8514
11625 7522 12279
7522 11625 12279
12279 7522 11625
12952 2196 12309
2196 12309 12952
12309 2196 12952
8953 3097 5962
3097 5962 8953
5962 3097 8953
10622 884 14296
14296 884 10622
884 10622 14296
4648 1010 4592
1010 4592 4648
4592 1010 4648
9306 7243 12602
12602 7243 9306
7243 9306 12602
10020 11108 11693
11693 10020 11108
11108 10020 11693
12962 2430 8564
8564 2430 12962
2430 8564 12962
3053 5866 6729
6729 3053 5866
5866 3053 6729
8308 1114 7068
1114 7068 8308
7068 1114 8308
10036 3807 8820
3807 8820 10036
8820 3807 10036
1872 5442 12972
12972 1872 5442
5442 1872 12972
14248 11317 13499
13499 11317 14248
11317 13499 14248
7937 5807 6648
6648 5807 7937
5807 6648 7937
8738 8032 10562
10562 8032 8738
8032 8738 10562
7290 5106 12610
12610 5106 7290
5106 7290 12610
10744 3393 9599
3393 9599 10744
9599 3393 10744
7640 457 1899
1899 457 7640
457 1899 7640
3371 345 9995
345 3371 9995
9995 345 3371
10660 533 10285
10285 533 10660
533 10285 10660
5934 6260 6486
6260 5934 6486
6486 5934 6260
5376 8952 10718
10718 5376 8952
8952 5376 10718
10940 10530 11999
11999 10530 10940
10530 10940 11999
7758 728 12727
728 7758 12727
12727 728 7758
14727 10962 14656
14656 10962 14727
10962 14656 14727
10872 6462 10558
10558 6462 10872
6462 10558 10872
14820 5469 12633
12633 5469 14820
5469 12633 14820
14106 5860 9781
5860 9781 14106
9781 5860 14106
6625 399 3080
399 3080 6625
3080 399 6625
2828 7995 10516
10516 2828 7995
7995 2828 10516
8978 2326 12074
2326 8978 12074
12074 2326 8978
4120 7240 9321
9321 4120 7240
7240 4120 9321
11033 7499 12559
7499 11033 12559
12559 7499 11033
422 11646 14755
14755 422 11646
11646 422 14755
10131 10306 14014
14014 10131 10306
10306 10131 14014
11497 4003 5388
4003 5388 11497
5388 4003 11497
13827 4613 5323
4613 5323 13827
5323 4613 13827
663 9429 12211
9429 663 12211
12211 663 9429
13431 9045 9328
9328 9045 13431
9045 9328 13431
7796 1004 2798
2798 1004 7796
1004 2798 7796
7088 8858 9087
8858 7088 9087
9087 7088 8858
9474 8184 12348
12348 8184 9474
8184 9474 12348
14488 1313 11399
11399 1313 14488
1313 11399 14488
12173 7746 14259
7746 12173 14259
14259 7746 12173
5189 14197 14596
14197 5189 14596
14596 5189 14197
5408 5958 13923
13923 5408 5958
5958 5408 13923
11145 4437 10653
10653 4437 11145
4437 10653 11145
3954 8566 12518
12518 3954 8566
8566 3954 12518
8443 7669 13764
13764 7669 8443
7669 8443 13764
11211 9068 14931
9068 11211 14931
14931 9068 11211
203 10886 12827
10886 203 12827
12827 203 10886
7078 8537 10499
10499 7078 8537
8537 7078 10499
2687 5208 5538
5208 2687 5538
5538 2687 5208
1511 1731 6059
1731 1511 6059
6059 1511 1731
10619 12764 14490
14490 10619 12764
12764 10619 14490
13800 1786 11477
1786 11477 13800
11477 1786 13800
12560 3334 8117
3334 8117 12560
8117 3334 12560
8206 6825 7016
7016 6825 8206
6825 7016 8206
865 4674 11076
4674 865 11076
11076 865 4674
2978 4206 9307
4206 2978 9307
9307 2978 4206
1742 5429 9544
5429 1742 9544
9544 1742 5429
13711 946 10160
946 10160 13711
10160 946 13711
9361 2145 9715
9715 2145 9361
2145 9361 9715
13833 3712 6436
3712 6436 13833
6436 3712 13833
6690 11574 12677
12677 6690 11574
11574 6690 12677
8190 8587 12947
12947 8190 8587
8587 8190 12947
14127 4309 14817
4309 14127 14817
14817 4309 14127
7624 9872 13561
9872 7624 13561
13561 7624 9872
11314 1659 4315
4315 1659 11314
1659 4315 11314
10229 4590 11945
4590 10229 11945
11945 4590 10229
14427 14576 14761
14761 14427 14576
14576 14427 14761
14227 6109 7210
7210 6109 14227
6109 7210 14227
2346 1163 4550
1163 2346 4550
4550 1163 2346
1337 5530 10517
10517 1337 5530
5530 1337 10517
11704 308 7591
7591 308 11704
308 7591 11704
11790 10319 12117
12117 10319 11790
10319 11790 12117
12485 5762 10493
5762 10493 12485
10493 5762 12485
6014 49 14246
14246 49 6014
49 6014 14246
6268 2986 10607
2986 6268 10607
10607 2986 6268
10216 4195 7999
7999 4195 10216
4195 7999 10216
5861 9937 11593
9937 5861 11593
11593 5861 9937
1567 7533 10321
10321 1567 7533
7533 1567 10321
9679 74 9570
74 9570 9679
9570 74 9679
4564 2627 7227
7227 2627 4564
2627 4564 7227
4274 5099 14821
5099 4274 14821
14821 4274 5099
14847 12176 12719
12176 12719 14847
12719 12176 14847
4257 6259 12833
6259 4257 12833
12833 4257 6259
10291 12949 13616
12949 10291 13616
13616 10291 12949
488 6564 11176
6564 488 11176
11176 488 6564
10189 4623 4933
4623 4933 10189
4933 4623 10189
2701 9533 14643
9533 2701 14643
14643 2701 9533
9958 6834 7887
7887 6834 9958
6834 7887 9958
14725 3664 11592
11592 3664 14725
3664 11592 14725
6365 7124 12027
7124 6365 12027
12027 6365 7124
6208 1470 4115
4115 1470 6208
1470 4115 6208
13894 1372 3941
3941 1372 13894
1372 3941 13894
2452 2696 10834
2696 2452 10834
10834 2452 2696
1712 137 1509
1509 137 1712
137 1509 1712
6806 2177 14570
2177 6806 14570
14570 2177 6806
6527 12446 13861
13861 6527 12446
12446 6527 13861
1496 4097 9338
9338 1496 4097
4097 1496 9338
8834 2136 4802
4802 2136 8834
2136 4802 8834
12320 621 8982
621 8982 12320
8982 621 12320
4137 537 9854
537 4137 9854
9854 537 4137
1300 6912 7708
6912 1300 7708
7708 1300 6912
11566 415 7245
415 7245 11566
7245 415 11566
13899 1224 5553
1224 5553 13899
5553 1224 13899
7384 5809 12195
5809 7384 12195
12195 5809 7384
4836 9083 13921
13921 4836 9083
9083 4836 13921
14191 7678 10795
10795 7678 14191
7678 10795 14191
8094 3764 9753
3764 8094 9753
9753 3764 8094
12469 9490 12887
9490 12469 12887
12887 9490 12469
14277 7606 14057
7606 14057 14277
14057 7606 14277
6369 10081 12347
10081 6369 12347
12347 6369 10081
10148 6812 13493
6812 10148 13493
13493 6812 10148
5616 2046 6535
6535 2046 5616
2046 5616 6535
6152 8635 12215
12215 6152 8635
8635 6152 12215
216 12092 13943
12092 216 13943
13943 216 12092
579 4569 7426
4569 579 7426
7426 579 4569
11079 8265 10457
8265 10457 11079
10457 8265 11079
1765 4086 12989
12989 1765 4086
4086 1765 12989
11613 2616 7904
7904 2616 11613
2616 7904 11613
10531 2023 12573
12573 2023 10531
2023 10531 12573
8454 885 13804
13804 885 8454
885 8454 13804
9070 2304 4311
2304 4311 9070
4311 2304 9070
46 3237 12768
3237 46 12768
12768 46 3237
7667 4947 12732
12732 4947 7667
4947 7667 12732
11879 12793 14953
14953 11879 12793
12793 11879 14953
486 4016 13960
13960 486 4016
4016 486 13960
7694 375 10850
10850 375 7694
375 7694 10850
10761 4240 13870
4240 10761 13870
13870 4240 10761
10985 4044 14164
4044 10985 14164
14164 4044 10985
5591 1507 8964
8964 1507 5591
1507 5591 8964
2248 3149 10249
3149 2248 10249
10249 2248 3149
10905 2003 3474
2003 3474 10905
3474 2003 10905
4565 12755 13916
12755 4565 13916
13916 4565 12755
3258 6884 8183
6884 3258 8183
8183 3258 6884
6544 3576 10426
10426 3576 6544
3576 6544 10426
242 55 1916
1916 55 242
55 242 1916
14974 13869 14128
14128 13869 14974
13869 14128 14974
13713 888 7188
888 7188 13713
7188 888 13713
10397 7154 9513
9513 7154 10397
7154 9513 10397
3052 6266 6458
6266 3052 6458
6458 3052 6266
9300 2254 13189
2254 9300 13189
13189 2254 9300
7696 272 729
729 272 7696
272 729 7696
13365 10970 14672
10970 13365 14672
14672 10970 13365
8261 8795 10776
10776 8261 8795
8795 8261 10776
3388 1288 4404
1288 3388 4404
4404 1288 3388
3068 6194 11081
6194 3068 11081
11081 3068 6194
5851 7103 12776
12776 5851 7103
7103 5851 12776
1264 8967 12998
12998 1264 8967
8967 1264 12998
13467 2483 13303
13303 2483 13467
2483 13303 13467
2323 3181 10035
3181 2323 10035
10035 2323 3181
3396 6110 8273
8273 3396 6110
6110 3396 8273
10097 5452 9247
9247 5452 10097
5452 9247 10097
1249 1113 8622
8622 1113 1249
1113 1249 8622
3997 10039 14374
10039 3997 14374
14374 3997 10039
1231 11360 12804
11360 1231 12804
12804 1231 11360
9137 1389 5375
5375 1389 9137
1389 5375 9137
11024 3219 11964
3219 11024 11964
11964 3219 11024
4358 8540 13646
8540 4358 13646
13646 4358 8540
8748 4475 14085
14085 4475 8748
4475 8748 14085
1420 7715 14244
7715 1420 14244
14244 1420 7715
6409 2717 8099
8099 2717 6409
2717 6409 8099
4981 1634 5057
5057 1634 4981
1634 4981 5057
6144 4751 11416
4751 6144 11416
11416 4751 6144
13554 10898 12867
12867 10898 13554
10898 12867 13554
10542 4073 9084
4073 9084 10542
9084 4073 10542
23 475 2922
2922 23 475
475 23 2922
13260 761 14188
761 13260 14188
14188 761 13260
7182 389 12115
12115 389 7182
389 7182 12115
8765 4837 9984
9984 4837 8765
4837 8765 9984
4402 5263 9779
9779 4402 5263
5263 4402 9779
6747 13370 14878
13370 6747 14878
14878 6747 13370
8683 4042 7924
7924 4042 8683
4042 7924 8683
12636 1782 6528
1782 6528 12636
6528 1782 12636
521 13482 14883
14883 521 13482
13482 521 14883
4617 5625 11394
5625 4617 11394
11394 4617 5625
88 2686 10783
2686 88 10783
10783 88 2686
449 7060 9996
7060 449 9996
9996 449 7060
4182 5898 13085
13085 4182 5898
5898 4182 13085
6291 9804 14242
14242 6291 9804
9804 6291 14242
4875 8746 10569
10569 4875 8746
8746 4875 10569
12543 6658 11133
11133 6658 12543
6658 11133 12543
10206 14078 14550
14078 10206 14550
14550 10206 14078
14378 4272 12174
12174 4272 14378
4272 12174 14378
5964 3741 13367
13367 3741 5964
3741 5964 13367
4750 13103 14435
14435 4750 13103
13103 4750 14435
9144 4832 13769
13769 4832 9144
4832 9144 13769
2787 3296 7314
3296 2787 7314
7314 2787 3296
11678 5880 9576
5880 9576 11678
9576 5880 11678
12043 718 7390
7390 718 12043
718 7390 12043
5229 596 13557
596 5229 13557
13557 596 5229
14144 757 5521
5521 757 14144
757 5521 14144
11386 736 10605
10605 736 11386
736 10605 11386
11025 8146 8344
8146 8344 11025
8344 8146 11025
5689 9830 14212
14212 5689 9830
9830 5689 14212
8486 10069 12682
10069 8486 12682
12682 8486 10069
12448 696 11264
696 11264 12448
11264 696 12448
6519 352 2036
352 2036 6519
2036 352 6519
6142 1783 10742
1783 6142 10742
10742 1783 6142
9541 4536 5481
4536 5481 9541
5481 4536 9541
6493 13522 14008
13522 6493 14008
14008 6493 13522
636 686 894
894 636 686
686 636 894
12187 840 7973
7973 840 12187
840 7973 12187
10162 4141 12915
4141 10162 12915
12915 4141 10162
11744 6238 7789
6238 7789 11744
7789 6238 11744
9394 5158 10939
5158 9394 10939
10939 5158 9394
3395 2199 6941
2199 3395 6941
6941 2199 3395
11922 298 9238
298 9238 11922
9238 298 11922
5761 10567 12838
10567 5761 12838
12838 5761 10567
8939 10586 11014
10586 8939 11014
11014 8939 10586
13131 4961 6962
4961 6962 13131
6962 4961 13131
13730 5515 14156
14156 5515 13730
5515 13730 14156
9364 3493 11552
11552 3493 9364
3493 9364 11552
419 8062 9378
8062 419 9378
9378 419 8062
6297 5168 8956
8956 5168 6297
5168 6297 8956
8129 1542 14297
1542 8129 14297
14297 1542 8129
13656 1414 11372
1414 11372 13656
11372 1414 13656
8929 819 12769
12769 819 8929
819 8929 12769
568 1555 4595
1555 568 4595
4595 568 1555
9908 2000 10522
2000 9908 10522
10522 2000 9908
585 3639 11591
3639 585 11591
11591 585 3639
336 5779 6850
6850 336 5779
5779 336 6850
8499 1498 6239
6239 1498 8499
1498 6239 8499
14287 3837 10759
3837 10759 14287
10759 3837 14287
13154 1938 14748
14748 1938 13154
1938 13154 14748
195 3304 5190
5190 195 3304
3304 195 5190
9413 8925 11624
8925 9413 11624
11624 8925 9413
7534 3651 4418
4418 3651 7534
3651 4418 7534
11344 613 6918
613 6918 11344
6918 613 11344
1325 7115 12287
12287 1325 7115
7115 1325 12287
13317 6088 8495
6088 8495 13317
8495 6088 13317
10233 9445 10705
10705 9445 10233
9445 10233 10705
13909 6727 8268
8268 6727 13909
6727 8268 13909
12861 11582 13180
13180 11582 12861
11582 12861 13180
1495 742 3699
3699 742 1495
742 1495 3699
1589 9889 13526
13526 1589 9889
9889 1589 13526
13881 4268 11007
4268 11007 13881
11007 4268 13881
2879 3638 4771
3638 2879 4771
4771 2879 3638
2160 1867 9746
9746 1867 2160
1867 2160 9746
2929 4979 12649
12649 2929 4979
4979 2929 12649
898 4085 6218
6218 898 4085
4085 898 6218
7706 9867 10025
10025 7706 9867
9867 7706 10025
4011 11012 11965
11965 4011 11012
11012 4011 11965
11780 2511 7688
7688 2511 11780
2511 7688 11780
715 8468 13626
8468 715 13626
13626 715 8468
14970 8284 11304
8284 11304 14970
11304 8284 14970
1698 2397 12890
12890 1698 2397
2397 1698 12890
5339 3348 11259
3348 5339 11259
11259 3348 5339
12832 2475 12278
2475 12278 12832
12278 2475 12832
4652 7535 10202
10202 4652 7535
7535 4652 10202
8331 7007 10070
7007 8331 10070
10070 7007 8331
2543 3985 6358
3985 2543 6358
6358 2543 3985
12822 9979 13001
9979 12822 13001
13001 9979 12822
13938 9535 14912
9535 13938 14912
14912 9535 13938
186 4359 14019
4359 186 14019
14019 186 4359
1128 355 1500
1500 355 1128
355 1128 1500
7450 7916 9201
7916 7450 9201
9201 7450 7916
10311 230 3866
3866 230 10311
230 3866 10311
2525 582 11605
11605 582 2525
582 2525 11605
14549 3322 5301
5301 3322 14549
3322 5301 14549
4314 2665 4759
4759 2665 4314
2665 4314 4759
9563 1088 14105
14105 1088 9563
1088 9563 14105
12927 10651 13638
10651 12927 13638
13638 10651 12927
3485 2019 2425
2425 2019 3485
2019 2425 3485
4675 1075 8699
1075 4675 8699
8699 1075 4675
5970 2020 2866
2020 2866 5970
2866 2020 5970
5924 2894 10974
10974 2894 5924
2894 5924 10974
13479 4380 9243
9243 4380 13479
4380 9243 13479
1663 7084 12491
7084 1663 12491
12491 1663 7084
1749 2740 14897
14897 1749 2740
2740 1749 14897
8123 13287 14771
13287 8123 14771
14771 8123 13287
11195 3321 5462
3321 5462 11195
5462 3321 11195
10363 4817 4917
4917 4817 10363
4817 4917 10363
11111 2594 10552
10552 2594 11111
2594 10552 11111
3815 2008 8837
8837 2008 3815
2008 3815 8837
1480 8398 10108
10108 1480 8398
8398 1480 10108
14002 6748 7837
6748 7837 14002
7837 6748 14002
11376 1485 8659
8659 1485 11376
1485 8659 11376
6811 2183 6246
2183 6246 6811
6246 2183 6811
14365 6500 10977
10977 6500 14365
6500 10977 14365
9826 863 8878
8878 863 9826
863 8878 9826
1877 545 11538
11538 545 1877
545 1877 11538
8105 7057 12613
7057 8105 12613
12613 7057 8105
11824 6641 14081
6641 11824 14081
14081 6641 11824
10359 9906 13821
13821 9906 10359
9906 10359 13821
1054 11319 12791
12791 1054 11319
11319 1054 12791
6948 3892 8784
8784 3892 6948
3892 6948 8784
2369 3160 6495
3160 2369 6495
6495 2369 3160
4416 3041 4955
3041 4416 4955
4955 3041 4416
4207 5258 5686
5258 4207 5686
5686 4207 5258
4934 5599 6849
5599 4934 6849
6849 4934 5599
2652 4340 6191
6191 2652 4340
4340 2652 6191
6390 479 14440
14440 479 6390
479 6390 14440
10215 928 10274
928 10215 10274
10274 928 10215
3289 1897 5030
1897 3289 5030
5030 1897 3289
11876 1636 13150
1636 11876 13150
13150 1636 11876
3758 5138 6449
6449 3758 5138
5138 3758 6449
9992 2061 4023
2061 4023 9992
4023 2061 9992
14884 8911 10908
10908 8911 14884
8911 10908 14884
1586 1380 6447
6447 1380 1586
1380 1586 6447
804 10067 14546
10067 804 14546
14546 804 10067
8670 1854 6224
6224 1854 8670
1854 6224 8670
13601 1323 13447
1323 13447 13601
13447 1323 13601
6254 9609 14166
9609 6254 14166
14166 6254 9609
1513 1085 13043
13043 1085 1513
1085 1513 13043
12423 773 13392
13392 773 12423
773 12423 13392
2446 7529 14267
7529 2446 14267
14267 2446 7529
4793 1129 7568
7568 1129 4793
1129 4793 7568
6505 4689 13714
4689 6505 13714
13714 4689 6505
6354 1875 12415
1875 6354 12415
12415 1875 6354
5410 9024 9501
9024 5410 9501
9501 5410 9024
9913 1040 14097
1040 9913 14097
14097 1040 9913
12726 710 5008
710 5008 12726
5008 710 12726
1544 7979 11677
11677 1544 7979
7979 1544 11677
934 10118 12449
10118 934 12449
12449 934 10118
5999 2391 6597
6597 2391 5999
2391 5999 6597
3812 11478 13109
13109 3812 11478
11478 3812 13109
2385 11557 14632
14632 2385 11557
11557 2385 14632
14153 4297 9618
4297 9618 14153
9618 4297 14153
6389 3118 5428
3118 5428 6389
5428 3118 6389
3593 8172 9145
9145 3593 8172
8172 3593 9145
13925 5968 6188
5968 6188 13925
6188 5968 13925
1675 1097 4210
4210 1097 1675
1097 1675 4210
4985 801 3376
801 3376 4985
3376 801 4985
10003 2313 8030
8030 2313 10003
2313 8030 10003
6895 3874 9550
9550 3874 6895
3874 6895 9550
471 9276 10844
10844 471 9276
9276 471 10844
7513 8836 13032
13032 7513 8836
8836 7513 13032
10064 10048 14642
10048 10064 14642
14642 10048 10064
6709 8924 13854
8924 6709 13854
13854 6709 8924
8104 1418 9807
1418 8104 9807
9807 1418 8104
2028 2461 4521
2461 2028 4521
4521 2028 2461
3947 206 1734
1734 206 3947
206 1734 3947
14114 6189 9252
9252 6189 14114
6189 9252 14114
13745 3879 6782
6782 3879 13745
3879 6782 13745
13386 4156 11269
4156 11269 13386
11269 4156 13386
3635 106 9770
106 3635 9770
9770 106 3635
4942 1573 13520
1573 4942 13520
13520 1573 4942
13096 883 13641
13641 883 13096
883 13096 13641
6683 6025 13374
13374 6025 6683
6025 6683 13374
14390 11277 12523
11277 12523 14390
12523 11277 14390
1732 1287 13873
13873 1287 1732
1287 1732 13873
3262 652 9175
652 3262 9175
9175 652 3262
7344 6517 7235
7235 6517 7344
6517 7235 7344
9412 9891 14293
14293 9412 9891
9891 9412 14293
7899 9754 12256
12256 7899 9754
9754 7899 12256
4782 1686 8458
1686 4782 8458
8458 1686 4782
13 12021 12496
12021 13 12496
12496 13 12021
2534 11653 11739
11653 2534 11739
11739 2534 11653
7847 3230 6485
3230 6485 7847
6485 3230 7847
12246 12134 14977
14977 12134 12246
12134 12246 14977
7215 1043 10430
10430 1043 7215
1043 7215 10430
14446 2116 9034
9034 2116 14446
2116 9034 14446
9649 3108 6076
3108 6076 9649
6076 3108 9649
7599 527 5659
527 5659 7599
5659 527 7599
11689 7149 13171
7149 11689 13171
13171 7149 11689
12564 1637 4251
1637 4251 12564
4251 1637 12564
3471 13575 13642
13575 3471 13642
13642 3471 13575
9574 11431 14407
14407 9574 11431
11431 9574 14407
5171 11485 13783
11485 5171 13783
13783 5171 11485
3003 1831 4394
1831 3003 4394
4394 1831 3003
1453 11899 13162
11899 1453 13162
13162 1453 11899
4734 8170 13177
8170 4734 13177
13177 4734 8170
72 4427 11285
4427 72 11285
11285 72 4427
7711 3676 11682
3676 7711 11682
11682 3676 7711
5987 4452 4726
4726 4452 5987
4452 4726 5987
7004 5424 11736
5424 7004 11736
11736 5424 7004
4993 4301 10861
10861 4301 4993
4301 4993 10861
1096 4248 10627
4248 1096 10627
10627 1096 4248
2877 482 7749
482 2877 7749
7749 482 2877
14315 9280 10006
9280 10006 14315
10006 9280 14315
4188 11032 14181
14181 4188 11032
11032 4188 14181
8826 499 14629
14629 499 8826
499 8826 14629
367 3778 9166
3778 367 9166
9166 367 3778
7487 2690 7323
2690 7323 7487
7323 2690 7487
12976 5911 12865
12865 5911 12976
5911 12865 12976
14822 3938 13559
13559 3938 14822
3938 13559 14822
3417 1446 2569
1446 2569 3417
2569 1446 3417
76 11156 14606
14606 76 11156
11156 76 14606
6372 371 1955
371 1955 6372
1955 371 6372
1711 3319 10907
3319 1711 10907
10907 1711 3319
7586 28 5207
5207 28 7586
28 5207 7586
13689 235 2433
235 2433 13689
2433 235 13689
14986 7364 11202
7364 11202 14986
11202 7364 14986
14518 2610 7677
7677 2610 14518
2610 7677 14518
12150 8610 11568
8610 11568 12150
11568 8610 12150
12036 11913 12987
11913 12036 12987
12987 11913 12036
4247 1817 11358
1817 4247 11358
11358 1817 4247
14818 2189 3551
2189 3551 14818
3551 2189 14818
14501 3517 4100
4100 3517 14501
3517 4100 14501
4636 1033 5440
5440 1033 4636
1033 4636 5440
13025 6087 6927
6927 6087 13025
6087 6927 13025
14286 8293 9099
8293 9099 14286
9099 8293 14286
730 6910 8505
6910 730 8505
8505 730 6910
14879 4987 9651
9651 4987 14879
4987 9651 14879
10568 9386 12364
12364 9386 10568
9386 10568 12364
2109 260 3488
260 2109 3488
3488 260 2109
5569 8872 12569
8872 5569 12569
12569 5569 8872
3305 84 2407
84 2407 3305
2407 84 3305
7159 6405 12945
12945 6405 7159
6405 7159 12945
9621 3522 7070
7070 3522 9621
3522 7070 9621
1915 11064 11413
11413 1915 11064
11064 1915 11413
11378 1132 11948
11948 1132 11378
1132 11378 11948
3988 1383 8438
8438 1383 3988
1383 3988 8438
7261 2758 5255
2758 5255 7261
5255 2758 7261
10267 2103 4713
2103 4713 10267
4713 2103 10267
1614 3568 6368
6368 1614 3568
3568 1614 6368
7289 8675 14331
14331 7289 8675
8675 7289 14331
1186 968 3036
968 1186 3036
3036 968 1186
11248 9546 12700
12700 9546 11248
9546 11248 12700
2887 3533 7402
3533 2887 7402
7402 2887 3533
110 8547 12445
12445 110 8547
8547 110 12445
3066 300 3027
3027 300 3066
300 3027 3066
9009 735 5709
5709 735 9009
735 5709 9009
8680 1461 11781
1461 8680 11781
11781 1461 8680
12978 666 8436
8436 666 12978
666 8436 12978
13407 5391 6131
5391 6131 13407
6131 5391 13407
5504 8488 11537
11537 5504 8488
8488 5504 11537
2063 7233 13997
13997 2063 7233
7233 2063 13997
12712 6916 11157
6916 11157 12712
11157 6916 12712
1285 5956 14765
5956 1285 14765
14765 1285 5956
2159 11640 13068
11640 2159 13068
13068 2159 11640
1407 2845 7353
2845 1407 7353
7353 1407 2845
13473 1707 14468
14468 1707 13473
1707 13473 14468
11559 6223 7915
7915 6223 11559
6223 7915 11559
7799 4350 14215
14215 4350 7799
4350 7799 14215
11573 5016 11072
11072 5016 11573
5016 11072 11573
7881 845 1215
1215 845 7881
845 1215 7881
6917 2294 11955
2294 6917 11955
11955 2294 6917
1866 9802 13378
9802 1866 13378
13378 1866 9802
8813 6986 13684
6986 8813 13684
13684 6986 8813
775 2657 6562
2657 775 6562
6562 775 2657
4031 897 2509
2509 897 4031
897 2509 4031
6287 6882 8852
6882 6287 8852
8852 6287 6882
5657 5010 6113
6113 5010 5657
5010 5657 6113
6680 2251 9337
2251 6680 9337
9337 2251 6680
11035 5111 9922
9922 5111 11035
5111 9922 11035
14301 6350 13272
13272 6350 14301
6350 13272 14301
9171 8405 13426
13426 8405 9171
8405 9171 13426
935 3244 8267
8267 935 3244
3244 935 8267
2085 8071 8374
8374 2085 8071
8071 2085 8374
7424 6706 8507
6706 7424 8507
8507 6706 7424
1257 205 4237
4237 205 1257
205 1257 4237
8663 8756 12205
8756 8663 12205
12205 8663 8756
3761 6581 7420
6581 3761 7420
7420 3761 6581
9509 1429 14193
14193 1429 9509
1429 9509 14193
14627 8873 10231
8873 10231 14627
10231 8873 14627
12494 6932 10560
10560 6932 12494
6932 10560 12494
6423 3435 10667
10667 3435 6423
3435 6423 10667
1141 4235 6490
4235 1141 6490
6490 1141 4235
12085 5406 7058
5406 7058 12085
7058 5406 12085
10169 5217 11221
11221 5217 10169
5217 10169 11221
9515 4229 14136
4229 9515 14136
14136 4229 9515
1368 988 9460
988 1368 9460
9460 988 1368
10743 5552 7414
7414 5552 10743
5552 7414 10743
1366 402 2558
402 1366 2558
2558 402 1366
7077 11404 11968
11404 7077 11968
11968 7077 11404
8269 13527 13901
13901 8269 13527
13527 8269 13901
5162 1587 11983
1587 5162 11983
11983 1587 5162
13069 8801 9543
8801 9543 13069
9543 8801 13069
11268 2269 11934
2269 11268 11934
11934 2269 11268
12180 3614 5087
3614 5087 12180
5087 3614 12180
8902 3623 8023
8023 3623 8902
3623 8023 8902
536 6526 13588
6526 536 13588
13588 536 6526
10223 1913 7376
7376 1913 10223
1913 7376 10223
14368 3284 4332
4332 3284 14368
3284 4332 14368
2155 525 5948
5948 525 2155
525 2155 5948
12843 8590 13421
13421 8590 12843
8590 12843 13421
7122 4717 11618
11618 4717 7122
4717 7122 11618
2138 3049 12666
12666 2138 3049
3049 2138 12666
4429 4488 10259
10259 4429 4488
4488 4429 10259
10590 309 6836
309 6836 10590
6836 309 10590
3801 4986 8073
8073 3801 4986
4986 3801 8073
2184 6608 14229
14229 2184 6608
6608 2184 14229
1607 959 2149
959 1607 2149
2149 959 1607
1549 2889 5904
5904 1549 2889
2889 1549 5904
13594 3374 13701
13701 3374 13594
3374 13594 13701
11847 10665 13073
10665 11847 13073
13073 10665 11847
4398 5908 8737
5908 4398 8737
8737 4398 5908
130 10486 11729
11729 130 10486
10486 130 11729
11795 3606 7377
3606 7377 11795
7377 3606 11795
11389 1873 2857
1873 2857 11389
2857 1873 11389
6764 6306 10571
10571 6306 6764
6306 6764 10571
6403 10756 11652
10756 6403 11652
11652 6403 10756
3959 3998 8625
8625 3959 3998
3998 3959 8625
14961 1603 6720
1603 6720 14961
6720 1603 14961
4577 11515 14869
14869 4577 11515
11515 4577 14869
8796 7547 14020
14020 7547 8796
7547 8796 14020
6461 326 11969
326 6461 11969
11969 326 6461
3288 828 9628
828 3288 9628
9628 828 3288
2883 3711 10246
3711 2883 10246
10246 2883 3711
12193 6713 9223
6713 9223 12193
9223 6713 12193
14790 513 10007
513 10007 14790
10007 513 14790
9824 7790 10250
10250 7790 9824
7790 9824 10250
3276 3202 10312
10312 3202 3276
3202 3276 10312
5382 1360 2512
2512 1360 5382
1360 2512 5382
864 4665 13353
4665 864 13353
13353 864 4665
3226 5720 11833
11833 3226 5720
5720 3226 11833
5394 851 5373
5373 851 5394
851 5373 5394
8337 6946 14281
6946 8337 14281
14281 6946 8337
11585 8733 12772
8733 11585 12772
12772 8733 11585
12609 6080 10433
6080 10433 12609
10433 6080 12609
3155 1613 2757
2757 1613 3155
1613 2757 3155
9259 2660 9124
9124 2660 9259
2660 9124 9259
6617 6992 12056
6992 6617 12056
12056 6617 6992
3673 6235 9766
9766 3673 6235
6235 3673 9766
271 305 6659
305 271 6659
6659 271 305
10105 5136 13436
13436 5136 10105
5136 10105 13436
4259 3595 14612
3595 4259 14612
14612 3595 4259
6470 930 5976
5976 930 6470
930 5976 6470
903 4039 12482
4039 903 12482
12482 903 4039
1968 6452 12247
12247 1968 6452
6452 1968 12247
9507 967 12824
12824 967 9507
967 9507 12824
5726 6915 12206
6915 5726 12206
12206 5726 6915
10930 9383 12249
9383 10930 12249
12249 9383 10930
1952 3246 7693
3246 1952 7693
7693 1952 3246
10408 1818 14737
14737 1818 10408
1818 10408 14737
12366 2017 4105
2017 4105 12366
4105 2017 12366
6444 3634 4926
4926 3634 6444
3634 4926 6444
8084 1131 10292
1131 8084 10292
10292 1131 8084
1988 7181 13300
13300 1988 7181
7181 1988 13300
7595 4474 12773
12773 4474 7595
4474 7595 12773
2699 8248 13292
8248 2699 13292
13292 2699 8248
1037 8279 9950
9950 1037 8279
8279 1037 9950
9142 8500 9985
9985 8500 9142
8500 9142 9985
13996 1898 9013
9013 1898 13996
1898 9013 13996
7397 8223 12149
8223 7397 12149
12149 7397 8223
3806 4966 11663
11663 3806 4966
4966 3806 11663
5668 2878 2924
2878 2924 5668
2924 2878 5668
6894 10305 13817
13817 6894 10305
10305 6894 13817
7838 10685 11214
11214 7838 10685
10685 7838 11214
1723 3823 9138
3823 1723 9138
9138 1723 3823
6123 10403 10423
10403 6123 10423
10423 6123 10403
8628 7024 13072
7024 8628 13072
13072 7024 8628
7592 4181 10591
10591 4181 7592
4181 7592 10591
1490 7139 8653
7139 1490 8653
8653 1490 7139
9590 6040 7830
6040 7830 9590
7830 6040 9590
12742 1652 13485
1652 12742 13485
13485 1652 12742
116 8056 11242
8056 116 11242
11242 116 8056
13066 3702 7195
3702 7195 13066
7195 3702 13066
4223 2595 9953
2595 4223 9953
9953 2595 4223
3210 6901 11400
11400 3210 6901
6901 3210 11400
13165 9920 14557
14557 9920 13165
9920 13165 14557
6861 2246 9998
2246 6861 9998
9998 2246 6861
11891 1840 5436
5436 1840 11891
1840 5436 11891
5724 10125 10768
10125 5724 10768
10768 5724 10125
14828 1522 6767
1522 6767 14828
6767 1522 14828
1045 1244 13556
13556 1045 1244
1244 1045 13556
2573 3468 11734
11734 2573 3468
3468 2573 11734
13262 10479 14625
10479 13262 14625
14625 10479 13262
2763 6654 12819
6654 2763 12819
12819 2763 6654
13664 3877 12706
3877 12706 13664
12706 3877 13664
834 2097 10429
2097 834 10429
10429 834 2097
1843 4683 7943
4683 1843 7943
7943 1843 4683
36 4264 5200
4264 36 5200
5200 36 4264
4530 4441 14079
14079 4441 4530
4441 4530 14079
9795 2572 6122
2572 6122 9795
6122 2572 9795
12961 7528 14580
14580 7528 12961
7528 12961 14580
3089 4877 13762
4877 3089 13762
13762 3089 4877
11417 8927 11732
11732 8927 11417
8927 11417 11732
2193 7542 12717
12717 2193 7542
7542 2193 12717
9778 12904 13101
13101 9778 12904
12904 9778 13101
12422 8501 13331
8501 12422 13331
13331 8501 12422
11675 1314 6723
6723 1314 11675
1314 6723 11675
8527 9748 11238
11238 8527 9748
9748 8527 11238
1176 10737 14584
14584 1176 10737
10737 1176 14584
5165 9623 12306
12306 5165 9623
9623 5165 12306
754 701 13342
13342 701 754
701 754 13342
581 3257 10128
3257 581 10128
10128 581 3257
2083 8772 9205
9205 2083 8772
8772 2083 9205
5593 5069 10060
5069 5593 10060
10060 5069 5593
13935 7960 13067
13067 7960 13935
7960 13067 13935
6518 2734 9094
9094 2734 6518
2734 6518 9094
6618 173 8731
173 6618 8731
8731 173 6618
1165 7479 13358
7479 1165 13358
13358 1165 7479
201 2139 7282
2139 201 7282
7282 201 2139
7100 10961 12765
12765 7100 10961
10961 7100 12765
3605 8395 12659
8395 3605 12659
12659 3605 8395
1183 3922 4457
4457 1183 3922
3922 1183 4457
12337 7368 10388
10388 7368 12337
7368 10388 12337
5806 1893 10628
1893 5806 10628
10628 1893 5806
2376 948 8894
8894 948 2376
948 2376 8894
14455 3159 3708
3159 3708 14455
3708 3159 14455
204 820 2267
820 204 2267
2267 204 820
1971 3190 12761
3190 1971 12761
12761 1971 3190
7467 6615 12958
6615 7467 12958
12958 6615 7467
7919 11374 12738
11374 7919 12738
12738 7919 11374
3521 4148 4791
4791 3521 4148
4148 3521 4791
9605 10812 12596
10812 9605 12596
12596 9605 10812
4659 6600 7411
7411 4659 6600
6600 4659 7411
13563 3906 4395
4395 3906 13563
3906 4395 13563
12476 4568 6174
4568 6174 12476
6174 4568 12476
2958 7417 7947
7947 2958 7417
7417 2958 7947
7040 983 7483
983 7040 7483
7483 983 7040
3107 9161 9716
9161 3107 9716
9716 3107 9161
4286 9060 11493
9060 4286 11493
11493 4286 9060
2217 123 4883
4883 123 2217
123 2217 4883
5103 452 3693
452 3693 5103
3693 452 5103
10830 26 6967
26 6967 10830
6967 26 10830
9581 7232 13547
7232 9581 13547
13547 7232 9581
14677 6438 14308
14308 6438 14677
6438 14308 14677
7121 4230 9226
4230 7121 9226
9226 4230 7121
9803 11600 13372
11600 9803 13372
13372 9803 11600
4143 2854 4999
4999 2854 4143
2854 4143 4999
392 12243 14185
12243 392 14185
14185 392 12243
11276 2578 11335
11335 2578 11276
2578 11276 11335
11333 13882 14310
13882 11333 14310
14310 11333 13882
2498 6145 11743
6145 2498 11743
11743 2498 6145
6900 2987 13889
13889 2987 6900
2987 6900 13889
8040 708 7763
7763 708 8040
708 7763 8040
2462 10085 14436
14436 2462 10085
10085 2462 14436
11664 2060 14311
14311 2060 11664
2060 11664 14311
806 2755 14294
14294 806 2755
2755 806 14294
6701 3561 8377
3561 6701 8377
8377 3561 6701
11569 10102 12925
12925 10102 11569
10102 11569 12925
9287 9911 10876
10876 9287 9911
9911 9287 10876
12271 4714 13107
4714 12271 13107
13107 4714 12271
4270 6427 6445
6445 4270 6427
6427 4270 6445
2156 9096 14325
9096 2156 14325
14325 2156 9096
9877 7299 8127
8127 7299 9877
7299 8127 9877
4495 5071 11441
11441 4495 5071
5071 4495 11441
7067 3252 12928
12928 3252 7067
3252 7067 12928
6567 2380 4664
2380 4664 6567
4664 2380 6567
991 18 3799
3799 18 991
18 991 3799
12234 6759 14976
14976 6759 12234
6759 12234 14976
10033 11685 12093
11685 10033 12093
12093 10033 11685
11563 10191 13596
10191 11563 13596
13596 10191 11563
9847 6063 6554
6554 6063 9847
6063 6554 9847
5760 5199 8551
8551 5199 5760
5199 5760 8551
487 3845 3968
3845 487 3968
3968 487 3845
2754 6020 13075
6020 2754 13075
13075 2754 6020
12661 2604 14598
14598 2604 12661
2604 12661 14598
4847 2247 13617
13617 2247 4847
2247 4847 13617
4284 10186 12893
10186 4284 12893
12893 4284 10186
7936 12313 12653
12653 7936 12313
12313 7936 12653
6559 634 7723
634 6559 7723
7723 634 6559
9539 10583 11425
10583 9539 11425
11425 9539 10583
3379 7338 14735
14735 3379 7338
7338 3379 14735
7366 1887 6414
6414 1887 7366
1887 6414 7366
10056 280 13819
280 10056 13819
13819 280 10056
9389 4939 12555
12555 4939 9389
4939 9389 12555
11351 2100 12450
2100 11351 12450
12450 2100 11351
2333 6023 14635
6023 2333 14635
14635 2333 6023
128 6230 10494
10494 128 6230
6230 128 10494
4954 2568 7631
7631 2568 4954
2568 4954 7631
3414 7333 8991
8991 3414 7333
7333 3414 8991
532 10704 14571
14571 532 10704
10704 532 14571
8385 4560 11131
4560 8385 11131
11131 4560 8385
3489 4669 10587
10587 3489 4669
4669 3489 10587
1622 1779 5145
5145 1622 1779
1779 1622 5145
4873 5152 10837
10837 4873 5152
5152 4873 10837
3180 4092 4872
4092 3180 4872
4872 3180 4092
3784 5554 5768
5554 3784 5768
5768 3784 5554
254 3839 12814
12814 254 3839
3839 254 12814
6696 7961 13807
7961 6696 13807
13807 6696 7961
6069 3086 7014
7014 3086 6069
3086 6069 7014
8367 5120 12028
5120 8367 12028
12028 5120 8367
14530 1122 8079
8079 1122 14530
1122 8079 14530
11338 11726 12437
12437 11338 11726
11726 11338 12437
3840 465 12208
465 3840 12208
12208 465 3840
9837 8100 13046
13046 8100 9837
8100 9837 13046
4819 7164 10763
10763 4819 7164
7164 4819 10763
6624 4649 5965
5965 4649 6624
4649 5965 6624
11011 5074 6702
6702 5074 11011
5074 6702 11011
12537 668 3843
668 3843 12537
3843 668 12537
1106 363 5401
363 1106 5401
5401 363 1106
6051 5173 8704
5173 6051 8704
8704 5173 6051
1537 6963 10781
6963 1537 10781
10781 1537 6963
1246 603 5732
603 1246 5732
