1190 903 912
912 903 1190
903 912 1190
889 372 557
372 557 889
557 372 889
567 787 788
788 567 787
787 567 788
1310 125 1095
1095 125 1310
125 1095 1310
1057 176 1173
176 1057 1173
1173 176 1057
823 165 914
914 165 823
165 823 914
1138 198 1215
1215 198 1138
198 1138 1215
22 936 1282
936 22 1282
1282 22 936
130 819 1257
1257 130 819
819 130 1257
269 803 839
803 269 839
839 269 803
451 162 1181
1181 162 451
162 451 1181
1052 771 1436
1436 771 1052
771 1052 1436
48 438 735
735 48 438
438 48 735
978 612 831
612 831 978
831 612 978
344 760 770
760 344 770
770 344 760
1111 235 1357
1357 235 1111
235 1111 1357
73 177 1369
1369 73 177
177 73 1369
907 114 514
514 114 907
114 514 907
304 504 775
504 304 775
775 304 504
647 440 1083
440 647 1083
1083 440 647
397 92 332
92 332 397
332 92 397
991 502 821
502 821 991
821 502 991
124 330 1464
1464 124 330
330 124 1464
1465 409 1229
409 1229 1465
1229 409 1465
412 371 1463
1463 371 412
371 412 1463
46 496 1080
496 46 1080
1080 46 496
248 1279 1398
1279 248 1398
1398 248 1279
703 120 288
120 288 703
288 120 703
396 191 1107
191 396 1107
1107 191 396
700 58 491
491 58 700
58 491 700
608 233 600
600 233 608
233 600 608
951 702 1342
1342 702 951
702 951 1342
1136 217 1425
1425 217 1136
217 1136 1425
711 28 423
28 423 711
423 28 711
849 758 811
758 811 849
811 758 849
519 62 258
62 258 519
258 62 519
872 568 588
568 588 872
588 568 872
219 154 399
154 219 399
399 154 219
494 270 1125
1125 270 494
270 494 1125
627 383 1404
383 627 1404
1404 383 627
1166 27 1098
1098 27 1166
27 1098 1166
16 622 670
670 16 622
622 16 670
779 143 549
143 549 779
549 143 779
719 1210 1412
1412 719 1210
1210 719 1412
90 510 751
510 90 751
751 90 510
545 582 616
582 545 616
616 545 582
149 1000 1417
1000 149 1417
1417 149 1000
202 1126 1348
1348 202 1126
1126 202 1348
1001 93 1137
1137 93 1001
93 1001 1137
981 1010 1409
1409 981 1010
1010 981 1409
1213 1053 1198
1053 1198 1213
1198 1053 1213
1371 284 998
284 998 1371
998 284 1371
695 83 1113
1113 83 695
83 695 1113
994 483 1430
1430 483 994
483 994 1430
716 665 895
665 716 895
895 665 716
210 556 921
556 210 921
921 210 556
569 151 980
151 569 980
980 151 569
875 892 1304
1304 875 892
892 875 1304
1389 140 263
263 140 1389
140 263 1389
564 196 453
453 196 564
196 453 564
1385 524 1455
524 1385 1455
1455 524 1385
931 1012 1220
1220 931 1012
1012 931 1220
526 398 1237
398 526 1237
1237 398 526
891 479 1079
479 891 1079
1079 479 891
676 645 1041
1041 645 676
645 676 1041
807 783 1275
783 807 1275
1275 783 807
615 430 498
498 430 615
430 498 615
1460 275 633
633 275 1460
275 633 1460
127 1233 1487
1487 127 1233
1233 127 1487
1074 1105 1457
1105 1074 1457
1457 1074 1105
1088 385 1444
1444 385 1088
385 1088 1444
153 146 1101
146 153 1101
1101 146 153
583 693 749
693 583 749
749 583 693
1491 261 525
525 261 1491
261 525 1491
1403 993 1271
993 1271 1403
1271 993 1403
161 726 1281
1281 161 726
726 161 1281
1253 47 236
47 236 1253
236 47 1253
1329 533 1193
533 1193 1329
1193 533 1329
641 220 1144
220 641 1144
1144 220 641
30 450 753
753 30 450
450 30 753
1316 1068 1086
1086 1068 1316
1068 1086 1316
1218 590 1350
590 1218 1350
1350 590 1218
507 768 900
900 507 768
768 507 900
77 1227 1438
1227 77 1438
1438 77 1227
662 417 613
613 417 662
417 613 662
621 393 987
393 621 987
987 393 621
100 121 985
121 100 985
985 100 121
242 499 1421
1421 242 499
499 242 1421
309 406 923
923 309 406
406 309 923
1452 554 1432
554 1432 1452
1432 554 1452
10 72 802
802 10 72
72 10 802
462 415 1058
415 462 1058
1058 415 462
213 699 866
866 213 699
699 213 866
1345 684 1466
1466 684 1345
684 1345 1466
698 885 926
885 698 926
926 698 885
1159 501 1467
501 1159 1467
1467 501 1159
801 534 1042
1042 534 801
534 801 1042
660 79 1305
79 660 1305
1305 79 660
767 861 897
897 767 861
861 767 897
595 697 1078
1078 595 697
697 595 1078
1286 947 1454
1454 947 1286
947 1286 1454
1332 818 1143
1143 818 1332
818 1143 1332
680 836 1323
1323 680 836
836 680 1323
117 968 1291
968 117 1291
1291 117 968
389 287 1019
287 389 1019
1019 287 389
944 245 1388
245 944 1388
1388 245 944
1339 19 349
19 349 1339
349 19 1339
373 26 1344
1344 26 373
26 373 1344
147 1268 1459
1459 147 1268
1268 147 1459
65 774 1280
1280 65 774
774 65 1280
197 253 1072
1072 197 253
253 197 1072
111 411 1175
411 111 1175
1175 111 411
20 57 913
57 20 913
913 20 57
51 445 1401
445 51 1401
1401 51 445
94 1097 1359
1097 94 1359
1359 94 1097
1380 922 1103
1103 922 1380
922 1103 1380
563 516 870
516 563 870
870 516 563
277 172 448
172 277 448
448 172 277
710 405 1141
1141 405 710
405 710 1141
520 367 1415
367 520 1415
1415 367 520
722 742 1322
742 722 1322
1322 722 742
343 655 874
874 343 655
655 343 874
1351 132 413
413 132 1351
132 413 1351
44 784 948
784 44 948
948 44 784
358 152 271
271 152 358
152 271 358
1264 317 1099
317 1099 1264
1099 317 1264
733 433 918
918 433 733
433 733 918
1147 265 898
898 265 1147
265 898 1147
528 1127 1185
1127 528 1185
1185 528 1127
578 356 919
919 356 578
356 578 919
1005 18 468
468 18 1005
18 468 1005
1437 282 961
961 282 1437
282 961 1437
910 763 890
890 763 910
763 890 910
338 375 1043
375 338 1043
1043 338 375
490 400 1197
400 490 1197
1197 400 490
757 107 272
272 107 757
107 272 757
294 122 809
122 294 809
809 122 294
1081 38 769
38 769 1081
769 38 1081
50 777 1407
777 50 1407
1407 50 777
1334 855 1055
1055 855 1334
855 1055 1334
1140 428 1130
1130 428 1140
428 1130 1140
688 635 1247
635 688 1247
1247 635 688
964 163 337
337 163 964
163 337 964
535 390 1015
1015 390 535
390 535 1015
207 312 469
469 207 312
312 207 469
759 268 1468
268 759 1468
1468 268 759
1449 475 999
999 475 1449
475 999 1449
481 301 1445
1445 301 481
301 481 1445
1153 298 1492
298 1153 1492
1492 298 1153
21 221 1477
221 21 1477
1477 21 221
1062 63 137
63 137 1062
137 63 1062
493 40 186
186 40 493
40 186 493
805 244 1326
244 805 1326
1326 244 805
747 382 869
869 382 747
382 747 869
414 141 472
141 414 472
472 141 414
1246 1033 1419
1419 1033 1246
1033 1246 1419
1090 460 646
460 646 1090
646 460 1090
536 187 584
187 536 584
584 187 536
179 663 790
663 179 790
790 179 663
1117 234 254
254 234 1117
234 254 1117
506 958 1307
958 506 1307
1307 506 958
286 387 956
956 286 387
387 286 956
115 1241 1258
1241 115 1258
1258 115 1241
1370 1093 1416
1416 1093 1370
1093 1370 1416
1029 696 960
696 960 1029
960 696 1029
328 347 780
780 328 347
347 328 780
500 82 1376
82 500 1376
1376 82 500
791 1026 1328
1328 791 1026
1026 791 1328
1262 1269 1434
1434 1262 1269
1269 1262 1434
604 1045 1174
1045 604 1174
1174 604 1045
843 204 1035
204 843 1035
1035 204 843
1490 108 844
844 108 1490
108 844 1490
157 482 909
482 157 909
909 157 482
325 725 1225
725 325 1225
1225 325 725
129 804 1295
1295 129 804
804 129 1295
727 126 145
145 126 727
126 145 727
439 617 1204
1204 439 617
617 439 1204
643 917 1027
1027 643 917
917 643 1027
1367 402 1096
1096 402 1367
402 1096 1367
139 546 1378
1378 139 546
546 139 1378
1420 1301 1440
1301 1420 1440
1440 1301 1420
291 281 626
281 291 626
626 281 291
352 260 714
260 352 714
714 260 352
164 185 1084
185 164 1084
1084 164 185
1372 324 1354
1354 324 1372
324 1354 1372
243 380 1154
1154 243 380
380 243 1154
816 35 470
470 35 816
35 470 816
876 429 706
429 706 876
706 429 876
218 1071 1289
1289 218 1071
1071 218 1289
721 830 984
984 721 830
830 721 984
638 378 1243
1243 378 638
378 638 1243
743 262 1273
262 743 1273
1273 262 743
720 299 1050
1050 299 720
299 720 1050
858 732 1155
1155 732 858
732 858 1155
826 285 576
576 285 826
285 576 826
368 159 1191
159 368 1191
1191 159 368
776 231 1131
1131 231 776
231 776 1131
463 1349 1498
1498 463 1349
1349 463 1498
691 728 1139
728 691 1139
1139 691 728
89 806 853
806 89 853
853 89 806
1034 478 1059
1059 478 1034
478 1034 1059
302 71 201
71 201 302
201 71 302
687 75 532
532 75 687
75 532 687
829 878 1435
878 829 1435
1435 829 878
995 76 1076
76 995 1076
1076 76 995
1299 230 1214
1214 230 1299
230 1214 1299
228 731 1478
1478 228 731
731 228 1478
394 466 879
466 394 879
879 394 466
1075 911 1413
1413 911 1075
911 1075 1413
7 871 1429
871 7 1429
1429 7 871
238 1217 1312
1312 238 1217
1217 238 1312
1016 667 1135
667 1016 1135
1135 667 1016
778 131 1321
131 778 1321
1321 131 778
1179 33 1234
33 1179 1234
1234 33 1179
707 920 1158
920 707 1158
1158 707 920
370 648 1373
648 370 1373
1373 370 648
1196 39 736
39 736 1196
736 39 1196
1092 967 1199
1199 967 1092
967 1092 1199
644 650 1123
650 644 1123
1123 644 650
427 992 1228
1228 427 992
992 427 1228
887 15 1066
15 887 1066
1066 15 887
205 1119 1470
1470 205 1119
1119 205 1470
1482 290 631
290 631 1482
631 290 1482
283 303 1410
1410 283 303
303 283 1410
864 426 1146
426 864 1146
1146 426 864
820 517 1461
1461 517 820
517 820 1461
1082 135 659
135 659 1082
659 135 1082
540 155 594
155 540 594
594 155 540
1224 1014 1408
1408 1014 1224
1014 1224 1408
11 1023 1298
1023 11 1298
1298 11 1023
1115 308 1337
1337 308 1115
308 1115 1337
1261 391 551
391 551 1261
551 391 1261
341 98 1167
98 341 1167
1167 98 341
138 625 1180
625 138 1180
1180 138 625
1266 571 1294
1294 571 1266
571 1266 1294
566 404 593
593 404 566
404 566 593
1018 649 908
649 908 1018
908 649 1018
123 199 1472
1472 123 199
199 123 1472
639 101 461
101 461 639
461 101 639
1008 183 353
183 353 1008
353 183 1008
825 962 1319
962 825 1319
1319 825 962
1439 746 1426
746 1426 1439
1426 746 1439
1379 421 1046
1046 421 1379
421 1046 1379
471 601 618
618 471 601
601 471 618
104 59 357
59 104 357
357 59 104
1320 342 1406
342 1320 1406
1406 342 1320
1500 3 1259
1259 3 1500
3 1259 1500
1067 789 1239
1239 789 1067
789 1067 1239
986 348 933
348 933 986
933 348 986
904 477 755
477 755 904
755 477 904
215 99 610
610 99 215
99 215 610
1036 257 464
464 257 1036
257 464 1036
379 43 1142
43 379 1142
1142 43 379
1061 547 1427
547 1061 1427
1427 547 1061
403 229 854
854 229 403
229 403 854
1219 701 1447
1447 701 1219
701 1219 1447
4 881 906
881 4 906
906 4 881
1480 653 681
681 653 1480
653 681 1480
1387 326 632
632 326 1387
326 632 1387
570 1391 1494
1391 570 1494
1494 570 1391
1048 240 1032
1032 240 1048
240 1032 1048
1495 1362 1399
1362 1399 1495
1399 1362 1495
1450 118 1102
1102 118 1450
118 1102 1450
797 374 495
495 374 797
374 495 797
1288 486 550
550 486 1288
486 550 1288
1284 297 1186
1186 297 1284
297 1186 1284
1031 488 1245
488 1031 1245
1245 488 1031
1157 435 1418
435 1157 1418
1418 435 1157
1306 292 531
531 292 1306
292 531 1306
1232 52 1184
52 1184 1232
1184 52 1232
484 623 842
623 484 842
842 484 623
366 158 241
241 158 366
158 241 366
148 832 1394
832 148 1394
1394 148 832
1165 682 1249
682 1165 1249
1249 682 1165
657 938 1156
1156 657 938
938 657 1156
634 1037 1118
1037 634 1118
1118 634 1037
485 193 1124
1124 193 485
193 485 1124
523 1169 1293
1169 523 1293
1293 523 1169
508 591 1265
1265 508 591
591 508 1265
559 178 943
943 178 559
178 559 943
586 424 442
442 424 586
424 442 586
150 376 437
437 150 376
376 150 437
1171 1049 1077
1049 1077 1171
1077 1049 1171
1315 548 1405
1405 548 1315
548 1315 1405
709 305 953
953 305 709
305 709 953
592 815 860
860 592 815
815 592 860
259 8 683
8 259 683
683 8 259
619 795 1063
1063 619 795
795 619 1063
1381 1296 1375
1296 1375 1381
1375 1296 1381
1108 1094 1396
1396 1094 1108
1094 1108 1396
360 1161 1172
1172 360 1161
1161 360 1172
432 606 1308
606 432 1308
1308 432 606
1226 729 1116
1116 729 1226
729 1116 1226
386 609 1109
609 386 1109
1109 386 609
264 489 937
489 264 937
937 264 489
249 473 1382
1382 249 473
473 249 1382
1311 169 1277
169 1277 1311
1277 169 1311
206 694 1471
694 206 1471
1471 206 694
705 505 628
628 505 705
505 628 705
730 335 509
509 335 730
335 509 730
1497 656 1324
1324 656 1497
656 1324 1497
792 1160 1411
1411 792 1160
1160 792 1411
447 9 212
212 9 447
9 212 447
227 1188 1331
1188 227 1331
1331 227 1188
1187 847 1443
847 1187 1443
1443 847 1187
988 319 1132
319 988 1132
1132 319 988
1216 511 976
976 511 1216
511 976 1216
37 401 1374
1374 37 401
401 37 1374
1365 56 1038
1038 56 1365
56 1038 1365
369 322 1285
1285 322 369
322 369 1285
971 86 765
86 765 971
765 86 971
552 544 1044
1044 544 552
544 552 1044
1402 170 572
572 170 1402
170 572 1402
289 873 1230
873 289 1230
1230 289 873
1343 808 827
808 827 1343
827 808 1343
492 68 1414
68 492 1414
1414 68 492
762 320 664
320 664 762
664 320 762
822 74 530
74 530 822
530 74 822
1481 192 859
859 192 1481
192 859 1481
300 142 1182
142 300 1182
1182 142 300
929 581 1283
581 929 1283
1283 581 929
361 166 1260
1260 166 361
166 361 1260
603 42 156
42 156 603
156 42 603
5 893 1422
893 5 1422
1422 5 893
188 480 965
480 188 965
965 188 480
1341 1013 1297
1297 1013 1341
1013 1297 1341
410 1212 1386
1212 410 1386
1386 410 1212
354 278 527
278 354 527
527 278 354
1009 425 1200
1200 425 1009
425 1009 1200
1254 1003 1100
1100 1003 1254
1003 1100 1254
934 456 977
456 934 977
977 456 934
1278 824 1428
1428 824 1278
824 1278 1428
817 585 1384
585 817 1384
1384 585 817
53 12 307
12 53 307
307 12 53
1128 899 925
899 925 1128
925 899 1128
538 232 838
838 232 538
232 538 838
915 85 457
457 85 915
85 457 915
677 692 950
950 677 692
692 677 950
136 668 886
668 136 886
886 136 668
754 835 1244
1244 754 835
835 754 1244
31 223 745
745 31 223
223 31 745
251 522 940
522 251 940
940 251 522
734 381 675
381 675 734
675 381 734
226 857 945
945 226 857
857 226 945
781 13 1423
13 781 1423
1423 13 781
70 773 1070
1070 70 773
773 70 1070
91 793 996
793 91 996
996 91 793
946 388 518
518 388 946
388 518 946
119 476 1330
1330 119 476
476 119 1330
203 395 1073
395 203 1073
1073 203 395
80 704 1333
704 80 1333
1333 80 704
1020 444 752
444 752 1020
752 444 1020
279 295 1051
295 279 1051
1051 279 295
1335 1162 1267
1162 1267 1335
1267 1162 1335
1353 333 543
543 333 1353
333 543 1353
799 637 1222
637 799 1222
1222 637 799
741 1263 1479
1263 741 1479
1479 741 1263
724 54 1424
1424 54 724
54 724 1424
1236 455 1022
1022 455 1236
455 1022 1236
834 14 339
339 14 834
14 339 834
558 84 1441
84 558 1441
1441 84 558
717 785 1473
785 717 1473
1473 717 785
1346 689 1085
689 1085 1346
1085 689 1346
850 407 1360
407 850 1360
1360 407 850
174 331 555
331 174 555
555 174 331
877 225 1256
1256 225 877
225 877 1256
315 580 1060
580 315 1060
1060 315 580
880 29 1383
1383 29 880
29 880 1383
180 237 565
237 180 565
565 180 237
41 901 1276
901 41 1276
1276 41 901
1368 200 1006
1006 200 1368
200 1006 1368
503 128 247
247 128 503
128 247 503
611 654 1047
654 611 1047
1047 611 654
974 630 1496
1496 630 974
630 974 1496
927 1206 1235
1206 927 1235
1235 927 1206
1025 1347 1395
1395 1025 1347
1347 1025 1395
64 182 642
182 64 642
642 64 182
740 529 1272
529 740 1272
1272 529 740
454 160 1054
1054 160 454
160 454 1054
766 377 686
377 686 766
686 377 766
1024 669 1238
669 1024 1238
1238 669 1024
723 267 1148
267 723 1148
1148 267 723
1104 351 712
712 351 1104
351 712 1104
1133 276 1431
1431 276 1133
276 1133 1431
96 173 605
605 96 173
173 96 605
596 392 1040
1040 392 596
392 596 1040
1039 1189 1392
1189 1039 1392
1392 1039 1189
1028 419 930
930 419 1028
419 930 1028
1 314 846
846 1 314
314 1 846
896 932 982
932 896 982
982 896 932
195 1451 1462
1451 195 1462
1462 195 1451
87 355 952
952 87 355
355 87 952
1211 384 1486
1486 384 1211
384 1211 1486
1240 55 363
363 55 1240
55 363 1240
841 973 1453
973 841 1453
1453 841 973
1456 949 1030
949 1030 1456
1030 949 1456
782 852 990
990 782 852
852 782 990
1340 521 1004
521 1004 1340
1004 521 1340
66 607 624
607 66 624
624 66 607
327 443 679
679 327 443
443 327 679
487 25 1397
1397 25 487
25 487 1397
1069 579 1242
1242 579 1069
579 1069 1242
1091 658 894
894 658 1091
658 894 1091
474 81 1192
1192 81 474
81 474 1192
365 1292 1485
1292 365 1485
1485 365 1292
1065 458 673
673 458 1065
458 673 1065
6 32 113
32 6 113
113 6 32
989 512 1433
512 989 1433
1433 512 989
280 175 1151
175 280 1151
1151 175 280
316 812 1400
812 316 1400
1400 316 812
1134 738 1270
1270 738 1134
738 1134 1270
652 957 1255
1255 652 957
957 652 1255
1274 134 764
134 764 1274
764 134 1274
905 1011 1469
1011 905 1469
1469 905 1011
306 168 1483
1483 168 306
168 306 1483
1152 340 1203
1203 340 1152
340 1152 1203
715 739 970
970 715 739
739 715 970
1017 274 359
274 359 1017
359 274 1017
214 329 459
329 214 459
459 214 329
350 997 1021
997 350 1021
1021 350 997
1355 888 1248
888 1248 1355
1248 888 1355
1442 109 620
620 109 1442
109 620 1442
1488 105 837
837 105 1488
105 837 1488
273 882 1377
882 273 1377
1377 273 882
256 845 1476
1476 256 845
845 256 1476
1150 293 577
293 577 1150
577 293 1150
418 24 1361
24 418 1361
1361 24 418
708 345 651
651 345 708
345 651 708
813 112 1300
1300 112 813
112 813 1300
67 88 983
88 67 983
983 67 88
431 36 60
60 36 431
36 60 431
883 935 1287
1287 883 935
935 883 1287
1163 422 902
902 422 1163
422 902 1163
110 587 589
587 110 589
589 110 587
672 1325 1390
1325 672 1390
1390 672 1325
467 542 737
737 467 542
542 467 737
598 364 1112
1112 364 598
364 598 1112
690 798 1393
798 690 1393
1393 690 798
334 446 856
856 334 446
446 334 856
1493 561 828
828 561 1493
561 828 1493
61 103 865
103 61 865
865 61 103
814 748 1448
748 814 1448
1448 748 814
574 629 786
629 574 786
786 574 629
539 144 1176
144 539 1176
1176 144 539
718 266 614
614 266 718
266 614 718
1484 420 884
420 884 1484
884 420 1484
1194 408 1302
408 1194 1302
1302 408 1194
181 34 1106
34 181 1106
1106 34 181
1056 97 310
97 310 1056
310 97 1056
541 955 1290
955 541 1290
1290 541 955
313 928 1110
1110 313 928
928 313 1110
1209 796 954
796 954 1209
954 796 1209
497 78 851
78 497 851
851 78 497
562 867 1317
1317 562 867
867 562 1317
17 756 972
972 17 756
756 17 972
336 222 452
452 222 336
222 336 452
1164 346 1303
1303 346 1164
346 1164 1303
1475 1120 1252
1120 1252 1475
1252 1120 1475
1499 102 246
102 246 1499
246 102 1499
167 750 1121
750 167 1121
1121 167 750
744 761 1201
761 744 1201
1201 744 761
441 255 1363
255 441 1363
1363 255 441
1318 362 1149
362 1149 1318
1149 362 1318
833 2 1007
2 833 1007
1007 2 833
1064 296 573
296 573 1064
573 296 1064
1002 49 1446
49 1002 1446
1446 49 1002
1195 189 800
189 800 1195
800 189 1195
1231 416 1178
416 1178 1231
1178 416 1231
1313 868 939
868 939 1313
939 868 1313
959 513 1208
1208 513 959
513 959 1208
449 311 1202
311 449 1202
1202 311 449
436 685 1145
685 436 1145
1145 436 685
133 848 963
963 133 848
848 133 963
924 323 1251
1251 323 924
323 924 1251
208 1364 1458
1364 208 1458
1458 208 1364
1122 794 1352
794 1122 1352
1352 794 1122
239 171 840
840 171 239
171 239 840
1114 640 1489
640 1114 1489
1489 640 1114
1221 250 661
250 661 1221
661 250 1221
1223 599 1177
599 1177 1223
1177 599 1223
1338 95 106
95 106 1338
106 95 1338
1129 252 674
674 252 1129
252 674 1129
975 575 1336
575 975 1336
1336 575 975
671 184 1183
1183 184 671
184 671 1183
553 69 1474
1474 69 553
69 553 1474
1207 862 1250
1250 862 1207
862 1207 1250
1087 1168 1366
1168 1087 1366
1366 1087 1168
942 1314 1356
1356 942 1314
1314 942 1356
979 465 1327
1327 465 979
465 979 1327
678 224 666
224 666 678
666 224 678
537 23 321
23 321 537
321 23 537
602 916 1170
916 602 1170
1170 602 916
216 194 1089
194 216 1089
1089 194 216
772 116 941
116 772 941
941 116 772
45 318 713
318 45 713
713 45 318
190 209 1205
209 190 1205
1205 190 209
810 434 1309
434 810 1309
1309 434 810
597 515 560
560 515 597
515 560 597
969 966 1358
966 969 1358
1358 966 969
863 211 636
636 211 863
211 636 863
