1188 644 1274
1274 644 1188
644 1188 1274
314 300 1282
1282 300 314
300 314 1282
1288 521 1165
521 1165 1288
1165 521 1288
1434 736 1447
1447 736 1434
736 1434 1447
670 338 1073
1073 338 670
338 670 1073
20 766 776
776 20 766
766 20 776
530 330 1110
330 530 1110
1110 330 530
43 113 1342
1342 43 113
113 43 1342
873 526 1010
526 873 1010
1010 526 873
1436 361 828
828 361 1436
361 828 1436
489 608 1157
608 489 1157
1157 489 608
166 626 1134
626 166 1134
1134 166 626
1176 652 871
652 871 1176
871 652 1176
1427 58 1036
1036 58 1427
58 1036 1427
35 196 1231
1231 35 196
196 35 1231
974 280 1219
1219 280 974
280 974 1219
953 318 914
914 318 953
318 914 953
584 61 121
121 61 584
61 121 584
1064 252 386
252 386 1064
386 252 1064
1471 441 1163
1163 441 1471
441 1163 1471
501 806 887
887 501 806
806 501 887
48 1269 1296
1296 48 1269
1269 48 1296
920 137 975
975 137 920
137 920 975
1112 570 1220
570 1112 1220
1220 570 1112
119 302 580
302 119 580
580 119 302
1389 987 1445
987 1389 1445
1445 987 1389
1168 358 1470
1470 358 1168
358 1168 1470
193 445 1172
1172 193 445
445 193 1172
1068 424 1291
424 1068 1291
1291 424 1068
1162 1310 1380
1380 1162 1310
1310 1162 1380
347 646 1378
646 347 1378
1378 347 646
971 781 1266
1266 781 971
781 971 1266
92 367 786
367 92 786
786 92 367
767 139 1391
139 767 1391
1391 139 767
877 1213 1461
1461 877 1213
1213 877 1461
627 22 502
502 22 627
22 502 627
518 45 109
45 109 518
109 45 518
1105 822 1350
1350 822 1105
822 1105 1350
917 249 594
249 594 917
594 249 917
122 957 1192
957 122 1192
1192 122 957
1426 972 1127
1127 972 1426
972 1127 1426
1121 617 791
617 791 1121
791 617 1121
167 439 718
718 167 439
439 167 718
707 1098 1315
1315 707 1098
1098 707 1315
31 233 1056
1056 31 233
233 31 1056
1059 21 457
21 457 1059
457 21 1059
1419 619 1314
619 1314 1419
1314 619 1419
973 694 710
694 710 973
710 694 973
592 536 1363
536 592 1363
1363 536 592
948 899 1013
1013 899 948
899 948 1013
544 833 1120
1120 544 833
833 544 1120
593 661 1050
1050 593 661
661 593 1050
862 1259 1495
1495 862 1259
1259 862 1495
1499 5 1207
5 1207 1499
1207 5 1499
1028 712 1429
1429 712 1028
712 1028 1429
1169 97 1101
1101 97 1169
97 1101 1169
448 894 1303
1303 448 894
894 448 1303
764 1403 1493
1403 764 1493
1493 764 1403
655 178 1012
178 655 1012
1012 178 655
450 248 866
866 248 450
248 450 866
213 488 517
488 213 517
517 213 488
62 511 1337
1337 62 511
511 62 1337
574 365 1086
1086 365 574
365 574 1086
1399 205 323
205 323 1399
323 205 1399
354 959 1494
1494 354 959
959 354 1494
85 25 543
25 85 543
543 25 85
355 144 603
603 144 355
144 355 603
569 104 1406
104 569 1406
1406 104 569
943 602 777
777 602 943
602 777 943
731 381 382
382 381 731
381 382 731
732 120 1341
1341 120 732
120 732 1341
474 760 1387
760 474 1387
1387 474 760
1340 241 279
241 279 1340
279 241 1340
722 467 532
467 532 722
532 467 722
1283 522 1159
522 1159 1283
1159 522 1283
164 234 1194
234 164 1194
1194 164 234
643 980 1404
980 643 1404
1404 643 980
790 701 879
879 701 790
701 790 879
1477 64 531
64 531 1477
531 64 1477
1021 854 1103
1103 854 1021
854 1021 1103
1152 596 1489
596 1152 1489
1489 596 1152
1438 250 360
360 250 1438
250 360 1438
588 804 1422
804 588 1422
1422 588 804
26 368 1319
1319 26 368
368 26 1319
991 236 413
413 236 991
236 413 991
533 555 620
555 533 620
620 533 555
127 758 772
758 127 772
772 127 758
59 312 721
721 59 312
312 59 721
1316 317 1180
1180 317 1316
317 1180 1316
66 1131 1281
1281 66 1131
1131 66 1281
331 960 981
960 331 981
981 331 960
798 202 992
992 202 798
202 798 992
480 621 1424
621 480 1424
1424 480 621
1164 456 1462
1462 456 1164
456 1164 1462
1062 443 1270
443 1062 1270
1270 443 1062
304 494 1252
494 304 1252
1252 304 494
1334 143 704
143 704 1334
704 143 1334
442 305 1386
1386 305 442
305 442 1386
344 1017 1040
1040 344 1017
1017 344 1040
1178 115 1002
115 1002 1178
1002 115 1178
500 1171 1278
1171 500 1278
1278 500 1171
856 73 209
209 73 856
73 209 856
559 93 1153
1153 93 559
93 559 1153
455 623 1154
623 455 1154
1154 455 623
184 686 726
726 184 686
686 184 726
1371 444 692
692 444 1371
444 692 1371
1026 625 836
625 836 1026
836 625 1026
1482 325 499
499 325 1482
325 499 1482
1370 218 784
218 784 1370
784 218 1370
998 437 745
745 437 998
437 745 998
473 850 1330
850 473 1330
1330 473 850
897 40 942
942 40 897
40 897 942
154 934 970
934 154 970
970 154 934
1302 256 792
256 792 1302
792 256 1302
1238 111 208
208 111 1238
111 208 1238
590 272 1046
1046 272 590
272 590 1046
356 370 421
421 356 370
370 356 421
631 572 911
572 631 911
911 572 631
739 277 881
277 739 881
881 277 739
1444 815 1137
815 1137 1444
1137 815 1444
1149 678 1324
678 1149 1324
1324 678 1149
560 912 1279
912 560 1279
1279 560 912
74 855 1018
855 74 1018
1018 74 855
227 136 1136
136 227 1136
1136 136 227
484 105 988
988 105 484
105 484 988
485 392 946
392 485 946
946 392 485
1214 802 1442
1442 802 1214
802 1214 1442
937 37 563
563 37 937
37 563 937
1005 384 579
579 384 1005
384 579 1005
149 112 1049
1049 112 149
112 149 1049
75 291 747
291 75 747
747 75 291
611 867 1402
867 611 1402
1402 611 867
1343 432 939
939 432 1343
432 939 1343
237 319 1232
1232 237 319
319 237 1232
1421 685 1305
1305 685 1421
685 1305 1421
1369 76 641
641 76 1369
76 641 1369
320 235 453
453 235 320
235 320 453
967 1015 1033
1015 967 1033
1033 967 1015
838 1193 1450
1450 838 1193
1193 838 1450
818 273 1065
1065 273 818
273 818 1065
1072 290 1143
1143 290 1072
290 1072 1143
900 101 989
101 900 989
989 101 900
711 638 1016
638 711 1016
1016 638 711
1298 177 637
177 637 1298
637 177 1298
635 928 1401
1401 635 928
928 635 1401
1229 679 869
869 679 1229
679 869 1229
599 892 1385
892 599 1385
1385 599 892
903 405 1094
1094 405 903
405 903 1094
1414 183 438
183 438 1414
438 183 1414
100 660 1244
660 100 1244
1244 100 660
353 380 1027
1027 353 380
380 353 1027
503 118 1475
118 503 1475
1475 118 503
1218 565 1253
565 1218 1253
1253 565 1218
853 11 1441
1441 11 853
11 853 1441
1335 672 830
830 672 1335
672 830 1335
1245 613 738
738 613 1245
613 738 1245
1129 226 289
226 289 1129
289 226 1129
878 217 556
217 556 878
556 217 878
1423 742 1200
742 1200 1423
1200 742 1423
624 133 315
133 315 624
315 133 624
1353 333 886
886 333 1353
333 886 1353
978 14 1070
1070 14 978
14 978 1070
160 814 1181
1181 160 814
814 160 1181
1166 46 204
46 204 1166
204 46 1166
297 224 496
224 297 496
496 224 297
931 799 1280
799 931 1280
1280 799 931
1122 207 246
207 246 1122
246 207 1122
1375 328 1212
1212 328 1375
328 1212 1375
180 28 1182
1182 28 180
28 180 1182
961 327 1074
327 961 1074
1074 327 961
819 479 1382
1382 479 819
479 819 1382
995 519 849
849 519 995
519 849 995
173 697 885
697 173 885
885 173 697
1277 963 1262
1262 963 1277
963 1262 1277
1432 984 1318
984 1318 1432
1318 984 1432
591 108 1004
108 591 1004
1004 108 591
157 1069 1187
1187 157 1069
1069 157 1187
1061 324 756
324 756 1061
756 324 1061
309 377 1133
377 309 1133
1133 309 377
1114 687 1088
1088 687 1114
687 1088 1114
905 263 1360
263 905 1360
1360 263 905
23 435 1448
1448 23 435
435 23 1448
431 468 1486
468 431 1486
1486 431 468
96 269 1226
269 96 1226
1226 96 269
465 868 1458
868 465 1458
1458 465 868
1418 1264 1433
1264 1418 1433
1433 1264 1418
945 47 797
47 797 945
797 47 945
341 147 1039
1039 147 341
147 341 1039
743 1095 1410
1410 743 1095
1095 743 1410
1184 397 542
542 397 1184
397 542 1184
1243 141 1117
1117 141 1243
141 1117 1243
725 255 379
379 255 725
255 379 725
820 238 332
238 332 820
332 238 820
909 244 865
865 244 909
244 865 909
36 262 888
888 36 262
262 36 888
216 714 893
893 216 714
714 216 893
1435 140 1351
1351 140 1435
140 1351 1435
598 372 800
800 372 598
372 598 800
29 730 1275
730 29 1275
1275 29 730
1255 629 875
629 875 1255
875 629 1255
1258 114 366
366 114 1258
114 366 1258
1128 768 789
789 768 1128
768 789 1128
9 82 846
82 9 846
846 9 82
561 2 466
466 2 561
2 466 561
1364 1313 1322
1322 1313 1364
1313 1322 1364
212 1089 1100
1089 212 1100
1100 212 1089
720 908 1383
908 720 1383
1383 720 908
578 548 699
699 548 578
548 578 699
848 925 1416
925 848 1416
1416 848 925
1408 293 507
293 507 1408
507 293 1408
1246 529 733
733 529 1246
529 733 1246
221 17 471
471 17 221
17 221 471
558 53 1348
53 558 1348
1348 53 558
585 125 734
125 585 734
734 125 585
1107 426 919
426 919 1107
919 426 1107
962 921 996
996 921 962
921 962 996
345 98 864
864 98 345
98 345 864
927 150 1247
1247 150 927
150 927 1247
182 343 1201
343 182 1201
1201 182 343
1347 126 1215
1215 126 1347
126 1215 1347
1413 1263 1454
1263 1413 1454
1454 1263 1413
362 458 689
689 362 458
458 362 689
378 715 1174
1174 378 715
715 378 1174
668 4 904
4 668 904
904 4 668
1211 795 1135
1135 795 1211
795 1135 1211
575 261 649
261 575 649
649 261 575
30 322 1106
322 30 1106
1106 30 322
260 452 1160
1160 260 452
452 260 1160
117 65 1250
1250 65 117
65 117 1250
1202 33 1144
1144 33 1202
33 1144 1202
843 138 411
138 411 843
411 138 843
771 54 469
469 54 771
54 469 771
155 240 486
240 155 486
486 155 240
1437 229 299
299 229 1437
229 299 1437
1008 419 1384
1384 419 1008
419 1008 1384
612 427 761
761 427 612
427 612 761
1295 462 729
729 462 1295
462 729 1295
1356 129 1093
1093 129 1356
129 1093 1356
1175 231 251
231 251 1175
251 231 1175
1431 128 1240
128 1240 1431
1240 128 1431
954 79 880
880 79 954
79 880 954
614 874 1272
1272 614 874
874 614 1272
387 952 1420
952 387 1420
1420 387 952
748 389 1297
1297 389 748
389 748 1297
691 752 1009
1009 691 752
752 691 1009
1118 394 690
690 394 1118
394 690 1118
185 682 882
682 185 882
882 185 682
188 955 1130
955 188 1130
1130 188 955
1 451 936
936 1 451
451 1 936
901 393 1290
393 901 1290
1290 393 901
254 550 1109
550 254 1109
1109 254 550
709 57 161
161 57 709
57 161 709
813 551 662
662 551 813
551 662 813
283 834 1469
1469 283 834
834 283 1469
647 410 412
410 412 647
412 410 647
483 528 1451
528 483 1451
1451 483 528
1286 409 769
409 769 1286
769 409 1286
446 203 374
374 203 446
203 374 446
505 463 650
650 463 505
463 505 650
965 1014 1293
1293 965 1014
1014 965 1293
744 72 1079
72 744 1079
1079 72 744
681 81 1196
1196 81 681
81 681 1196
1487 622 889
889 622 1487
622 889 1487
1329 146 197
146 197 1329
197 146 1329
577 525 958
525 577 958
958 525 577
346 534 1396
1396 346 534
534 346 1396
680 18 1233
1233 18 680
18 680 1233
287 512 796
796 287 512
512 287 796
41 674 737
737 41 674
674 41 737
630 700 1379
1379 630 700
700 630 1379
1256 1051 1394
1394 1051 1256
1051 1256 1394
787 303 935
303 787 935
935 303 787
552 88 728
728 88 552
88 552 728
449 698 926
698 449 926
926 449 698
1331 1045 1151
1045 1151 1331
1151 1045 1331
1055 666 1203
1203 666 1055
666 1055 1203
1496 636 1044
1044 636 1496
636 1044 1496
172 200 968
968 172 200
200 172 968
695 1336 1464
1336 695 1464
1464 695 1336
1407 159 274
159 274 1407
274 159 1407
156 7 832
832 7 156
7 156 832
956 1071 1099
1071 956 1099
1099 956 1071
589 1022 1467
1022 589 1467
1467 589 1022
852 891 1228
891 852 1228
1228 852 891
949 371 837
837 371 949
371 837 949
1449 1092 1460
1460 1092 1449
1092 1449 1460
870 124 1485
1485 124 870
124 870 1485
587 194 1167
194 587 1167
1167 194 587
420 1066 1366
1366 420 1066
1066 420 1366
186 123 350
123 186 350
350 123 186
775 376 1001
376 775 1001
1001 376 775
195 571 982
982 195 571
571 195 982
683 693 876
693 683 876
876 683 693
1349 423 1048
423 1048 1349
1048 423 1349
39 1373 1376
1376 39 1373
1373 39 1376
1083 950 1139
1139 950 1083
950 1083 1139
1011 476 976
976 476 1011
476 976 1011
1007 493 916
493 916 1007
916 493 1007
70 271 702
702 70 271
271 70 702
807 83 232
232 83 807
83 232 807
95 266 684
266 95 684
684 95 266
1292 1023 1222
1222 1023 1292
1023 1222 1292
753 152 1325
152 753 1325
1325 152 753
1124 329 788
788 329 1124
329 788 1124
406 607 657
607 406 657
657 406 607
116 68 495
495 68 116
68 116 495
1221 510 979
510 979 1221
979 510 1221
539 811 1024
811 539 1024
1024 539 811
1479 433 1484
433 1479 1484
1484 433 1479
1067 6 708
708 6 1067
6 708 1067
640 348 677
677 348 640
348 640 677
986 922 1254
1254 922 986
922 986 1254
284 497 1147
1147 284 497
497 284 1147
573 527 673
527 573 673
673 527 573
1392 1000 1241
1241 1000 1392
1000 1241 1392
199 676 1239
676 199 1239
1239 199 676
1301 102 1309
1309 102 1301
102 1301 1309
1271 103 1367
1367 103 1271
103 1271 1367
653 292 1156
292 653 1156
1156 292 653
1411 298 1038
1038 298 1411
298 1038 1411
1082 165 1185
1185 165 1082
165 1082 1185
1368 628 1208
1208 628 1368
628 1208 1368
416 135 286
135 286 416
286 135 416
541 586 1113
1113 541 586
586 541 1113
1179 340 740
340 740 1179
740 340 1179
1405 211 390
211 390 1405
390 211 1405
228 110 824
110 228 824
824 110 228
969 540 1323
540 969 1323
1323 540 969
1145 1054 1397
1054 1145 1397
1397 1054 1145
69 454 845
845 69 454
454 69 845
487 568 1084
1084 487 568
568 487 1084
326 1155 1161
1161 326 1155
1155 326 1161
8 388 1237
388 8 1237
1237 8 388
615 91 1354
91 615 1354
1354 91 615
63 334 1377
334 63 1377
1377 63 334
1224 1029 1235
1029 1224 1235
1235 1029 1224
932 258 1003
1003 258 932
258 932 1003
509 749 1409
1409 509 749
749 509 1409
524 215 918
215 524 918
918 215 524
966 316 1393
316 966 1393
1393 316 966
1430 201 1076
1076 201 1430
201 1076 1430
847 872 1006
1006 847 872
872 847 1006
430 106 1125
1125 106 430
106 430 1125
296 1053 1300
1300 296 1053
1053 296 1300
567 225 1327
1327 225 567
225 567 1327
583 151 1025
151 583 1025
1025 151 583
1439 363 1140
363 1140 1439
1140 363 1439
1456 504 1227
1227 504 1456
504 1227 1456
651 440 1199
440 651 1199
1199 440 651
618 581 1287
1287 581 618
581 618 1287
1198 408 812
408 812 1198
812 408 1198
831 414 436
414 436 831
436 414 831
268 492 1035
492 268 1035
1035 268 492
84 52 422
52 84 422
422 52 84
923 171 267
267 171 923
171 267 923
803 713 735
735 713 803
713 735 803
576 32 1276
32 576 1276
1276 32 576
1081 1189 1217
1189 1081 1217
1217 1081 1189
1381 605 810
810 605 1381
605 810 1381
1096 664 779
664 779 1096
779 664 1096
87 399 990
990 87 399
399 87 990
606 142 391
391 142 606
142 391 606
1452 264 1500
264 1452 1500
1500 264 1452
648 158 321
321 158 648
158 321 648
1060 78 1474
78 1060 1474
1474 78 1060
654 1204 1317
1317 654 1204
1204 654 1317
34 230 1223
230 34 1223
1223 34 230
477 1115 1205
1205 477 1115
1115 477 1205
884 351 805
805 351 884
351 805 884
1111 1034 1478
1034 1111 1478
1478 1034 1111
523 809 1491
809 523 1491
1491 523 809
1251 659 774
659 774 1251
774 659 1251
566 187 609
187 566 609
609 187 566
400 547 639
639 400 547
547 400 639
1230 1078 1108
1078 1108 1230
1108 1078 1230
632 337 1480
337 632 1480
1480 337 632
385 281 1268
281 385 1268
1268 281 385
890 401 1242
401 890 1242
1242 401 890
1206 247 705
247 705 1206
705 247 1206
294 491 1195
491 294 1195
1195 294 491
1332 276 727
727 276 1332
276 727 1332
447 174 706
706 174 447
174 447 706
349 311 1415
1415 311 349
311 349 1415
1177 130 762
762 130 1177
130 762 1177
977 924 1365
1365 924 977
924 977 1365
1186 601 1306
1306 601 1186
601 1186 1306
99 168 1047
1047 99 168
168 99 1047
461 600 1236
600 461 1236
1236 461 600
342 1261 1374
1261 342 1374
1374 342 1261
719 282 1183
1183 282 719
282 719 1183
938 778 1119
778 938 1119
1119 778 938
1284 60 1257
60 1257 1284
1257 60 1284
1357 134 907
907 134 1357
134 907 1357
1063 757 1472
1472 757 1063
757 1063 1472
634 3 313
3 313 634
313 3 634
696 896 1457
1457 696 896
896 696 1457
1210 339 425
339 425 1210
425 339 1210
1304 1075 1428
1075 1304 1428
1428 1075 1304
429 515 562
562 429 515
515 429 562
55 352 642
642 55 352
352 55 642
1091 780 844
780 844 1091
844 780 1091
1225 210 835
835 210 1225
210 835 1225
688 490 826
826 490 688
490 688 826
858 265 418
265 418 858
418 265 858
383 357 723
723 357 383
357 383 723
902 545 821
545 821 902
821 545 902
278 396 508
508 278 396
396 278 508
1273 1087 1142
1087 1142 1273
1142 1087 1273
997 192 851
192 851 997
851 192 997
472 765 1476
1476 472 765
765 472 1476
863 153 604
604 153 863
153 604 863
1446 910 1308
1308 910 1446
910 1308 1446
829 801 1170
1170 801 829
801 829 1170
402 38 1090
1090 38 402
38 402 1090
1483 464 1453
464 1453 1483
1453 464 1483
270 170 610
170 270 610
610 170 270
1216 242 359
359 242 1216
242 359 1216
373 179 716
179 373 716
716 179 373
1440 460 782
460 782 1440
782 460 1440
793 407 1311
1311 407 793
407 793 1311
823 395 825
825 395 823
395 823 825
535 616 857
857 535 616
616 535 857
1338 220 288
220 288 1338
288 220 1338
175 1248 1492
1492 175 1248
1248 175 1492
741 1148 1289
1289 741 1148
1148 741 1289
746 842 930
842 746 930
930 746 842
1234 163 537
163 537 1234
537 163 1234
86 816 1197
816 86 1197
1197 86 816
783 498 861
861 498 783
498 783 861
1116 50 189
189 50 1116
50 189 1116
1042 307 404
404 307 1042
307 404 1042
514 51 89
51 89 514
89 51 514
1490 1146 1398
1398 1146 1490
1146 1398 1490
898 1339 1412
1339 898 1412
1412 898 1339
10 506 1058
1058 10 506
506 10 1058
1481 860 1468
860 1468 1481
1468 860 1481
1355 538 1362
1362 538 1355
538 1355 1362
1141 206 597
597 206 1141
206 597 1141
645 665 906
906 645 665
665 645 906
770 245 1285
1285 245 770
245 770 1285
470 275 913
913 275 470
275 470 913
964 131 1249
1249 131 964
131 964 1249
15 667 1346
1346 15 667
667 15 1346
1388 148 553
148 553 1388
553 148 1388
663 1326 1390
1390 663 1326
1326 663 1390
257 191 1328
1328 191 257
191 257 1328
1132 549 554
549 554 1132
554 549 1132
1020 595 1080
1080 595 1020
595 1020 1080
994 44 1031
1031 44 994
44 994 1031
1260 1052 1358
1052 1260 1358
1358 1052 1260
214 301 516
301 214 516
516 214 301
190 42 944
42 190 944
944 42 190
12 259 1104
1104 12 259
259 12 1104
750 16 759
759 16 750
16 750 759
1191 90 703
703 90 1191
90 703 1191
985 755 895
895 755 985
755 895 985
239 1032 1473
1032 239 1473
1473 239 1032
403 940 1443
1443 403 940
940 403 1443
434 107 817
107 434 817
817 107 434
1209 656 1190
656 1190 1209
1190 656 1209
841 162 773
162 773 841
773 162 841
1150 428 1173
428 1150 1173
1173 428 1150
1395 94 310
310 94 1395
94 310 1395
223 308 1488
1488 223 308
308 223 1488
24 763 859
763 24 859
859 24 763
285 56 132
56 132 285
132 56 285
1158 915 1345
1345 915 1158
915 1158 1345
67 306 482
482 67 306
306 67 482
717 1041 1425
1041 717 1425
1425 717 1041
1497 557 1019
557 1019 1497
1019 557 1497
71 49 398
49 71 398
398 49 71
1333 633 1267
633 1267 1333
1267 633 1333
1126 253 1077
253 1077 1126
1077 253 1126
478 1097 1400
1097 478 1400
1400 478 1097
1372 375 724
375 724 1372
724 375 1372
546 993 1102
993 546 1102
1102 546 993
929 751 1294
1294 751 929
751 929 1294
1361 222 1455
1455 222 1361
222 1361 1455
671 19 1085
19 671 1085
1085 19 671
1344 1459 1498
1498 1344 1459
1459 1344 1498
658 1037 1466
1466 658 1037
1037 658 1466
1359 951 1307
951 1307 1359
1307 951 1359
243 80 295
295 80 243
80 243 295
564 198 1352
1352 198 564
198 564 1352
145 947 1417
1417 145 947
947 145 1417
181 785 1465
1465 181 785
785 181 1465
475 169 336
169 336 475
336 169 475
1030 417 1321
1321 417 1030
417 1030 1321
933 839 883
883 839 933
839 883 933
335 27 459
459 27 335
27 335 459
1265 369 794
794 369 1265
369 794 1265
669 176 520
176 520 669
520 176 669
999 415 481
415 481 999
481 415 999
13 675 1057
675 13 1057
1057 13 675
1123 513 754
754 513 1123
513 754 1123
1320 1299 1312
1312 1299 1320
1299 1312 1320
840 77 582
582 77 840
77 582 840
983 219 1463
1463 219 983
219 983 1463
827 364 808
808 364 827
364 808 827
1138 941 1043
1043 941 1138
941 1043 1138
