8115 6133 11156
11156 6133 8115
6133 8115 11156
3293 29 8742
8742 29 3293
29 3293 8742
1969 6169 14502
14502 1969 6169
6169 1969 14502
2808 771 7856
7856 771 2808
771 2808 7856
7030 8776 10362
10362 7030 8776
8776 7030 10362
7614 11301 12046
11301 7614 12046
12046 7614 11301
2979 1295 3522
1295 2979 3522
3522 1295 2979
7582 535 929
535 929 7582
929 535 7582
8091 8027 8663
8663 8027 8091
8027 8091 8663
8607 3902 10920
3902 8607 10920
10920 3902 8607
10419 7557 10960
7557 10419 10960
10960 7557 10419
2164 6723 9254
9254 2164 6723
6723 2164 9254
7288 4030 7913
4030 7288 7913
7913 4030 7288
4637 5586 11613
5586 4637 11613
11613 4637 5586
3537 9983 11402
11402 3537 9983
9983 3537 11402
11997 2976 13476
13476 2976 11997
2976 11997 13476
4255 4521 7333
7333 4255 4521
4521 4255 7333
2299 1636 7484
1636 2299 7484
7484 1636 2299
4661 8937 13428
13428 4661 8937
8937 4661 13428
12515 3365 9661
9661 3365 12515
3365 9661 12515
416 6634 8550
8550 416 6634
6634 416 8550
13087 3747 9397
9397 3747 13087
3747 9397 13087
2684 10428 13869
10428 2684 13869
13869 2684 10428
4083 7075 7335
7335 4083 7075
7075 4083 7335
9678 4706 11758
4706 9678 11758
11758 4706 9678
12579 1170 10972
1170 10972 12579
10972 1170 12579
13664 4950 7086
4950 7086 13664
7086 4950 13664
11673 2311 4504
2311 4504 11673
4504 2311 11673
1546 1524 9307
1524 1546 9307
9307 1524 1546
196 2949 13285
2949 196 13285
13285 196 2949
7791 11083 12003
11083 7791 12003
12003 7791 11083
11749 9761 13494
9761 11749 13494
13494 9761 11749
868 2909 4508
4508 868 2909
2909 868 4508
10901 5759 8266
8266 5759 10901
5759 8266 10901
654 8068 9893
8068 654 9893
9893 654 8068
7091 5970 11275
11275 5970 7091
5970 7091 11275
14090 218 14888
14888 218 14090
218 14090 14888
11159 425 4351
4351 425 11159
425 4351 11159
6624 3149 14425
3149 6624 14425
14425 3149 6624
792 1819 9841
9841 792 1819
1819 792 9841
50 11590 14080
14080 50 11590
11590 50 14080
97 8179 11966
11966 97 8179
8179 97 11966
7068 239 13122
239 7068 13122
13122 239 7068
1420 7063 11934
11934 1420 7063
7063 1420 11934
10403 8515 14583
8515 10403 14583
14583 8515 10403
8687 918 5441
5441 918 8687
918 5441 8687
5365 9991 11368
11368 5365 9991
9991 5365 11368
12917 4022 8949
4022 8949 12917
8949 4022 12917
13674 2078 13469
13469 2078 13674
2078 13469 13674
1246 5086 9684
5086 1246 9684
9684 1246 5086
1262 6955 13142
13142 1262 6955
6955 1262 13142
12320 7749 10438
7749 10438 12320
10438 7749 12320
14809 4749 13371
13371 4749 14809
4749 13371 14809
4536 7293 7299
7299 4536 7293
7293 4536 7299
384 1239 6201
6201 384 1239
1239 384 6201
8676 5955 14726
5955 8676 14726
14726 5955 8676
2629 4336 6024
4336 2629 6024
6024 2629 4336
8107 1922 8827
8827 1922 8107
1922 8107 8827
99 1137 7478
1137 99 7478
7478 99 1137
4160 609 1613
609 1613 4160
1613 609 4160
2944 12965 14432
14432 2944 12965
12965 2944 14432
351 1123 9226
1123 351 9226
9226 351 1123
759 559 2611
559 759 2611
2611 559 759
2157 997 9720
997 2157 9720
9720 997 2157
13918 9693 14687
14687 9693 13918
9693 13918 14687
1206 2193 12605
2193 1206 12605
12605 1206 2193
10177 435 5345
5345 435 10177
435 5345 10177
12211 9595 11324
11324 9595 12211
9595 11324 12211
12097 8452 9630
9630 8452 12097
8452 9630 12097
12259 9051 10936
10936 9051 12259
9051 10936 12259
14577 160 8906
8906 160 14577
160 8906 14577
7426 11563 13573
11563 7426 13573
13573 7426 11563
5300 4571 6235
6235 4571 5300
4571 5300 6235
11546 7320 9711
7320 9711 11546
9711 7320 11546
3771 6199 12116
6199 3771 12116
12116 3771 6199
8591 2625 8902
2625 8591 8902
8902 2625 8591
1631 408 8169
8169 408 1631
408 1631 8169
6420 12107 13489
13489 6420 12107
12107 6420 13489
10471 10152 10893
10893 10152 10471
10152 10471 10893
1403 8161 10040
8161 1403 10040
10040 1403 8161
12462 6082 14801
14801 6082 12462
6082 12462 14801
6388 7306 11041
7306 6388 11041
11041 6388 7306
10409 1925 9260
9260 1925 10409
1925 9260 10409
2239 2700 12923
12923 2239 2700
2700 2239 12923
6839 13730 13898
13730 6839 13898
13898 6839 13730
8345 305 12901
305 8345 12901
12901 305 8345
6590 13620 14174
14174 6590 13620
13620 6590 14174
4111 3229 12280
3229 4111 12280
12280 3229 4111
6319 2903 12029
2903 6319 12029
12029 2903 6319
756 6535 14048
6535 756 14048
14048 756 6535
10576 5234 11053
11053 5234 10576
5234 10576 11053
442 238 4171
238 442 4171
4171 238 442
7028 3577 7958
3577 7028 7958
7958 3577 7028
12417 5101 13543
13543 5101 12417
5101 12417 13543
223 3814 8893
8893 223 3814
3814 223 8893
9749 214 5265
5265 214 9749
214 5265 9749
11422 4243 9459
4243 9459 11422
9459 4243 11422
2883 6406 10733
10733 2883 6406
6406 2883 10733
4693 5506 8971
8971 4693 5506
5506 4693 8971
10968 1770 11312
11312 1770 10968
1770 10968 11312
11481 11785 13817
11785 11481 13817
13817 11481 11785
11222 7249 10957
7249 10957 11222
10957 7249 11222
11395 7346 9398
7346 9398 11395
9398 7346 11395
1553 1390 7336
1390 1553 7336
7336 1390 1553
9237 2736 6755
2736 6755 9237
6755 2736 9237
12051 701 14224
701 12051 14224
14224 701 12051
8109 916 14544
916 8109 14544
14544 916 8109
2554 7959 11027
11027 2554 7959
7959 2554 11027
2646 11908 14534
14534 2646 11908
11908 2646 14534
13905 561 8656
8656 561 13905
561 8656 13905
14139 3682 9865
9865 3682 14139
3682 9865 14139
11727 1573 6779
1573 6779 11727
6779 1573 11727
12439 3475 10291
10291 3475 12439
3475 10291 12439
10872 5671 9151
5671 9151 10872
9151 5671 10872
2345 1063 8371
8371 1063 2345
1063 2345 8371
3091 8035 12977
8035 3091 12977
12977 3091 8035
14045 4230 5675
4230 5675 14045
5675 4230 14045
8575 976 9322
976 8575 9322
9322 976 8575
13776 2802 8133
2802 8133 13776
8133 2802 13776
11860 6479 8105
6479 8105 11860
8105 6479 11860
11405 7 1665
1665 7 11405
7 1665 11405
1596 8513 12076
12076 1596 8513
8513 1596 12076
13002 1525 9299
1525 9299 13002
9299 1525 13002
13032 7482 8500
8500 7482 13032
7482 8500 13032
11139 13989 14237
13989 11139 14237
14237 11139 13989
3314 1225 8555
8555 1225 3314
1225 3314 8555
5524 3985 8599
8599 3985 5524
3985 5524 8599
1837 1735 5338
1735 1837 5338
5338 1735 1837
4367 14068 14160
14160 4367 14068
14068 4367 14160
11704 1038 2473
2473 1038 11704
1038 2473 11704
4723 2107 3051
2107 3051 4723
3051 2107 4723
6791 536 9309
536 6791 9309
9309 536 6791
3319 9607 14109
9607 3319 14109
14109 3319 9607
6968 279 6639
6639 279 6968
279 6639 6968
10557 8001 14190
14190 8001 10557
8001 10557 14190
6211 981 7473
981 6211 7473
7473 981 6211
11882 5852 9457
5852 9457 11882
9457 5852 11882
3281 1815 5523
1815 3281 5523
5523 1815 3281
9563 1698 2423
2423 1698 9563
1698 2423 9563
81 672 1177
672 81 1177
1177 81 672
8277 454 13997
13997 454 8277
454 8277 13997
6345 7855 8430
7855 6345 8430
8430 6345 7855
11658 9394 14543
14543 9394 11658
9394 11658 14543
2505 1711 12658
1711 2505 12658
12658 1711 2505
7712 8829 13427
8829 7712 13427
13427 7712 8829
11271 2191 5331
5331 2191 11271
2191 5331 11271
4725 2934 11391
2934 4725 11391
11391 2934 4725
10670 3690 10375
10375 3690 10670
3690 10375 10670
4847 1983 9876
1983 4847 9876
9876 1983 4847
8288 10443 11212
10443 8288 11212
11212 8288 10443
14384 565 10797
565 10797 14384
10797 565 14384
12390 1349 12302
1349 12302 12390
12302 1349 12390
3230 13842 14538
14538 3230 13842
13842 3230 14538
1023 2850 11733
2850 1023 11733
11733 1023 2850
10330 153 9496
9496 153 10330
153 9496 10330
9765 7483 8103
8103 7483 9765
7483 8103 9765
13600 10961 11895
11895 10961 13600
10961 11895 13600
2497 8535 12275
8535 2497 12275
12275 2497 8535
10867 13208 13771
13208 10867 13771
13771 10867 13208
1984 5096 8518
8518 1984 5096
5096 1984 8518
11761 4829 11172
11172 4829 11761
4829 11172 11761
228 5026 14518
14518 228 5026
5026 228 14518
6537 8931 13725
13725 6537 8931
8931 6537 13725
1442 2959 6485
6485 1442 2959
2959 1442 6485
3002 6309 13010
13010 3002 6309
6309 3002 13010
1854 2023 7865
7865 1854 2023
2023 1854 7865
8990 313 2651
2651 313 8990
313 2651 8990
10836 2787 8177
8177 2787 10836
2787 8177 10836
14369 9659 10612
10612 9659 14369
9659 10612 14369
6415 5271 7581
5271 6415 7581
7581 5271 6415
14415 4577 11384
11384 4577 14415
4577 11384 14415
1094 1831 13845
13845 1094 1831
1831 1094 13845
12457 3652 4003
3652 4003 12457
4003 3652 12457
13970 635 11982
635 11982 13970
11982 635 13970
12353 478 13994
13994 478 12353
478 12353 13994
2958 2210 3333
2210 2958 3333
3333 2210 2958
12806 665 7717
665 7717 12806
7717 665 12806
12204 2658 4478
4478 2658 12204
2658 4478 12204
8734 606 7912
606 7912 8734
7912 606 8734
9521 3604 12152
12152 3604 9521
3604 9521 12152
9063 13870 14803
13870 9063 14803
14803 9063 13870
4465 5474 9197
5474 4465 9197
9197 4465 5474
14561 2834 4298
2834 4298 14561
4298 2834 14561
6007 11936 13286
13286 6007 11936
11936 6007 13286
14675 1287 8003
8003 1287 14675
1287 8003 14675
9722 2733 4927
4927 2733 9722
2733 4927 9722
6441 15 13420
13420 15 6441
15 6441 13420
5222 2414 2660
2414 2660 5222
2660 2414 5222
13690 2295 3726
2295 3726 13690
3726 2295 13690
2400 1329 13826
13826 1329 2400
1329 2400 13826
4790 8826 11719
8826 4790 11719
11719 4790 8826
5202 1558 5823
1558 5202 5823
5823 1558 5202
14911 639 5608
639 5608 14911
5608 639 14911
9786 9172 12198
12198 9172 9786
9172 9786 12198
5783 3882 8214
3882 5783 8214
8214 3882 5783
3220 6105 12878
6105 3220 12878
12878 3220 6105
1883 349 9958
9958 349 1883
349 1883 9958
13172 8815 13320
13320 8815 13172
8815 13172 13320
11604 2678 3158
2678 3158 11604
3158 2678 11604
13669 5606 11773
11773 5606 13669
5606 11773 13669
7455 2487 12327
2487 7455 12327
12327 2487 7455
7394 532 3674
532 3674 7394
3674 532 7394
2827 7874 13721
13721 2827 7874
7874 2827 13721
1394 1740 6019
1740 1394 6019
6019 1394 1740
1067 12387 14641
12387 1067 14641
14641 1067 12387
8215 1591 3620
3620 1591 8215
1591 3620 8215
2418 8417 12736
8417 2418 12736
12736 2418 8417
212 74 3197
3197 74 212
74 212 3197
4263 1853 13884
1853 4263 13884
13884 1853 4263
10941 1651 12565
12565 1651 10941
1651 10941 12565
1214 11110 12610
11110 1214 12610
12610 1214 11110
8097 9481 12426
9481 8097 12426
12426 8097 9481
12073 12811 13149
12811 12073 13149
13149 12073 12811
3393 1181 12944
1181 3393 12944
12944 1181 3393
992 5543 9447
9447 992 5543
5543 992 9447
6434 7833 10199
7833 6434 10199
10199 6434 7833
11698 1753 6366
6366 1753 11698
1753 6366 11698
11137 6486 8370
6486 8370 11137
8370 6486 11137
4011 5405 13983
13983 4011 5405
5405 4011 13983
764 4795 7709
7709 764 4795
4795 764 7709
14170 2231 2851
2231 2851 14170
2851 2231 14170
11618 3169 11792
3169 11618 11792
11792 3169 11618
2724 8892 9882
9882 2724 8892
8892 2724 9882
2652 9994 10544
10544 2652 9994
9994 2652 10544
5794 9879 14026
14026 5794 9879
9879 5794 14026
11265 11929 12032
11929 11265 12032
12032 11265 11929
7773 3388 14760
14760 3388 7773
3388 7773 14760
3326 3009 12672
3009 3326 12672
12672 3009 3326
2596 1104 12246
1104 2596 12246
12246 1104 2596
11248 7928 12458
12458 7928 11248
7928 11248 12458
12584 5034 14859
14859 5034 12584
5034 12584 14859
4744 6085 10535
6085 4744 10535
10535 4744 6085
339 2815 5410
5410 339 2815
2815 339 5410
14578 5341 13055
5341 13055 14578
13055 5341 14578
10824 10042 11808
10042 10824 11808
11808 10042 10824
11620 10874 12270
10874 11620 12270
12270 10874 11620
4711 2636 9395
9395 2636 4711
2636 4711 9395
4879 2713 14464
2713 4879 14464
14464 2713 4879
13928 534 9321
9321 534 13928
534 9321 13928
780 6686 8528
6686 780 8528
8528 780 6686
11357 5762 11867
5762 11357 11867
11867 5762 11357
1930 1648 3022
1648 1930 3022
3022 1648 1930
8537 6256 11821
11821 6256 8537
6256 8537 11821
8710 9602 9823
9602 8710 9823
9823 8710 9602
10396 6409 13840
13840 6409 10396
6409 10396 13840
6513 437 14913
437 6513 14913
14913 437 6513
5592 3897 4516
4516 3897 5592
3897 4516 5592
911 2112 6621
6621 911 2112
2112 911 6621
3436 3769 14188
14188 3436 3769
3769 3436 14188
7816 4629 10270
4629 7816 10270
10270 4629 7816
2016 505 5651
505 2016 5651
5651 505 2016
14296 2058 4217
4217 2058 14296
2058 4217 14296
1346 9339 12059
12059 1346 9339
9339 1346 12059
14067 7625 10565
10565 7625 14067
7625 10565 14067
1397 6835 14854
6835 1397 14854
14854 1397 6835
4183 6778 14948
14948 4183 6778
6778 4183 14948
6671 6864 9308
9308 6671 6864
6864 6671 9308
9604 11091 14750
14750 9604 11091
11091 9604 14750
3050 12025 12617
12025 3050 12617
12617 3050 12025
640 3853 7400
3853 640 7400
7400 640 3853
248 4468 10296
10296 248 4468
4468 248 10296
12833 3694 8007
3694 8007 12833
8007 3694 12833
8335 5057 14646
5057 8335 14646
14646 5057 8335
3640 11973 14994
14994 3640 11973
11973 3640 14994
3160 7130 10659
7130 3160 10659
10659 3160 7130
2668 2285 6577
2285 2668 6577
6577 2285 2668
11607 1017 7948
1017 7948 11607
7948 1017 11607
296 457 5610
457 296 5610
5610 296 457
10541 4286 10552
10552 4286 10541
4286 10541 10552
2045 8203 10623
8203 2045 10623
10623 2045 8203
8752 7531 7740
7740 7531 8752
7531 7740 8752
2336 2437 5959
5959 2336 2437
2437 2336 5959
3255 7636 11928
7636 3255 11928
11928 3255 7636
1182 7167 14470
7167 1182 14470
14470 1182 7167
5210 3470 13184
3470 5210 13184
13184 3470 5210
10598 1557 10749
10749 1557 10598
1557 10598 10749
3696 4994 5037
4994 3696 5037
5037 3696 4994
11625 5624 12333
12333 5624 11625
5624 11625 12333
10887 1005 10017
1005 10017 10887
10017 1005 10887
8750 2324 6263
6263 2324 8750
2324 6263 8750
9850 4403 6421
6421 4403 9850
4403 6421 9850
10703 12189 13187
13187 10703 12189
12189 10703 13187
14696 432 2537
432 2537 14696
2537 432 14696
13907 7415 12609
7415 12609 13907
12609 7415 13907
12978 3288 12394
3288 12394 12978
12394 3288 12978
13231 7419 10815
7419 10815 13231
10815 7419 13231
4211 2674 13773
13773 2674 4211
2674 4211 13773
14430 6240 6490
6490 6240 14430
6240 6490 14430
11708 2898 8732
8732 2898 11708
2898 8732 11708
6000 12680 13176
13176 6000 12680
12680 6000 13176
1699 5358 5866
5358 1699 5866
5866 1699 5358
12000 9038 13216
9038 12000 13216
13216 9038 12000
14542 2224 10336
10336 2224 14542
2224 10336 14542
3998 3645 4240
4240 3645 3998
3645 3998 4240
2376 2741 6744
6744 2376 2741
2741 2376 6744
5923 4226 12055
12055 4226 5923
4226 5923 12055
9858 328 10965
328 9858 10965
10965 328 9858
6181 4057 12474
4057 6181 12474
12474 4057 6181
14695 7814 11870
11870 7814 14695
7814 11870 14695
3341 2578 7361
7361 2578 3341
2578 3341 7361
14604 9286 11005
11005 9286 14604
9286 11005 14604
12291 8522 13093
13093 8522 12291
8522 12291 13093
14636 12776 13298
13298 12776 14636
12776 13298 14636
5620 7813 11340
7813 5620 11340
11340 5620 7813
991 758 2946
758 991 2946
2946 758 991
5497 3257 6951
6951 3257 5497
3257 5497 6951
4573 6050 13677
6050 4573 13677
13677 4573 6050
14852 14084 14181
14084 14181 14852
14181 14084 14852
8066 3734 3944
3944 3734 8066
3734 3944 8066
3443 2453 10259
2453 3443 10259
10259 2453 3443
6907 13889 14635
13889 6907 14635
14635 6907 13889
3743 949 1129
949 1129 3743
1129 949 3743
2156 3479 9401
3479 2156 9401
9401 2156 3479
3391 541 9594
541 3391 9594
9594 541 3391
3567 6719 11369
6719 3567 11369
11369 3567 6719
7353 10063 11243
10063 7353 11243
11243 7353 10063
2953 5582 14880
14880 2953 5582
5582 2953 14880
1233 9070 11240
11240 1233 9070
9070 1233 11240
5908 2544 11079
2544 5908 11079
11079 2544 5908
9960 1834 2570
1834 2570 9960
2570 1834 9960
9641 13242 13977
13977 9641 13242
13242 9641 13977
1046 7283 8858
7283 1046 8858
8858 1046 7283
13448 8308 9417
9417 8308 13448
8308 9417 13448
6184 2659 10877
2659 6184 10877
10877 2659 6184
6277 3639 7316
7316 3639 6277
3639 6277 7316
12981 5532 13769
5532 12981 13769
13769 5532 12981
9476 4477 5570
5570 4477 9476
4477 5570 9476
11024 448 7212
448 7212 11024
7212 448 11024
799 9818 12514
12514 799 9818
9818 799 12514
12267 1668 2524
1668 2524 12267
2524 1668 12267
3147 4524 14155
14155 3147 4524
4524 3147 14155
10622 3512 12386
12386 3512 10622
3512 10622 12386
490 4094 4971
4971 490 4094
4094 490 4971
10643 8301 10485
8301 10485 10643
10485 8301 10643
3634 1415 2098
1415 2098 3634
2098 1415 3634
10185 3089 4039
4039 3089 10185
3089 4039 10185
4705 3982 5872
5872 3982 4705
3982 4705 5872
7879 3198 6174
3198 6174 7879
6174 3198 7879
5609 6856 13080
6856 5609 13080
13080 5609 6856
7643 6726 10350
10350 6726 7643
6726 7643 10350
5134 2406 8972
2406 5134 8972
8972 2406 5134
14649 1850 5750
1850 5750 14649
5750 1850 14649
12599 6904 9713
9713 6904 12599
6904 9713 12599
7341 4355 13020
13020 4355 7341
4355 7341 13020
2389 422 11575
11575 422 2389
422 2389 11575
6175 9878 14189
14189 6175 9878
9878 6175 14189
1441 2816 7589
2816 1441 7589
7589 1441 2816
14087 3787 5831
3787 5831 14087
5831 3787 14087
65 321 12840
12840 65 321
321 65 12840
6281 4337 7991
4337 6281 7991
7991 4337 6281
850 5621 13583
5621 850 13583
13583 850 5621
3793 5487 14126
5487 3793 14126
14126 3793 5487
10842 4463 7621
4463 7621 10842
7621 4463 10842
6553 6629 11586
11586 6553 6629
6629 6553 11586
6088 7736 9926
7736 6088 9926
9926 6088 7736
13189 3801 12087
12087 3801 13189
3801 12087 13189
4381 4346 7337
7337 4346 4381
4346 4381 7337
12556 5813 11757
11757 5813 12556
5813 11757 12556
14835 3809 5734
3809 5734 14835
5734 3809 14835
7872 5917 10292
5917 7872 10292
10292 5917 7872
11063 1563 6677
6677 1563 11063
1563 6677 11063
10796 747 3704
747 3704 10796
3704 747 10796
584 3379 5903
3379 584 5903
5903 584 3379
7179 8871 11356
8871 7179 11356
11356 7179 8871
3993 6816 11162
6816 3993 11162
11162 3993 6816
5513 1726 12795
1726 5513 12795
12795 1726 5513
6739 5542 6505
5542 6505 6739
6505 5542 6739
6284 9527 14921
14921 6284 9527
9527 6284 14921
13361 3818 7011
7011 3818 13361
3818 7011 13361
13314 2167 4167
2167 4167 13314
4167 2167 13314
14711 11255 14633
11255 14633 14711
14633 11255 14711
12276 9414 14089
14089 9414 12276
9414 12276 14089
3681 481 14889
481 3681 14889
14889 481 3681
6112 286 1006
1006 286 6112
286 1006 6112
3164 3468 13457
3468 3164 13457
13457 3164 3468
13279 7562 11072
7562 11072 13279
11072 7562 13279
688 10897 12688
12688 688 10897
10897 688 12688
12200 319 492
319 492 12200
492 319 12200
4429 103 8067
8067 103 4429
103 4429 8067
3550 6222 7600
6222 3550 7600
7600 3550 6222
12539 10487 11387
10487 11387 12539
11387 10487 12539
11287 4198 11743
4198 11287 11743
11743 4198 11287
1467 1340 1923
1340 1467 1923
1923 1340 1467
12232 5009 8421
5009 8421 12232
8421 5009 12232
14625 4209 7295
7295 4209 14625
4209 7295 14625
9538 3346 4514
3346 4514 9538
4514 3346 9538
14743 1248 5859
1248 5859 14743
5859 1248 14743
8131 1447 3383
3383 1447 8131
1447 3383 8131
5066 1263 10644
1263 5066 10644
10644 1263 5066
8466 12918 13107
12918 8466 13107
13107 8466 12918
9897 5383 6435
5383 6435 9897
6435 5383 9897
8960 4099 5282
5282 4099 8960
4099 5282 8960
14352 9403 14758
9403 14352 14758
14758 9403 14352
4438 1081 13367
1081 4438 13367
13367 1081 4438
540 7925 8784
8784 540 7925
7925 540 8784
14763 5733 6356
6356 5733 14763
5733 6356 14763
7575 4192 12659
4192 7575 12659
12659 4192 7575
14348 2715 5458
5458 2715 14348
2715 5458 14348
10831 2512 11198
11198 2512 10831
2512 10831 11198
11295 9541 11994
9541 11295 11994
11994 9541 11295
7596 11911 13553
11911 7596 13553
13553 7596 11911
5392 3380 10247
3380 5392 10247
10247 3380 5392
1719 880 4592
4592 880 1719
880 1719 4592
9539 10729 12028
10729 9539 12028
12028 9539 10729
11013 12662 14240
12662 11013 14240
14240 11013 12662
14241 6817 10082
10082 6817 14241
6817 10082 14241
2488 2117 11033
2117 2488 11033
11033 2117 2488
7644 7518 11087
7518 7644 11087
11087 7518 7644
6456 1455 9423
9423 1455 6456
1455 6456 9423
14858 2052 11890
2052 11890 14858
11890 2052 14858
14236 7296 10820
7296 10820 14236
10820 7296 14236
14403 2444 8332
2444 8332 14403
8332 2444 14403
1479 1308 3325
3325 1308 1479
1308 1479 3325
10077 1816 7262
7262 1816 10077
1816 7262 10077
13786 6432 9468
9468 6432 13786
6432 9468 13786
9534 4251 12166
4251 9534 12166
12166 4251 9534
12979 3344 8888
8888 3344 12979
3344 8888 12979
7785 4652 9056
4652 7785 9056
9056 4652 7785
280 1995 4913
1995 280 4913
4913 280 1995
12203 8307 10249
8307 10249 12203
10249 8307 12203
4455 9587 12389
9587 4455 12389
12389 4455 9587
9686 5728 7228
7228 5728 9686
5728 7228 9686
7918 2413 5819
2413 5819 7918
5819 2413 7918
9326 4045 7544
4045 7544 9326
7544 4045 9326
3916 5153 11186
11186 3916 5153
5153 3916 11186
2966 10405 14639
14639 2966 10405
10405 2966 14639
7279 2868 13339
13339 2868 7279
2868 7279 13339
5363 161 1458
161 1458 5363
1458 161 5363
9730 2676 9360
2676 9360 9730
9360 2676 9730
82 2772 8437
8437 82 2772
2772 82 8437
13754 2747 4528
4528 2747 13754
2747 4528 13754
9873 38 14896
38 9873 14896
14896 38 9873
47 173 6150
173 47 6150
6150 47 173
2154 5722 11783
5722 2154 11783
11783 2154 5722
10923 4389 8111
8111 4389 10923
4389 8111 10923
9760 3763 14741
14741 3763 9760
3763 9760 14741
11331 3800 11299
11299 3800 11331
3800 11299 11331
2511 11476 14680
14680 2511 11476
11476 2511 14680
9230 7051 8276
7051 8276 9230
8276 7051 9230
6878 1325 8084
1325 6878 8084
8084 1325 6878
2680 9701 12946
12946 2680 9701
9701 2680 12946
1433 2426 6783
2426 1433 6783
6783 1433 2426
12926 1505 9573
1505 9573 12926
9573 1505 12926
920 5856 14560
5856 920 14560
14560 920 5856
6271 953 4897
953 4897 6271
4897 953 6271
6944 357 11968
357 6944 11968
11968 357 6944
8354 3052 4819
3052 4819 8354
4819 3052 8354
14390 6192 10751
10751 6192 14390
6192 10751 14390
6498 4512 8755
8755 4512 6498
4512 6498 8755
5209 464 5195
464 5195 5209
5195 464 5209
11655 6187 7648
6187 7648 11655
7648 6187 11655
11253 9770 13330
13330 9770 11253
9770 11253 13330
306 8260 11854
8260 306 11854
11854 306 8260
1154 11289 12365
12365 1154 11289
11289 1154 12365
3163 9034 10345
10345 3163 9034
9034 3163 10345
9836 3375 5845
5845 3375 9836
3375 5845 9836
5269 3131 14574
14574 3131 5269
3131 5269 14574
5100 511 11640
11640 511 5100
511 5100 11640
137 2897 4019
2897 137 4019
4019 137 2897
14076 4581 7414
7414 4581 14076
4581 7414 14076
1820 7757 9932
7757 1820 9932
9932 1820 7757
236 9238 11927
11927 236 9238
9238 236 11927
6370 1975 8717
1975 6370 8717
8717 1975 6370
9137 1131 1147
1131 1147 9137
1147 1131 9137
11857 7985 13673
13673 7985 11857
7985 11857 13673
3042 5223 9511
5223 3042 9511
9511 3042 5223
14536 950 5877
5877 950 14536
950 5877 14536
10035 10053 10832
10832 10035 10053
10053 10035 10832
8699 1897 14594
14594 1897 8699
1897 8699 14594
11308 2956 12223
2956 11308 12223
12223 2956 11308
6846 2086 9048
2086 6846 9048
9048 2086 6846
5288 8498 13749
13749 5288 8498
8498 5288 13749
4638 11631 12255
12255 4638 11631
11631 4638 12255
7365 8191 9980
8191 7365 9980
9980 7365 8191
11891 5688 13880
13880 5688 11891
5688 11891 13880
8361 4921 10566
10566 4921 8361
4921 8361 10566
3332 7432 14319
14319 3332 7432
7432 3332 14319
14055 9631 11628
11628 9631 14055
9631 11628 14055
9169 3572 4930
3572 4930 9169
4930 3572 9169
6536 6632 14277
14277 6536 6632
6632 6536 14277
8178 744 8777
744 8178 8777
8777 744 8178
4987 5323 11418
5323 4987 11418
11418 4987 5323
4125 3753 7569
3753 4125 7569
7569 3753 4125
6423 3618 5557
5557 3618 6423
3618 5557 6423
10595 8144 9489
8144 9489 10595
9489 8144 10595
2246 2677 4779
2677 2246 4779
4779 2246 2677
12144 1118 2034
1118 2034 12144
2034 1118 12144
5730 426 7729
7729 426 5730
426 5730 7729
11242 2480 14151
14151 2480 11242
2480 11242 14151
1127 2598 11451
11451 1127 2598
2598 1127 11451
4570 873 10883
873 4570 10883
10883 873 4570
10915 9526 10718
10718 9526 10915
9526 10718 10915
4809 5827 13103
5827 4809 13103
13103 4809 5827
11684 1112 13454
1112 11684 13454
13454 1112 11684
6573 10971 13439
13439 6573 10971
10971 6573 13439
14373 6058 8655
6058 8655 14373
8655 6058 14373
8660 36 7363
36 7363 8660
7363 36 8660
9634 3154 14991
14991 3154 9634
3154 9634 14991
13514 709 5625
5625 709 13514
709 5625 13514
8523 1825 8855
8855 1825 8523
1825 8523 8855
7555 7770 14768
14768 7555 7770
7770 7555 14768
3962 855 2811
855 2811 3962
2811 855 3962
11549 13328 14796
13328 11549 14796
14796 11549 13328
9062 11635 14337
11635 9062 14337
14337 9062 11635
477 6425 7602
6425 477 7602
7602 477 6425
8702 6333 8735
8735 6333 8702
6333 8702 8735
11793 5075 8225
5075 8225 11793
8225 5075 11793
8913 8373 9279
8373 8913 9279
9279 8373 8913
6410 6009 8127
8127 6009 6410
6009 6410 8127
1059 6261 14950
14950 1059 6261
6261 1059 14950
2540 9083 12798
9083 2540 12798
12798 2540 9083
737 10231 12467
12467 737 10231
10231 737 12467
13520 6086 8548
6086 8548 13520
8548 6086 13520
18 2687 8116
8116 18 2687
2687 18 8116
5547 211 9223
211 5547 9223
9223 211 5547
7516 836 5214
836 5214 7516
5214 836 7516
13399 8745 13644
13644 8745 13399
8745 13399 13644
6059 3396 12786
3396 6059 12786
12786 3396 6059
5189 1536 14081
1536 5189 14081
14081 1536 5189
5243 5219 8153
8153 5219 5243
5219 5243 8153
14853 5149 14365
14365 5149 14853
5149 14365 14853
6888 821 13257
821 6888 13257
13257 821 6888
1715 1189 10916
10916 1189 1715
1189 1715 10916
5865 2007 8055
2007 5865 8055
8055 2007 5865
4091 12240 13675
12240 4091 13675
13675 4091 12240
13430 1657 13683
13683 1657 13430
1657 13430 13683
4893 903 13183
903 4893 13183
13183 903 4893
3693 543 6349
6349 543 3693
543 3693 6349
10041 7537 13191
13191 7537 10041
7537 10041 13191
1928 721 12625
721 1928 12625
12625 721 1928
11306 6006 14306
6006 11306 14306
14306 6006 11306
8504 690 8926
690 8504 8926
8926 690 8504
6952 1377 14587
1377 6952 14587
14587 1377 6952
7775 3183 5228
5228 3183 7775
3183 5228 7775
3382 906 14879
14879 906 3382
906 3382 14879
10165 13228 14166
13228 10165 14166
14166 10165 13228
10155 1803 3431
1803 3431 10155
3431 1803 10155
7807 21 11500
11500 21 7807
21 7807 11500
6411 5550 14512
5550 6411 14512
14512 5550 6411
3177 6613 7093
7093 3177 6613
6613 3177 7093
7480 4285 7053
4285 7053 7480
7053 4285 7480
1954 7509 10746
10746 1954 7509
7509 1954 10746
7976 1767 9838
9838 1767 7976
1767 7976 9838
4519 8853 10784
10784 4519 8853
8853 4519 10784
6269 424 12999
424 6269 12999
12999 424 6269
14034 2307 13436
2307 13436 14034
13436 2307 14034
10910 6837 13938
6837 10910 13938
13938 6837 10910
6084 2425 4689
4689 2425 6084
2425 4689 6084
10283 1890 14566
1890 10283 14566
14566 1890 10283
2372 5111 11589
11589 2372 5111
5111 2372 11589
9273 814 1105
1105 814 9273
814 1105 9273
6258 2223 4532
2223 4532 6258
4532 2223 6258
3972 656 6869
656 3972 6869
6869 656 3972
5249 13111 14864
14864 5249 13111
13111 5249 14864
8920 2672 14685
14685 2672 8920
2672 8920 14685
9729 727 9467
727 9467 9729
9467 727 9729
13935 7750 14900
14900 7750 13935
7750 13935 14900
396 3760 14088
14088 396 3760
3760 396 14088
11801 2264 6223
2264 6223 11801
6223 2264 11801
1407 1230 14200
1230 1407 14200
14200 1230 1407
10167 4132 9942
4132 9942 10167
9942 4132 10167
5501 7628 8762
7628 5501 8762
8762 5501 7628
6014 4848 13522
4848 6014 13522
13522 4848 6014
1792 264 11056
264 1792 11056
11056 264 1792
5106 4997 8754
8754 4997 5106
4997 5106 8754
8494 7811 8781
8781 7811 8494
7811 8494 8781
1203 9008 9092
9008 1203 9092
9092 1203 9008
12521 11018 13154
13154 11018 12521
11018 12521 13154
378 5428 12141
5428 378 12141
12141 378 5428
980 651 982
982 651 980
651 980 982
12248 2218 12789
12789 2218 12248
2218 12248 12789
7174 1183 5867
1183 5867 7174
5867 1183 7174
1130 1070 7752
1070 1130 7752
7752 1070 1130
1141 1844 5692
5692 1141 1844
1844 1141 5692
1769 5279 7682
7682 1769 5279
5279 1769 7682
12600 8517 12585
8517 12585 12600
12585 8517 12600
13387 3482 12553
3482 12553 13387
12553 3482 13387
9163 2143 7627
7627 2143 9163
2143 7627 9163
10406 6080 9997
9997 6080 10406
6080 9997 10406
6158 917 11909
11909 917 6158
917 6158 11909
12788 6437 12448
6437 12448 12788
12448 6437 12788
5537 3063 4552
4552 3063 5537
3063 4552 5537
3019 9104 9839
9839 3019 9104
9104 3019 9839
613 3622 8670
8670 613 3622
3622 613 8670
2166 3772 5486
3772 2166 5486
5486 2166 3772
14933 11246 12383
12383 11246 14933
11246 12383 14933
11839 5677 7705
5677 7705 11839
7705 5677 11839
14366 2854 6079
6079 2854 14366
2854 6079 14366
4866 4736 12724
12724 4736 4866
4736 4866 12724
3429 2701 8828
8828 2701 3429
2701 3429 8828
5199 3175 7170
7170 3175 5199
3175 5199 7170
8979 4118 7735
4118 7735 8979
7735 4118 8979
1080 4678 10282
4678 1080 10282
10282 1080 4678
12216 2569 3417
3417 2569 12216
2569 3417 12216
13806 469 1662
1662 469 13806
469 1662 13806
7764 10329 11036
10329 7764 11036
11036 7764 10329
10058 6113 13161
13161 6113 10058
6113 10058 13161
14779 548 4085
4085 548 14779
548 4085 14779
5174 7781 10096
10096 5174 7781
7781 5174 10096
8802 5511 6474
5511 6474 8802
6474 5511 8802
852 1446 14510
14510 852 1446
1446 852 14510
13825 2013 7198
7198 2013 13825
2013 7198 13825
292 9050 12572
12572 292 9050
9050 292 12572
13278 11453 13509
11453 13278 13509
13509 11453 13278
1387 503 14897
503 1387 14897
14897 503 1387
9937 3481 3745
3745 3481 9937
3481 3745 9937
4335 2744 5795
2744 4335 5795
5795 2744 4335
7064 2543 11292
2543 7064 11292
11292 2543 7064
7964 197 7908
7908 197 7964
197 7908 7964
9458 4005 10304
4005 9458 10304
10304 4005 9458
6663 10585 12790
10585 6663 12790
12790 6663 10585
5713 6901 7128
7128 5713 6901
6901 5713 7128
5285 5834 8707
5834 5285 8707
8707 5285 5834
9478 3653 9192
3653 9192 9478
9192 3653 9478
9679 2601 14647
14647 2601 9679
2601 9679 14647
1491 5563 14009
5563 1491 14009
14009 1491 5563
8154 7104 11084
7104 8154 11084
11084 7104 8154
5687 1566 8258
8258 1566 5687
1566 5687 8258
1616 4658 11136
11136 1616 4658
4658 1616 11136
13968 7226 8848
7226 8848 13968
8848 7226 13968
13079 6251 11859
11859 6251 13079
6251 11859 13079
10314 40 4110
4110 40 10314
40 4110 10314
7020 5144 7119
5144 7020 7119
7119 5144 7020
3509 5833 14195
5833 3509 14195
14195 3509 5833
769 5361 10230
10230 769 5361
5361 769 10230
2532 3473 3979
3979 2532 3473
3473 2532 3979
5682 1865 10099
1865 5682 10099
10099 1865 5682
716 2861 4798
2861 716 4798
4798 716 2861
4267 11291 13482
11291 4267 13482
13482 4267 11291
12837 2209 9461
9461 2209 12837
2209 9461 12837
9662 9340 13679
9340 9662 13679
13679 9340 9662
13958 3104 11409
11409 3104 13958
3104 11409 13958
3236 6674 7768
6674 3236 7768
7768 3236 6674
12841 10180 11373
11373 10180 12841
10180 11373 12841
135 12691 12832
12691 135 12832
12832 135 12691
8524 3450 12883
3450 8524 12883
12883 3450 8524
2962 9245 11337
11337 2962 9245
9245 2962 11337
9099 3067 7922
7922 3067 9099
3067 7922 9099
2317 4228 12766
12766 2317 4228
4228 2317 12766
11204 6353 12309
6353 11204 12309
12309 6353 11204
529 6914 13864
6914 529 13864
13864 529 6914
2024 10849 11480
10849 2024 11480
11480 2024 10849
2481 5668 12155
12155 2481 5668
5668 2481 12155
13072 1243 2079
1243 2079 13072
2079 1243 13072
8774 257 4365
4365 257 8774
257 4365 8774
1076 6690 14145
14145 1076 6690
6690 1076 14145
6832 4174 10605
4174 6832 10605
10605 4174 6832
7519 13363 13709
13709 7519 13363
13363 7519 13709
5143 3977 14185
14185 3977 5143
3977 5143 14185
720 76 4357
76 720 4357
4357 76 720
5737 7059 14564
7059 5737 14564
14564 5737 7059
12416 6287 9178
9178 6287 12416
6287 9178 12416
4511 11007 11396
11007 4511 11396
11396 4511 11007
3318 6124 8875
6124 3318 8875
8875 3318 6124
11272 1666 3957
3957 1666 11272
1666 3957 11272
12065 3376 13305
3376 12065 13305
13305 3376 12065
2888 4095 10607
10607 2888 4095
4095 2888 10607
704 3132 11188
3132 704 11188
11188 704 3132
10112 1101 10254
1101 10112 10254
10254 1101 10112
10109 7564 13081
13081 7564 10109
7564 10109 13081
9888 1650 11799
1650 9888 11799
11799 1650 9888
6149 1073 13603
1073 6149 13603
13603 1073 6149
13118 5551 11119
5551 11119 13118
11119 5551 13118
3348 6156 7904
7904 3348 6156
6156 3348 7904
9590 1383 3714
1383 3714 9590
3714 1383 9590
578 12580 13400
12580 578 13400
13400 578 12580
2008 7661 7678
7678 2008 7661
7661 2008 7678
4948 2563 7605
2563 4948 7605
7605 2563 4948
9383 12887 12902
12887 9383 12902
12902 9383 12887
12225 10010 11999
10010 11999 12225
11999 10010 12225
4113 405 3264
405 3264 4113
3264 405 4113
9772 10704 13999
13999 9772 10704
10704 9772 13999
6558 11051 13961
13961 6558 11051
11051 6558 13961
9210 6350 6853
6853 6350 9210
6350 6853 9210
6200 10641 14775
14775 6200 10641
10641 6200 14775
12473 1224 6588
6588 1224 12473
1224 6588 12473
3761 6314 7160
6314 3761 7160
7160 3761 6314
7647 4510 8834
4510 7647 8834
8834 4510 7647
10175 2380 13557
13557 2380 10175
2380 10175 13557
11393 2254 13691
13691 2254 11393
2254 11393 13691
13022 3299 6643
3299 6643 13022
6643 3299 13022
11703 14466 14795
14466 11703 14795
14795 11703 14466
5718 9814 13075
13075 5718 9814
9814 5718 13075
4806 10022 13051
13051 4806 10022
10022 4806 13051
2502 5997 12510
5997 2502 12510
12510 2502 5997
14745 10380 14975
10380 14745 14975
14975 10380 14745
1939 5518 7927
7927 1939 5518
5518 1939 7927
11601 964 1298
964 1298 11601
1298 964 11601
9052 4527 13053
4527 9052 13053
13053 4527 9052
6316 4377 14541
14541 4377 6316
4377 6316 14541
2769 11094 12370
12370 2769 11094
11094 2769 12370
9518 7622 7898
7622 7898 9518
7898 7622 9518
4048 3231 11151
11151 3231 4048
3231 4048 11151
8057 4634 10125
10125 4634 8057
4634 8057 10125
5164 2322 14600
2322 5164 14600
14600 2322 5164
42 1509 9225
9225 42 1509
1509 42 9225
12612 4262 10821
4262 10821 12612
10821 4262 12612
13727 5097 14363
14363 5097 13727
5097 13727 14363
14965 304 501
501 304 14965
304 501 14965
6597 5855 12867
12867 5855 6597
5855 6597 12867
8480 583 10151
10151 583 8480
583 8480 10151
1142 19 5801
5801 19 1142
19 1142 5801
4970 4289 9367
9367 4289 4970
4289 4970 9367
7387 8850 13465
8850 7387 13465
13465 7387 8850
6311 7049 9609
9609 6311 7049
7049 6311 9609
7354 2899 6883
2899 6883 7354
6883 2899 7354
13037 1543 7492
7492 1543 13037
1543 7492 13037
11128 1614 14194
1614 11128 14194
14194 1614 11128
4759 13153 14996
14996 4759 13153
13153 4759 14996
4172 1539 13872
1539 4172 13872
13872 1539 4172
4096 151 3671
3671 151 4096
151 3671 4096
4564 9435 14847
14847 4564 9435
9435 4564 14847
6344 7453 10681
10681 6344 7453
7453 6344 10681
9737 7486 13227
7486 9737 13227
13227 7486 9737
4084 10285 14235
14235 4084 10285
10285 4084 14235
7962 5001 8400
8400 5001 7962
5001 7962 8400
14930 215 6198
6198 215 14930
215 6198 14930
1776 10745 11401
10745 1776 11401
11401 1776 10745
7884 13793 13895
13793 7884 13895
13895 7884 13793
2226 5847 6461
5847 2226 6461
6461 2226 5847
14920 1040 6661
1040 6661 14920
6661 1040 14920
1579 3242 10001
3242 1579 10001
10001 1579 3242
7317 1976 8471
1976 7317 8471
8471 1976 7317
6583 928 7638
7638 928 6583
928 6583 7638
1481 983 9508
983 1481 9508
9508 983 1481
9015 5814 9784
5814 9015 9784
9784 5814 9015
13741 2752 2819
2752 2819 13741
2819 2752 13741
6381 7798 12683
12683 6381 7798
7798 6381 12683
2952 6036 12385
12385 2952 6036
6036 2952 12385
12695 7254 11916
11916 7254 12695
7254 11916 12695
13086 2877 8793
8793 2877 13086
2877 8793 13086
1027 10303 13204
10303 1027 13204
13204 1027 10303
8021 2202 4124
2202 4124 8021
4124 2202 8021
3323 1809 2314
1809 2314 3323
2314 1809 3323
10190 7004 7817
7004 7817 10190
7817 7004 10190
11825 6131 10515
10515 6131 11825
6131 10515 11825
7236 7265 13927
7265 7236 13927
13927 7236 7265
11085 9903 10465
9903 10465 11085
10465 9903 11085
3366 268 8385
268 3366 8385
8385 268 3366
8481 5911 11191
11191 5911 8481
5911 8481 11191
2496 6248 9060
9060 2496 6248
6248 2496 9060
6151 387 1194
1194 387 6151
387 1194 6151
1162 8980 12943
12943 1162 8980
8980 1162 12943
4853 1434 7345
7345 1434 4853
1434 4853 7345
6696 2600 10290
10290 2600 6696
2600 6696 10290
1946 4257 13246
13246 1946 4257
4257 1946 13246
3036 5999 13480
5999 3036 13480
13480 3036 5999
684 2160 6564
6564 684 2160
2160 684 6564
14269 782 7738
782 7738 14269
7738 782 14269
5812 1806 1826
1806 1826 5812
1826 1806 5812
13485 3270 7391
3270 7391 13485
7391 3270 13485
13440 9810 14094
9810 13440 14094
14094 9810 13440
7090 1829 14118
14118 1829 7090
1829 7090 14118
9112 8224 9844
8224 9112 9844
9844 8224 9112
11766 1696 13254
1696 11766 13254
13254 1696 11766
8780 1571 9537
1571 8780 9537
9537 1571 8780
6798 6841 7253
7253 6798 6841
6841 6798 7253
13025 2198 13739
2198 13025 13739
13739 2198 13025
12534 10070 10187
10187 10070 12534
10070 10187 12534
2798 6530 11150
6530 2798 11150
11150 2798 6530
1914 2183 2189
2183 1914 2189
2189 1914 2183
2567 13039 14230
13039 2567 14230
14230 2567 13039
6398 8460 12002
12002 6398 8460
8460 6398 12002
6384 11596 14819
14819 6384 11596
11596 6384 14819
9080 4236 12460
12460 4236 9080
4236 9080 12460
8959 3609 12778
12778 3609 8959
3609 8959 12778
7767 749 4876
4876 749 7767
749 4876 7767
518 3491 11023
3491 518 11023
11023 518 3491
14111 8618 9725
8618 9725 14111
9725 8618 14111
12106 915 9189
915 9189 12106
9189 915 12106
7042 1334 7323
7323 1334 7042
1334 7042 7323
8590 1835 8072
8072 1835 8590
1835 8072 8590
4799 4785 5500
5500 4785 4799
4785 4799 5500
4362 10301 10391
10391 4362 10301
10301 4362 10391
13333 4157 11942
11942 4157 13333
4157 11942 13333
2474 11535 14484
11535 2474 14484
14484 2474 11535
6470 3292 10212
3292 6470 10212
10212 3292 6470
12526 12196 13834
13834 12196 12526
12196 12526 13834
1437 7846 10341
7846 1437 10341
10341 1437 7846
3068 1548 14833
14833 1548 3068
1548 3068 14833
5695 4374 8329
8329 4374 5695
4374 5695 8329
4060 397 1742
397 1742 4060
1742 397 4060
14555 9209 13960
9209 13960 14555
13960 9209 14555
1385 6728 10800
6728 1385 10800
10800 1385 6728
11469 1202 2119
1202 2119 11469
2119 1202 11469
8933 907 9249
9249 907 8933
907 8933 9249
2106 10005 13416
10005 2106 13416
13416 2106 10005
14793 867 8881
867 8881 14793
8881 867 14793
12285 5313 12236
5313 12236 12285
12236 5313 12285
5180 5460 13940
13940 5180 5460
5460 5180 13940
8236 3349 8435
8435 3349 8236
3349 8236 8435
7853 1686 12242
12242 1686 7853
1686 7853 12242
2292 2586 13097
2586 2292 13097
13097 2292 2586
5217 1953 13974
1953 5217 13974
13974 1953 5217
11539 4777 6997
6997 4777 11539
4777 6997 11539
11426 2599 9515
2599 9515 11426
9515 2599 11426
4395 1039 6529
1039 4395 6529
6529 1039 4395
5272 7576 10542
10542 5272 7576
7576 5272 10542
13155 13751 13757
13751 13155 13757
13757 13155 13751
7247 3342 3668
3342 3668 7247
3668 3342 7247
174 6305 10075
6305 174 10075
10075 174 6305
13394 4898 7250
7250 4898 13394
4898 7250 13394
9025 12128 13040
12128 9025 13040
13040 9025 12128
9337 3024 8157
8157 3024 9337
3024 8157 9337
4888 4695 14676
14676 4695 4888
4695 4888 14676
5155 6424 11419
11419 5155 6424
6424 5155 11419
2932 10225 14661
14661 2932 10225
10225 2932 14661
7108 4610 10136
10136 4610 7108
4610 7108 10136
2238 6753 12699
12699 2238 6753
6753 2238 12699
11304 3649 4825
3649 4825 11304
4825 3649 11304
7216 7418 14308
14308 7216 7418
7418 7216 14308
106 11227 13612
13612 106 11227
11227 106 13612
13702 9352 9582
9352 9582 13702
9582 9352 13702
8651 5232 9668
9668 5232 8651
5232 8651 9668
3456 3661 13666
13666 3456 3661
3661 3456 13666
5146 886 9639
886 5146 9639
9639 886 5146
8311 1961 14978
14978 1961 8311
1961 8311 14978
1247 11784 13976
13976 1247 11784
11784 1247 13976
3418 3874 6767
6767 3418 3874
3874 3418 6767
5456 4699 6983
4699 5456 6983
6983 4699 5456
6585 5145 14881
5145 6585 14881
14881 5145 6585
12928 3315 14558
14558 3315 12928
3315 12928 14558
6308 7837 13561
13561 6308 7837
7837 6308 13561
5185 2036 9089
2036 5185 9089
9089 2036 5185
9156 6919 9311
9311 6919 9156
6919 9156 9311
2992 8089 14746
8089 2992 14746
14746 2992 8089
4103 12651 13716
12651 4103 13716
13716 4103 12651
11229 13852 13860
13852 11229 13860
13860 11229 13852
13065 6703 11794
6703 11794 13065
11794 6703 13065
7156 4858 13586
4858 7156 13586
13586 4858 7156
278 7676 11454
11454 278 7676
7676 278 11454
6527 8487 12742
12742 6527 8487
8487 6527 12742
5652 6548 10773
6548 5652 10773
10773 5652 6548
9995 8474 13680
8474 9995 13680
13680 8474 9995
14606 2486 9702
9702 2486 14606
2486 9702 14606
10727 2227 10310
2227 10310 10727
10310 2227 10727
13922 146 12229
12229 146 13922
146 12229 13922
11386 4612 4922
4612 4922 11386
4922 4612 11386
2178 2390 6295
2390 2178 6295
6295 2178 2390
11691 2929 9305
9305 2929 11691
2929 9305 11691
4343 7207 8567
7207 4343 8567
8567 4343 7207
5944 4713 6119
4713 5944 6119
6119 4713 5944
3088 6275 13574
6275 3088 13574
13574 3088 6275
9567 11461 14590
14590 9567 11461
11461 9567 14590
10484 5694 6500
6500 5694 10484
5694 6500 10484
9635 3056 9117
3056 9117 9635
9117 3056 9635
11515 3226 6440
3226 6440 11515
6440 3226 11515
8768 1220 3817
