130702 11480 84963
84963 11480 130702
11480 84963 130702
5138 38364 133435
133435 5138 38364
38364 5138 133435
99224 80961 108368
80961 99224 108368
108368 80961 99224
75410 2530 40224
2530 40224 75410
40224 2530 75410
74219 25988 141092
141092 25988 74219
25988 74219 141092
66699 90084 136878
136878 66699 90084
90084 66699 136878
22810 142901 144406
142901 22810 144406
144406 22810 142901
19607 21178 73926
21178 19607 73926
73926 19607 21178
113960 69492 130216
69492 113960 130216
130216 69492 113960
91125 9708 14956
14956 9708 91125
9708 14956 91125
141699 48971 140896
48971 140896 141699
140896 48971 141699
13255 59456 72308
59456 13255 72308
72308 13255 59456
34529 85407 85875
85407 34529 85875
85875 34529 85407
20606 83761 130552
83761 20606 130552
130552 20606 83761
94441 23544 135765
135765 23544 94441
23544 94441 135765
58340 54853 120786
120786 54853 58340
54853 58340 120786
102796 76756 113567
76756 102796 113567
113567 76756 102796
31630 10531 57879
57879 10531 31630
10531 31630 57879
103854 93185 139715
139715 93185 103854
93185 103854 139715
63364 2389 64475
64475 2389 63364
2389 63364 64475
4901 6248 67839
67839 4901 6248
6248 4901 67839
54025 84855 93894
84855 54025 93894
93894 54025 84855
99658 26167 64016
64016 26167 99658
26167 64016 99658
22630 23099 58615
23099 22630 58615
58615 22630 23099
33830 56725 137629
137629 33830 56725
56725 33830 137629
77938 33586 106754
33586 77938 106754
106754 33586 77938
62969 27301 99906
27301 62969 99906
99906 27301 62969
139245 20970 63611
63611 20970 139245
20970 63611 139245
126324 6177 53658
53658 6177 126324
6177 53658 126324
99969 14666 15946
14666 15946 99969
15946 14666 99969
51693 86921 148310
148310 51693 86921
86921 51693 148310
135288 45855 71600
71600 45855 135288
45855 71600 135288
142711 85447 98225
85447 98225 142711
98225 85447 142711
89851 44290 101862
101862 44290 89851
44290 89851 101862
123766 80738 111749
111749 80738 123766
80738 111749 123766
2994 40705 54567
40705 2994 54567
54567 2994 40705
126749 98629 149976
98629 126749 149976
149976 98629 126749
23253 66641 83675
83675 23253 66641
66641 23253 83675
66163 12913 99788
99788 12913 66163
12913 66163 99788
37985 112000 142073
112000 37985 142073
142073 37985 112000
28895 66137 79351
79351 28895 66137
66137 28895 79351
9076 57409 85898
85898 9076 57409
57409 9076 85898
114684 86093 99255
86093 99255 114684
99255 86093 114684
5817 10246 50213
10246 5817 50213
50213 5817 10246
39370 130535 149927
130535 39370 149927
149927 39370 130535
95678 62226 113255
113255 62226 95678
62226 95678 113255
117850 105958 125641
125641 105958 117850
105958 117850 125641
50305 33906 51771
51771 33906 50305
33906 50305 51771
54458 24042 61524
24042 54458 61524
61524 24042 54458
1763 48974 75573
75573 1763 48974
48974 1763 75573
104615 11336 73935
11336 73935 104615
73935 11336 104615
84269 38628 56284
38628 56284 84269
56284 38628 84269
42176 22375 47603
22375 42176 47603
47603 22375 42176
8604 56228 100946
100946 8604 56228
56228 8604 100946
26033 85582 92297
85582 26033 92297
92297 26033 85582
36450 112184 143100
112184 36450 143100
143100 36450 112184
118487 110300 149479
149479 110300 118487
110300 118487 149479
136855 18561 78293
18561 78293 136855
78293 18561 136855
18570 1926 61261
61261 1926 18570
1926 18570 61261
130680 43276 104053
104053 43276 130680
43276 104053 130680
150000 31984 149488
31984 149488 150000
149488 31984 150000
113352 41102 89499
89499 41102 113352
41102 89499 113352
100774 36694 64304
64304 36694 100774
36694 64304 100774
15240 8006 106329
8006 15240 106329
106329 8006 15240
51765 22604 63501
22604 51765 63501
63501 22604 51765
141954 84260 112027
84260 112027 141954
112027 84260 141954
38196 8499 53639
8499 38196 53639
53639 8499 38196
774 9004 75973
75973 774 9004
9004 774 75973
45860 84045 131645
131645 45860 84045
84045 45860 131645
13179 34316 136604
34316 13179 136604
136604 13179 34316
134573 88819 129958
88819 129958 134573
129958 88819 134573
100996 20812 104414
104414 20812 100996
20812 100996 104414
62169 5151 113821
113821 5151 62169
5151 62169 113821
77142 24734 64875
24734 64875 77142
64875 24734 77142
84778 84919 130082
130082 84778 84919
84919 84778 130082
92567 106150 119124
106150 92567 119124
119124 92567 106150
59309 57766 65928
57766 59309 65928
65928 57766 59309
74245 57008 63993
63993 57008 74245
57008 63993 74245
37607 9045 90032
9045 37607 90032
90032 9045 37607
149584 110518 149633
110518 149584 149633
149633 110518 149584
136698 43538 120388
43538 120388 136698
120388 43538 136698
130893 65814 67108
67108 65814 130893
65814 67108 130893
128780 1046 95482
1046 95482 128780
95482 1046 128780
113869 33119 54461
54461 33119 113869
33119 54461 113869
46255 15470 38771
38771 15470 46255
15470 38771 46255
108049 41758 122278
41758 108049 122278
122278 41758 108049
112680 4843 90588
4843 90588 112680
90588 4843 112680
30855 15406 117232
15406 30855 117232
117232 15406 30855
43889 35242 63797
63797 35242 43889
35242 43889 63797
143928 49833 84013
49833 84013 143928
84013 49833 143928
143889 41428 55073
55073 41428 143889
41428 55073 143889
138610 35063 97905
97905 35063 138610
35063 97905 138610
82220 59924 103763
59924 82220 103763
103763 59924 82220
49305 120405 148363
120405 49305 148363
148363 49305 120405
77486 9666 107985
9666 77486 107985
107985 9666 77486
117413 42103 113178
113178 42103 117413
42103 113178 117413
22952 875 17634
17634 875 22952
875 17634 22952
70615 3682 67238
67238 3682 70615
3682 67238 70615
67502 23966 34823
23966 34823 67502
34823 23966 67502
47607 28043 82626
28043 47607 82626
82626 28043 47607
58401 8371 57511
8371 57511 58401
57511 8371 58401
11962 44116 134338
134338 11962 44116
44116 11962 134338
137181 14962 47940
47940 14962 137181
14962 47940 137181
128326 75108 138735
75108 128326 138735
138735 75108 128326
28136 104220 124333
124333 28136 104220
104220 28136 124333
132513 10687 44961
10687 44961 132513
44961 10687 132513
90113 87622 111612
87622 90113 111612
111612 87622 90113
29669 6501 33014
6501 29669 33014
33014 6501 29669
90757 30579 110667
30579 90757 110667
110667 30579 90757
84397 38091 43262
43262 38091 84397
38091 43262 84397
45704 64790 145935
145935 45704 64790
64790 45704 145935
79439 25108 129237
25108 79439 129237
129237 25108 79439
32529 86835 129242
86835 32529 129242
129242 32529 86835
53096 17179 126213
17179 53096 126213
126213 17179 53096
52504 35311 113814
35311 52504 113814
113814 35311 52504
42117 4746 52147
52147 4746 42117
4746 42117 52147
35054 71805 108922
71805 35054 108922
108922 35054 71805
22439 33572 76872
33572 22439 76872
76872 22439 33572
86175 4876 70896
4876 70896 86175
70896 4876 86175
6602 11806 90720
90720 6602 11806
11806 6602 90720
43581 121002 138500
138500 43581 121002
121002 43581 138500
7081 59195 78816
78816 7081 59195
59195 7081 78816
138241 3395 135235
135235 3395 138241
3395 135235 138241
66080 83899 139099
83899 66080 139099
139099 66080 83899
91142 26042 137569
137569 26042 91142
26042 91142 137569
149734 11365 46967
46967 11365 149734
11365 46967 149734
9437 14266 15111
15111 9437 14266
14266 9437 15111
132530 79727 114161
114161 79727 132530
79727 114161 132530
7792 17906 67789
17906 7792 67789
67789 7792 17906
64955 35305 124724
35305 64955 124724
124724 35305 64955
142628 85524 138090
138090 85524 142628
85524 138090 142628
126152 75567 140032
75567 126152 140032
140032 75567 126152
12046 71550 109017
109017 12046 71550
71550 12046 109017
94423 20094 81157
81157 20094 94423
20094 81157 94423
75243 61368 132768
61368 75243 132768
132768 61368 75243
47084 56593 141812
56593 47084 141812
141812 47084 56593
9398 61876 69578
69578 9398 61876
61876 9398 69578
54723 25991 110368
110368 25991 54723
25991 54723 110368
15036 55208 100628
55208 15036 100628
100628 15036 55208
134395 66434 83523
83523 66434 134395
66434 83523 134395
80310 20214 29428
29428 20214 80310
20214 29428 80310
33703 4613 111011
111011 4613 33703
4613 33703 111011
112977 33706 105921
105921 33706 112977
33706 105921 112977
52864 102640 135076
102640 52864 135076
135076 52864 102640
6927 59008 117028
59008 6927 117028
117028 6927 59008
61575 87281 111627
87281 61575 111627
111627 61575 87281
115953 65996 108215
65996 108215 115953
108215 65996 115953
129995 131637 132481
132481 129995 131637
131637 129995 132481
70576 25586 114854
25586 70576 114854
114854 25586 70576
133619 24638 86514
86514 24638 133619
24638 86514 133619
133501 106794 140659
140659 106794 133501
106794 133501 140659
27645 48753 58171
58171 27645 48753
48753 27645 58171
8875 17291 104948
17291 8875 104948
104948 8875 17291
102414 114367 118979
118979 102414 114367
114367 102414 118979
59537 29426 38924
29426 38924 59537
38924 29426 59537
81941 22936 132854
22936 81941 132854
132854 22936 81941
10978 6994 31046
6994 10978 31046
31046 6994 10978
70627 68878 118786
68878 70627 118786
118786 68878 70627
4890 72064 83759
83759 4890 72064
72064 4890 83759
75013 10832 60461
60461 10832 75013
10832 60461 75013
54034 60156 110190
110190 54034 60156
60156 54034 110190
56755 29309 87151
29309 56755 87151
87151 29309 56755
64310 43916 73184
43916 64310 73184
73184 43916 64310
92463 49165 125216
125216 49165 92463
49165 92463 125216
87416 40607 130744
40607 87416 130744
130744 40607 87416
51793 4080 101140
4080 51793 101140
101140 4080 51793
43076 57514 62728
57514 43076 62728
62728 43076 57514
83233 66148 116442
66148 83233 116442
116442 66148 83233
126483 5766 97429
97429 5766 126483
5766 97429 126483
135451 8393 94340
94340 8393 135451
8393 94340 135451
75151 59380 67378
67378 59380 75151
59380 67378 75151
68251 71597 96872
96872 68251 71597
71597 68251 96872
127707 53986 80377
53986 80377 127707
80377 53986 127707
86433 27647 43271
27647 43271 86433
43271 27647 86433
147959 97054 132658
132658 97054 147959
97054 132658 147959
38106 18311 57085
18311 38106 57085
57085 18311 38106
10617 77457 122040
77457 10617 122040
122040 10617 77457
77186 27992 144382
144382 27992 77186
27992 77186 144382
144853 21822 24887
21822 24887 144853
24887 21822 144853
15508 16095 38892
16095 15508 38892
38892 15508 16095
40461 128464 143112
128464 40461 143112
143112 40461 128464
20514 23269 138460
138460 20514 23269
23269 20514 138460
130727 90359 140460
140460 90359 130727
90359 130727 140460
31005 2206 86094
86094 2206 31005
2206 31005 86094
85567 2527 54776
54776 2527 85567
2527 54776 85567
34647 40081 120240
40081 34647 120240
120240 34647 40081
112765 57027 124895
124895 57027 112765
57027 112765 124895
100026 33990 36330
36330 33990 100026
33990 36330 100026
119182 86354 90343
86354 90343 119182
90343 86354 119182
100410 37694 72297
37694 72297 100410
72297 37694 100410
35677 17206 33688
17206 33688 35677
33688 17206 35677
113883 12571 40827
40827 12571 113883
12571 40827 113883
87175 46523 110639
110639 46523 87175
46523 87175 110639
146839 46258 108900
46258 108900 146839
108900 46258 146839
99194 93589 112274
112274 93589 99194
93589 99194 112274
16495 80283 115771
80283 16495 115771
115771 16495 80283
12581 25844 116235
116235 12581 25844
25844 12581 116235
149681 16799 57945
57945 16799 149681
16799 57945 149681
137180 75590 76833
76833 75590 137180
75590 76833 137180
130059 51624 132850
132850 51624 130059
51624 130059 132850
39811 23726 53914
23726 39811 53914
53914 23726 39811
23670 95839 111459
95839 23670 111459
111459 23670 95839
142067 115657 117522
115657 117522 142067
117522 115657 142067
105946 26344 61892
26344 61892 105946
61892 26344 105946
24376 97605 109164
97605 24376 109164
109164 24376 97605
110503 109116 132453
132453 109116 110503
109116 110503 132453
138526 17715 146433
146433 17715 138526
17715 138526 146433
30462 12023 101141
101141 12023 30462
12023 30462 101141
42603 56097 113580
56097 42603 113580
113580 42603 56097
92187 114706 146249
146249 92187 114706
114706 92187 146249
75091 56244 102711
56244 75091 102711
102711 56244 75091
141714 22194 132698
132698 22194 141714
22194 132698 141714
49022 75562 81802
75562 49022 81802
81802 49022 75562
15077 74934 106531
74934 15077 106531
106531 15077 74934
67062 15320 62346
15320 62346 67062
62346 15320 67062
116341 26697 75415
26697 75415 116341
75415 26697 116341
127171 65830 140608
140608 65830 127171
65830 127171 140608
53047 94320 146495
94320 53047 146495
146495 53047 94320
113909 38265 71456
38265 71456 113909
71456 38265 113909
48930 59446 134405
59446 48930 134405
134405 48930 59446
18336 33149 98506
98506 18336 33149
33149 18336 98506
96167 46438 132336
132336 46438 96167
46438 96167 132336
22249 60554 88834
88834 22249 60554
60554 22249 88834
63733 81360 83614
83614 63733 81360
81360 63733 83614
18584 53950 107597
53950 18584 107597
107597 18584 53950
38593 12201 58784
58784 12201 38593
12201 38593 58784
110366 24602 105917
24602 105917 110366
105917 24602 110366
45162 19976 98575
98575 19976 45162
19976 45162 98575
139063 67014 149219
149219 67014 139063
67014 139063 149219
112802 38084 139538
38084 112802 139538
139538 38084 112802
61685 40129 43367
43367 40129 61685
40129 43367 61685
22702 17294 124676
124676 17294 22702
17294 22702 124676
37258 126864 135913
135913 37258 126864
126864 37258 135913
126074 22442 78840
78840 22442 126074
22442 78840 126074
20955 27235 143483
27235 20955 143483
143483 20955 27235
15450 127093 143293
127093 15450 143293
143293 15450 127093
108147 42913 105668
42913 105668 108147
105668 42913 108147
28797 29512 79541
29512 28797 79541
79541 28797 29512
29218 134085 145711
145711 29218 134085
134085 29218 145711
18754 77353 118233
118233 18754 77353
77353 18754 118233
112644 573 14278
573 14278 112644
14278 573 112644
16776 27218 88348
27218 16776 88348
88348 16776 27218
26466 91358 135912
135912 26466 91358
91358 26466 135912
98394 83196 141243
141243 83196 98394
83196 98394 141243
18030 78391 124686
78391 18030 124686
124686 18030 78391
34950 6038 127606
127606 6038 34950
6038 34950 127606
116158 82056 114714
82056 114714 116158
114714 82056 116158
109158 14808 28686
14808 28686 109158
28686 14808 109158
14747 51135 113982
51135 14747 113982
113982 14747 51135
33228 9210 26007
9210 26007 33228
26007 9210 33228
59784 45152 68315
45152 59784 68315
68315 45152 59784
28587 2184 44007
2184 28587 44007
44007 2184 28587
16362 1969 46657
1969 16362 46657
46657 1969 16362
44528 81623 86275
81623 44528 86275
86275 44528 81623
106812 31072 117733
31072 106812 117733
117733 31072 106812
12332 104579 121602
104579 12332 121602
121602 12332 104579
18689 92473 121451
121451 18689 92473
92473 18689 121451
71983 48617 130720
130720 48617 71983
48617 71983 130720
29113 58699 85832
85832 29113 58699
58699 29113 85832
22710 2495 36533
2495 22710 36533
36533 2495 22710
149752 38662 43811
43811 38662 149752
38662 43811 149752
57001 43186 115178
115178 43186 57001
43186 57001 115178
111304 6950 133473
6950 111304 133473
133473 6950 111304
146261 40572 73808
40572 73808 146261
73808 40572 146261
42737 106372 127652
106372 42737 127652
127652 42737 106372
38324 50065 84632
50065 38324 84632
84632 38324 50065
68309 18535 46638
18535 46638 68309
46638 18535 68309
49215 68883 109742
109742 49215 68883
68883 49215 109742
29591 22856 120022
22856 29591 120022
120022 22856 29591
31395 4837 32750
32750 4837 31395
4837 31395 32750
92424 33709 140397
140397 33709 92424
33709 92424 140397
44976 75657 114128
114128 44976 75657
75657 44976 114128
81981 67364 118499
67364 81981 118499
118499 67364 81981
12117 73641 142671
73641 12117 142671
142671 12117 73641
97532 16310 37886
16310 37886 97532
37886 16310 97532
120599 48091 75325
48091 75325 120599
75325 48091 120599
52142 50757 70506
50757 52142 70506
70506 50757 52142
23286 48170 121592
121592 23286 48170
48170 23286 121592
146897 4861 143272
4861 143272 146897
143272 4861 146897
1702 5476 19653
19653 1702 5476
5476 1702 19653
130784 13316 96540
13316 96540 130784
96540 13316 130784
20873 75298 78090
75298 20873 78090
78090 20873 75298
108928 1082 112389
112389 1082 108928
1082 108928 112389
3254 50080 108144
50080 3254 108144
108144 3254 50080
15970 122525 135247
122525 15970 135247
135247 15970 122525
117325 20238 51273
51273 20238 117325
20238 51273 117325
63777 19098 124058
124058 19098 63777
19098 63777 124058
113584 91806 103275
91806 103275 113584
103275 91806 113584
36506 17232 105396
105396 17232 36506
17232 36506 105396
109674 16992 42833
42833 16992 109674
16992 42833 109674
53599 104753 122072
104753 53599 122072
122072 53599 104753
112095 30956 52663
30956 52663 112095
52663 30956 112095
87291 29142 49850
29142 49850 87291
49850 29142 87291
106721 15037 128370
128370 15037 106721
15037 106721 128370
4685 91417 120135
91417 4685 120135
120135 4685 91417
55540 14826 129553
129553 14826 55540
14826 55540 129553
63898 59388 104657
104657 59388 63898
59388 63898 104657
44680 3415 25036
25036 3415 44680
3415 25036 44680
104966 95579 98103
98103 95579 104966
95579 98103 104966
22251 54152 109004
54152 22251 109004
109004 22251 54152
19841 2724 106678
106678 2724 19841
2724 19841 106678
146849 29290 107559
107559 29290 146849
29290 107559 146849
133827 93140 95350
93140 95350 133827
95350 93140 133827
124143 22815 144543
22815 124143 144543
144543 22815 124143
30292 18731 120678
120678 18731 30292
18731 30292 120678
5785 24972 125851
24972 5785 125851
125851 5785 24972
66489 42442 106724
42442 66489 106724
106724 42442 66489
69271 40591 96453
40591 69271 96453
96453 40591 69271
124330 55405 104069
104069 55405 124330
55405 104069 124330
95584 34480 55052
34480 55052 95584
55052 34480 95584
4502 30375 146802
30375 4502 146802
146802 4502 30375
90810 82641 100417
100417 82641 90810
82641 90810 100417
126955 5676 33232
5676 33232 126955
33232 5676 126955
104341 28074 131727
28074 104341 131727
131727 28074 104341
93829 19157 49778
19157 49778 93829
49778 19157 93829
109701 82646 136519
136519 82646 109701
82646 109701 136519
118410 90586 137815
90586 118410 137815
137815 90586 118410
37795 82813 109757
109757 37795 82813
82813 37795 109757
73173 121366 122814
122814 73173 121366
121366 73173 122814
117758 33131 94410
33131 94410 117758
94410 33131 117758
74948 21682 27921
21682 27921 74948
27921 21682 74948
17039 54230 140972
140972 17039 54230
54230 17039 140972
72529 55846 95747
55846 72529 95747
95747 55846 72529
20978 93499 134726
93499 20978 134726
134726 20978 93499
90863 28274 55959
55959 28274 90863
28274 55959 90863
136686 66328 75476
75476 66328 136686
66328 75476 136686
49898 17636 85051
17636 49898 85051
85051 17636 49898
102653 92900 99942
99942 92900 102653
92900 99942 102653
121127 11995 112376
112376 11995 121127
11995 112376 121127
87947 39968 45690
45690 39968 87947
39968 45690 87947
9330 131178 135509
135509 9330 131178
131178 9330 135509
49499 101832 147650
147650 49499 101832
101832 49499 147650
53282 144438 147893
147893 53282 144438
144438 53282 147893
12468 98343 113423
113423 12468 98343
98343 12468 113423
144335 82542 102554
82542 102554 144335
102554 82542 144335
110605 57587 95328
57587 95328 110605
95328 57587 110605
94512 2131 119761
2131 94512 119761
119761 2131 94512
82455 38194 125318
38194 82455 125318
125318 38194 82455
94483 50004 139724
50004 94483 139724
139724 50004 94483
75892 53451 117496
53451 75892 117496
117496 53451 75892
69004 38887 123285
123285 38887 69004
38887 69004 123285
91777 87013 114523
114523 87013 91777
87013 91777 114523
123372 2847 69623
2847 69623 123372
69623 2847 123372
37231 55476 106215
55476 37231 106215
106215 37231 55476
134081 73315 135215
135215 73315 134081
73315 134081 135215
134 60193 141566
60193 134 141566
141566 134 60193
82724 12244 105108
12244 82724 105108
105108 12244 82724
17832 33437 104211
33437 17832 104211
104211 17832 33437
90062 9328 18252
18252 9328 90062
9328 18252 90062
67517 9800 105173
105173 9800 67517
9800 67517 105173
144430 71418 129114
71418 129114 144430
129114 71418 144430
36222 35562 79009
79009 35562 36222
35562 36222 79009
81025 73997 118337
73997 81025 118337
118337 73997 81025
139276 61512 108234
61512 108234 139276
108234 61512 139276
47315 30284 121068
121068 30284 47315
30284 47315 121068
42712 10093 105847
10093 42712 105847
105847 10093 42712
131019 18382 40529
18382 40529 131019
40529 18382 131019
75649 78489 105576
105576 75649 78489
78489 75649 105576
90355 68771 140509
140509 68771 90355
68771 90355 140509
20425 31790 89522
89522 20425 31790
31790 20425 89522
21725 48603 104250
104250 21725 48603
48603 21725 104250
96340 50234 77927
50234 77927 96340
77927 50234 96340
74482 5385 68912
5385 68912 74482
68912 5385 74482
108916 63833 131214
63833 108916 131214
131214 63833 108916
30561 76935 146319
146319 30561 76935
76935 30561 146319
56096 8151 82640
82640 8151 56096
8151 56096 82640
58729 77014 140718
140718 58729 77014
77014 58729 140718
44669 127643 138371
127643 44669 138371
138371 44669 127643
131968 47049 123242
123242 47049 131968
47049 123242 131968
63968 38287 51269
51269 38287 63968
38287 51269 63968
40569 14842 24193
14842 24193 40569
24193 14842 40569
10384 47505 89590
89590 10384 47505
47505 10384 89590
23681 33075 127479
33075 23681 127479
127479 23681 33075
47496 67330 74274
67330 47496 74274
74274 47496 67330
37531 54704 99103
54704 37531 99103
99103 37531 54704
121954 92665 114113
92665 114113 121954
114113 92665 121954
146657 7946 65689
7946 65689 146657
65689 7946 146657
118705 42661 84859
42661 84859 118705
84859 42661 118705
111961 54088 121759
54088 111961 121759
121759 54088 111961
101062 38153 136730
136730 38153 101062
38153 101062 136730
53633 17530 54352
17530 53633 54352
54352 17530 53633
144237 53535 122941
53535 122941 144237
122941 53535 144237
81945 121174 136346
121174 81945 136346
136346 81945 121174
91636 60030 105408
60030 91636 105408
105408 60030 91636
111449 87533 115942
115942 87533 111449
87533 111449 115942
75879 46628 63816
63816 46628 75879
46628 63816 75879
10184 82690 141849
141849 10184 82690
82690 10184 141849
62040 27408 125827
125827 27408 62040
27408 62040 125827
145366 27713 109925
27713 109925 145366
109925 27713 145366
56527 10442 12500
12500 10442 56527
10442 12500 56527
117369 54310 74654
74654 54310 117369
54310 74654 117369
80318 117001 145864
117001 80318 145864
145864 80318 117001
49221 72125 84270
72125 49221 84270
84270 49221 72125
116645 3381 140230
3381 116645 140230
140230 3381 116645
40253 145979 146545
146545 40253 145979
145979 40253 146545
140759 15755 82327
15755 82327 140759
82327 15755 140759
77980 136080 136194
136194 77980 136080
136080 77980 136194
15645 64078 117766
64078 15645 117766
117766 15645 64078
17255 93417 148790
148790 17255 93417
93417 17255 148790
95521 30662 45312
45312 30662 95521
30662 45312 95521
128980 30932 120676
120676 30932 128980
30932 120676 128980
65062 101809 111747
101809 65062 111747
111747 65062 101809
116598 60292 102533
60292 102533 116598
102533 60292 116598
89674 128138 147559
128138 89674 147559
147559 89674 128138
91526 95571 137682
95571 91526 137682
137682 91526 95571
58562 86989 106946
106946 58562 86989
86989 58562 106946
18729 40657 47331
40657 18729 47331
47331 18729 40657
135327 66557 92938
92938 66557 135327
66557 92938 135327
99497 34855 38401
38401 34855 99497
34855 38401 99497
142918 5724 36981
5724 36981 142918
36981 5724 142918
135145 89498 113166
113166 89498 135145
89498 113166 135145
95635 48259 121899
121899 48259 95635
48259 95635 121899
28640 93618 101620
93618 28640 101620
101620 28640 93618
57817 11243 67514
11243 57817 67514
67514 11243 57817
47568 90020 147435
90020 47568 147435
147435 47568 90020
68821 32861 42772
32861 42772 68821
42772 32861 68821
114922 12503 68907
12503 68907 114922
68907 12503 114922
117419 16561 86317
16561 86317 117419
86317 16561 117419
54717 137530 144025
144025 54717 137530
137530 54717 144025
115663 54661 127632
54661 115663 127632
127632 54661 115663
134432 39695 74053
39695 74053 134432
74053 39695 134432
79942 52933 83458
52933 79942 83458
83458 52933 79942
129523 103702 142289
103702 129523 142289
142289 103702 129523
42492 64166 139867
139867 42492 64166
64166 42492 139867
24891 61329 126587
61329 24891 126587
126587 24891 61329
111362 48145 80548
80548 48145 111362
48145 80548 111362
128016 101957 102375
102375 101957 128016
101957 102375 128016
49543 44429 79413
79413 44429 49543
44429 49543 79413
71606 2215 25414
25414 2215 71606
2215 25414 71606
132293 22601 135098
22601 132293 135098
135098 22601 132293
18449 32798 101704
32798 18449 101704
101704 18449 32798
20495 69682 101998
101998 20495 69682
69682 20495 101998
99405 116086 136418
116086 99405 136418
136418 99405 116086
109814 101773 103314
103314 101773 109814
101773 103314 109814
133206 65271 91897
65271 91897 133206
91897 65271 133206
114887 40911 68075
40911 68075 114887
68075 40911 114887
83369 58600 66108
58600 66108 83369
66108 58600 83369
88054 31634 80895
80895 31634 88054
31634 80895 88054
121816 27375 73166
73166 27375 121816
27375 73166 121816
133232 34802 45016
34802 45016 133232
45016 34802 133232
106574 124517 136119
124517 106574 136119
136119 106574 124517
136853 23509 113564
23509 113564 136853
113564 23509 136853
129184 109792 136411
109792 129184 136411
136411 109792 129184
60272 105325 130355
130355 60272 105325
105325 60272 130355
48854 3525 103736
3525 48854 103736
103736 3525 48854
129204 57603 85098
85098 57603 129204
57603 85098 129204
141313 43463 73521
43463 73521 141313
73521 43463 141313
122788 43909 108333
108333 43909 122788
43909 108333 122788
91494 148592 148680
148592 91494 148680
148680 91494 148592
10499 22774 89195
89195 10499 22774
22774 10499 89195
26621 37304 134451
134451 26621 37304
37304 26621 134451
28570 68274 136912
68274 28570 136912
136912 28570 68274
110194 45448 63083
63083 45448 110194
45448 63083 110194
128266 19075 39338
39338 19075 128266
19075 39338 128266
138873 97286 100927
100927 97286 138873
97286 100927 138873
87826 94494 135507
135507 87826 94494
94494 87826 135507
71735 20502 44279
44279 20502 71735
20502 44279 71735
92664 92229 138265
92229 92664 138265
138265 92229 92664
111312 28836 133626
133626 28836 111312
28836 111312 133626
134526 9088 149409
149409 9088 134526
9088 134526 149409
2921 108229 113705
113705 2921 108229
108229 2921 113705
136753 71957 120971
71957 120971 136753
120971 71957 136753
109146 7547 10290
10290 7547 109146
7547 10290 109146
50408 38530 125173
38530 50408 125173
125173 38530 50408
145632 23177 34820
23177 34820 145632
34820 23177 145632
49388 38557 144598
38557 49388 144598
144598 38557 49388
24481 31399 62804
31399 24481 62804
62804 24481 31399
135007 29454 61736
29454 61736 135007
61736 29454 135007
54812 123631 146734
146734 54812 123631
123631 54812 146734
30823 27943 138087
138087 27943 30823
27943 30823 138087
143571 20722 71737
20722 71737 143571
71737 20722 143571
133739 21978 25078
21978 25078 133739
25078 21978 133739
110872 115002 119340
115002 110872 119340
119340 110872 115002
126782 47875 82295
82295 47875 126782
47875 82295 126782
37032 27635 120837
120837 27635 37032
27635 37032 120837
134479 87087 104550
87087 104550 134479
104550 87087 134479
65763 128488 142986
142986 65763 128488
128488 65763 142986
72283 30255 45381
30255 45381 72283
45381 30255 72283
99857 40213 112430
112430 40213 99857
40213 99857 112430
24079 13648 42481
42481 13648 24079
13648 24079 42481
72537 92444 125186
125186 72537 92444
92444 72537 125186
66491 69661 123951
123951 66491 69661
69661 66491 123951
9183 75376 134848
75376 9183 134848
134848 9183 75376
88684 18497 139818
18497 88684 139818
139818 18497 88684
136434 19983 91102
91102 19983 136434
19983 91102 136434
116972 25908 40712
25908 40712 116972
40712 25908 116972
149917 62414 92734
92734 62414 149917
62414 92734 149917
45720 33843 51791
33843 45720 51791
51791 33843 45720
126465 46004 97178
46004 97178 126465
97178 46004 126465
100391 15515 68840
15515 68840 100391
68840 15515 100391
110789 21149 92773
21149 92773 110789
92773 21149 110789
27527 13103 26154
26154 13103 27527
13103 26154 27527
3858 120271 147856
120271 3858 147856
147856 3858 120271
80829 83757 128924
128924 80829 83757
83757 80829 128924
18511 35253 91761
91761 18511 35253
35253 18511 91761
120503 5011 71186
71186 5011 120503
5011 71186 120503
81703 46636 86426
46636 81703 86426
86426 46636 81703
85067 56585 87588
56585 85067 87588
87588 56585 85067
85301 18419 64941
64941 18419 85301
18419 64941 85301
17409 43105 60797
43105 17409 60797
60797 17409 43105
90916 23653 68928
68928 23653 90916
23653 68928 90916
81380 22362 116763
116763 22362 81380
22362 81380 116763
103065 89331 146062
89331 103065 146062
146062 89331 103065
56794 31633 135854
31633 56794 135854
135854 31633 56794
40357 60535 62660
60535 40357 62660
62660 40357 60535
43017 29076 99248
29076 43017 99248
99248 29076 43017
121114 69328 139543
69328 121114 139543
139543 69328 121114
61401 10683 47975
47975 10683 61401
10683 47975 61401
62829 15268 47052
15268 47052 62829
47052 15268 62829
56862 48135 137172
48135 56862 137172
137172 48135 56862
73084 19248 122411
122411 19248 73084
19248 73084 122411
114968 101958 126289
101958 114968 126289
126289 101958 114968
137015 37606 94072
37606 94072 137015
94072 37606 137015
23019 41420 116410
116410 23019 41420
41420 23019 116410
21285 17239 81735
81735 17239 21285
17239 21285 81735
16937 43964 120385
120385 16937 43964
43964 16937 120385
6836 59263 60847
60847 6836 59263
59263 6836 60847
66476 2904 120389
2904 66476 120389
120389 2904 66476
21708 11593 144656
11593 21708 144656
144656 11593 21708
35905 59593 76204
76204 35905 59593
59593 35905 76204
50765 73941 83303
73941 50765 83303
83303 50765 73941
6377 25141 94245
94245 6377 25141
25141 6377 94245
107807 71389 121856
71389 107807 121856
121856 71389 107807
112631 66565 140034
66565 112631 140034
140034 66565 112631
148549 3787 80447
80447 3787 148549
3787 80447 148549
17686 133747 143824
133747 17686 143824
143824 17686 133747
91282 133479 147845
147845 91282 133479
133479 91282 147845
110256 47077 68846
47077 68846 110256
68846 47077 110256
46584 113927 146915
113927 46584 146915
146915 46584 113927
115070 17846 145835
145835 17846 115070
17846 115070 145835
98674 82487 139917
82487 98674 139917
139917 82487 98674
29459 68213 132641
132641 29459 68213
68213 29459 132641
129357 26587 102031
102031 26587 129357
26587 102031 129357
96633 48801 102027
102027 48801 96633
48801 96633 102027
12362 99075 108228
108228 12362 99075
99075 12362 108228
118039 6814 50259
6814 50259 118039
50259 6814 118039
126311 14147 27906
27906 14147 126311
14147 27906 126311
12947 19227 40048
40048 12947 19227
19227 12947 40048
101659 22129 50201
22129 50201 101659
50201 22129 101659
89011 92100 137903
137903 89011 92100
92100 89011 137903
126409 27343 70482
70482 27343 126409
27343 70482 126409
124692 29851 41675
41675 29851 124692
29851 41675 124692
12627 61510 64616
64616 12627 61510
61510 12627 64616
108733 86297 102218
86297 102218 108733
102218 86297 108733
57 11854 48406
48406 57 11854
11854 57 48406
103487 45384 68217
68217 45384 103487
45384 68217 103487
64649 68266 72472
68266 64649 72472
72472 64649 68266
147403 21134 124571
21134 124571 147403
124571 21134 147403
82862 78419 142187
142187 78419 82862
78419 82862 142187
40069 36380 136043
36380 40069 136043
136043 36380 40069
127895 2689 106253
2689 106253 127895
106253 2689 127895
80308 26133 78819
78819 26133 80308
26133 78819 80308
19024 88247 123058
123058 19024 88247
88247 19024 123058
109288 1865 141299
141299 1865 109288
1865 109288 141299
24470 3263 46111
46111 3263 24470
3263 24470 46111
131996 20089 49783
20089 49783 131996
49783 20089 131996
47814 8722 66365
66365 8722 47814
8722 47814 66365
88174 2347 51537
2347 51537 88174
51537 2347 88174
139666 112933 124522
124522 112933 139666
112933 124522 139666
70208 17759 39715
39715 17759 70208
17759 39715 70208
93301 89865 126678
126678 89865 93301
89865 93301 126678
79800 37355 104644
37355 79800 104644
104644 37355 79800
116716 102076 121036
121036 102076 116716
102076 116716 121036
106220 7401 120411
120411 7401 106220
7401 106220 120411
130965 9229 104586
9229 104586 130965
104586 9229 130965
147116 24213 42042
42042 24213 147116
24213 42042 147116
1346 46344 94013
46344 1346 94013
94013 1346 46344
138496 29700 48545
48545 29700 138496
29700 48545 138496
84958 10959 110913
110913 10959 84958
10959 84958 110913
121258 72619 134373
134373 72619 121258
72619 121258 134373
41233 46377 146041
46377 41233 146041
146041 41233 46377
58859 116762 148703
148703 58859 116762
116762 58859 148703
71137 41766 83023
83023 41766 71137
41766 71137 83023
143330 55790 77786
77786 55790 143330
55790 77786 143330
43310 66899 79072
66899 43310 79072
79072 43310 66899
93199 48237 78669
48237 78669 93199
78669 48237 93199
43543 3042 44595
44595 3042 43543
3042 43543 44595
11344 121194 148725
148725 11344 121194
121194 11344 148725
23678 15887 116639
116639 15887 23678
15887 23678 116639
35059 65140 118635
65140 35059 118635
118635 35059 65140
7193 56958 111679
111679 7193 56958
56958 7193 111679
60849 22798 125028
125028 22798 60849
22798 60849 125028
147894 3465 73226
3465 73226 147894
73226 3465 147894
144448 55562 148861
148861 55562 144448
55562 144448 148861
52511 2933 90123
90123 2933 52511
2933 52511 90123
79765 18793 78828
78828 18793 79765
18793 78828 79765
38257 62435 85223
85223 38257 62435
62435 38257 85223
8076 54040 148753
54040 8076 148753
148753 8076 54040
141054 50113 108848
50113 108848 141054
108848 50113 141054
101296 40991 137584
40991 101296 137584
137584 40991 101296
87255 86227 103290
86227 87255 103290
103290 86227 87255
36804 97761 121288
121288 36804 97761
97761 36804 121288
25946 19736 77935
19736 25946 77935
77935 19736 25946
75558 22686 72800
72800 22686 75558
22686 72800 75558
108993 2622 126643
126643 2622 108993
2622 108993 126643
16520 49998 68770
49998 16520 68770
68770 16520 49998
21804 2576 61557
61557 2576 21804
2576 21804 61557
28913 48590 81855
81855 28913 48590
48590 28913 81855
77331 36749 139431
36749 77331 139431
139431 36749 77331
83833 94447 131845
131845 83833 94447
94447 83833 131845
148506 16673 87970
87970 16673 148506
16673 87970 148506
31186 21387 33507
33507 21387 31186
21387 31186 33507
72632 49837 103709
49837 72632 103709
103709 49837 72632
68492 58987 102876
102876 58987 68492
58987 68492 102876
12702 54980 125699
54980 12702 125699
125699 12702 54980
146512 95285 104263
104263 95285 146512
95285 104263 146512
15394 114799 144809
144809 15394 114799
114799 15394 144809
142425 7877 132288
132288 7877 142425
7877 132288 142425
56235 21314 94898
94898 21314 56235
21314 56235 94898
104415 1951 6285
1951 6285 104415
6285 1951 104415
137786 72462 125501
125501 72462 137786
72462 125501 137786
143772 57801 107790
57801 107790 143772
107790 57801 143772
73465 18111 93420
18111 73465 93420
93420 18111 73465
140311 18994 50825
18994 50825 140311
50825 18994 140311
110960 37894 99876
37894 99876 110960
99876 37894 110960
125000 42817 100699
100699 42817 125000
42817 100699 125000
99018 2093 2627
2093 2627 99018
2627 2093 99018
130122 113274 141829
141829 113274 130122
113274 130122 141829
136193 121621 124796
124796 121621 136193
121621 124796 136193
75003 51332 126577
126577 51332 75003
51332 75003 126577
136945 77399 125326
77399 125326 136945
125326 77399 136945
130587 44484 137870
44484 130587 137870
137870 44484 130587
75611 3352 46575
3352 46575 75611
46575 3352 75611
63031 72579 143686
143686 63031 72579
72579 63031 143686
5955 72588 113222
113222 5955 72588
72588 5955 113222
84780 34600 133460
34600 84780 133460
133460 34600 84780
140480 46290 61601
46290 61601 140480
61601 46290 140480
56006 32831 45295
45295 32831 56006
32831 45295 56006
22156 92248 110735
110735 22156 92248
92248 22156 110735
119823 18662 47265
47265 18662 119823
18662 47265 119823
102794 89019 112164
89019 102794 112164
112164 89019 102794
110988 8337 104063
104063 8337 110988
8337 104063 110988
67586 78402 91430
91430 67586 78402
78402 67586 91430
102756 136341 139395
136341 102756 139395
139395 102756 136341
117966 8541 139217
8541 117966 139217
139217 8541 117966
3357 76094 127497
127497 3357 76094
76094 3357 127497
18575 78725 116783
116783 18575 78725
78725 18575 116783
130794 73313 125175
73313 125175 130794
125175 73313 130794
83633 12522 110802
12522 83633 110802
110802 12522 83633
125593 77445 105455
105455 77445 125593
77445 105455 125593
38329 106008 121343
121343 38329 106008
106008 38329 121343
32025 23555 134189
23555 32025 134189
134189 23555 32025
3008 44808 94293
94293 3008 44808
44808 3008 94293
59318 109644 133885
133885 59318 109644
109644 59318 133885
116834 114936 131009
131009 114936 116834
114936 116834 131009
20088 4879 54743
4879 20088 54743
54743 4879 20088
51806 41629 102949
41629 51806 102949
102949 41629 51806
94566 111841 149689
111841 94566 149689
149689 94566 111841
109867 23155 47950
23155 47950 109867
47950 23155 109867
80193 69729 105003
69729 80193 105003
105003 69729 80193
37884 6028 100681
100681 6028 37884
6028 37884 100681
50529 16248 124280
124280 16248 50529
16248 50529 124280
141516 23161 39899
23161 39899 141516
39899 23161 141516
71709 28661 100773
100773 28661 71709
28661 71709 100773
71157 47870 125937
47870 71157 125937
125937 47870 71157
140597 68795 125610
125610 68795 140597
68795 125610 140597
14529 31660 120218
31660 14529 120218
120218 14529 31660
50989 144 34249
34249 144 50989
144 34249 50989
86519 11788 50929
50929 11788 86519
11788 50929 86519
125126 50569 116745
50569 116745 125126
116745 50569 125126
147689 5094 98465
98465 5094 147689
5094 98465 147689
77843 24370 93180
93180 24370 77843
24370 77843 93180
84483 15014 61241
15014 61241 84483
61241 15014 84483
146079 55701 84993
84993 55701 146079
55701 84993 146079
36094 60792 96667
96667 36094 60792
60792 36094 96667
126232 45201 102967
102967 45201 126232
45201 102967 126232
115872 15058 105754
15058 105754 115872
105754 15058 115872
17756 22431 135766
22431 17756 135766
135766 17756 22431
86310 102884 108624
102884 86310 108624
108624 86310 102884
131814 43852 135085
43852 131814 135085
135085 43852 131814
9479 19465 92253
19465 9479 92253
92253 9479 19465
40085 47776 128557
128557 40085 47776
47776 40085 128557
14260 64167 139094
64167 14260 139094
139094 14260 64167
58039 27944 74794
27944 58039 74794
74794 27944 58039
27492 5790 105842
5790 27492 105842
105842 5790 27492
71787 62316 115583
62316 71787 115583
115583 62316 71787
54750 74748 126819
74748 54750 126819
126819 54750 74748
79683 63251 141303
63251 79683 141303
141303 63251 79683
88666 23923 130675
130675 23923 88666
23923 88666 130675
49762 111634 135467
111634 49762 135467
135467 49762 111634
81202 25136 139426
139426 25136 81202
25136 81202 139426
96070 61021 82944
61021 82944 96070
82944 61021 96070
51580 80560 106672
106672 51580 80560
80560 51580 106672
58372 16812 65913
16812 58372 65913
65913 16812 58372
49785 50355 83453
50355 49785 83453
83453 49785 50355
149908 37550 79114
79114 37550 149908
37550 79114 149908
65335 11695 100114
100114 11695 65335
11695 65335 100114
57128 29150 31184
29150 31184 57128
31184 29150 57128
40570 90340 147273
147273 40570 90340
90340 40570 147273
68330 49143 62568
62568 49143 68330
49143 62568 68330
65063 106409 112948
106409 65063 112948
112948 65063 106409
121008 47756 146705
146705 47756 121008
47756 121008 146705
72958 48198 79870
79870 48198 72958
48198 72958 79870
129930 81548 134681
134681 81548 129930
81548 129930 134681
15403 23986 46629
46629 15403 23986
23986 15403 46629
120573 1866 75608
75608 1866 120573
1866 75608 120573
95655 28667 40430
40430 28667 95655
28667 40430 95655
56208 72992 113018
72992 56208 113018
113018 56208 72992
30759 16752 58245
16752 30759 58245
58245 16752 30759
89636 3354 60885
60885 3354 89636
3354 60885 89636
23863 49567 73933
73933 23863 49567
49567 23863 73933
99701 22265 104494
22265 99701 104494
104494 22265 99701
138039 105052 110787
110787 105052 138039
105052 110787 138039
59417 17452 125490
125490 17452 59417
17452 59417 125490
92241 86704 137998
86704 92241 137998
137998 86704 92241
74517 37575 81499
81499 37575 74517
37575 74517 81499
116184 75459 104877
104877 75459 116184
75459 104877 116184
70319 57092 131905
57092 70319 131905
131905 57092 70319
73211 45021 137769
