2581 11128 11326
11128 2581 11326
11326 2581 11128
12808 7616 14527
14527 7616 12808
7616 12808 14527
14607 5785 8608
5785 8608 14607
8608 5785 14607
14536 13930 14801
14801 13930 14536
13930 14536 14801
7132 1655 3475
3475 1655 7132
1655 3475 7132
2612 2739 7254
7254 2612 2739
2739 2612 7254
6349 6409 6879
6879 6349 6409
6409 6349 6879
5349 836 11272
11272 836 5349
836 5349 11272
1483 1785 12667
12667 1483 1785
1785 1483 12667
10434 6412 14982
14982 6412 10434
6412 10434 14982
11905 8261 9387
8261 9387 11905
9387 8261 11905
2367 738 4543
738 2367 4543
4543 738 2367
5464 1676 7214
7214 1676 5464
1676 5464 7214
13661 5705 14000
14000 5705 13661
5705 13661 14000
2417 2373 6589
6589 2373 2417
2373 2417 6589
9133 692 7239
7239 692 9133
692 7239 9133
2866 1842 2346
2346 1842 2866
1842 2346 2866
12750 10909 12730
12730 10909 12750
10909 12730 12750
9349 6285 14776
14776 6285 9349
6285 9349 14776
7709 4888 11606
4888 7709 11606
11606 4888 7709
4666 2516 5551
5551 2516 4666
2516 4666 5551
1038 2782 8979
8979 1038 2782
2782 1038 8979
4620 9069 11310
11310 4620 9069
9069 4620 11310
11228 1801 12813
12813 1801 11228
1801 11228 12813
8251 6618 13595
6618 8251 13595
13595 6618 8251
11781 8571 10137
8571 10137 11781
10137 8571 11781
14721 7993 9801
9801 7993 14721
7993 9801 14721
12062 1026 11366
1026 11366 12062
11366 1026 12062
12450 6764 8575
8575 6764 12450
6764 8575 12450
4573 13073 14964
14964 4573 13073
13073 4573 14964
8677 3501 8748
3501 8677 8748
8748 3501 8677
6550 5636 10913
5636 6550 10913
10913 5636 6550
2040 3992 14909
3992 2040 14909
14909 2040 3992
1531 353 13622
353 1531 13622
13622 353 1531
14521 6225 6991
6991 6225 14521
6225 6991 14521
14307 702 7169
702 7169 14307
7169 702 14307
3343 3889 12964
12964 3343 3889
3889 3343 12964
6704 2313 4388
2313 4388 6704
4388 2313 6704
2551 1453 14217
1453 2551 14217
14217 1453 2551
4042 4377 10371
4377 4042 10371
10371 4042 4377
1897 1417 7357
7357 1417 1897
1417 1897 7357
10669 3575 7682
7682 3575 10669
3575 7682 10669
12039 4679 12356
4679 12039 12356
12356 4679 12039
12163 1552 7205
1552 7205 12163
7205 1552 12163
2562 6692 9501
9501 2562 6692
6692 2562 9501
13114 1407 4653
4653 1407 13114
1407 4653 13114
13791 11287 11431
11431 11287 13791
11287 11431 13791
7270 1160 14655
1160 7270 14655
14655 1160 7270
1044 10204 11622
11622 1044 10204
10204 1044 11622
9421 4872 4875
4872 4875 9421
4875 4872 9421
9075 4099 4618
4099 4618 9075
4618 4099 9075
9523 10191 11618
10191 9523 11618
11618 9523 10191
2654 2437 10783
2437 2654 10783
10783 2437 2654
4558 788 10353
10353 788 4558
788 4558 10353
12718 4302 7581
7581 4302 12718
4302 7581 12718
10632 10074 12567
10074 10632 12567
12567 10074 10632
6694 9765 10998
9765 6694 10998
10998 6694 9765
6160 5994 11889
11889 5994 6160
5994 6160 11889
1849 9001 13598
13598 1849 9001
9001 1849 13598
10533 4662 12997
12997 4662 10533
4662 10533 12997
9311 229 6416
229 6416 9311
6416 229 9311
4661 5008 11414
5008 4661 11414
11414 4661 5008
7425 2253 12806
12806 2253 7425
2253 7425 12806
1190 7269 11494
11494 1190 7269
7269 1190 11494
12986 5531 13769
13769 5531 12986
5531 12986 13769
9810 2345 10984
2345 9810 10984
10984 2345 9810
1706 11891 13526
13526 1706 11891
11891 1706 13526
524 1837 13421
1837 524 13421
13421 524 1837
10593 11100 13405
11100 10593 13405
13405 10593 11100
13096 129 9683
9683 129 13096
129 9683 13096
12512 8747 10535
8747 10535 12512
10535 8747 12512
10359 395 11724
395 10359 11724
11724 395 10359
4990 8733 8914
8914 4990 8733
8733 4990 8914
10339 7426 11997
7426 10339 11997
11997 7426 10339
6161 9950 14546
9950 6161 14546
14546 6161 9950
4241 270 493
493 270 4241
270 493 4241
6023 7814 8010
7814 6023 8010
8010 6023 7814
6946 1201 4329
1201 4329 6946
4329 1201 6946
6184 2738 6841
6841 2738 6184
2738 6184 6841
1436 7453 14190
14190 1436 7453
7453 1436 14190
5739 5254 11720
11720 5254 5739
5254 5739 11720
8000 11972 13337
11972 8000 13337
13337 8000 11972
4175 10862 14762
10862 4175 14762
14762 4175 10862
6877 2153 4227
4227 2153 6877
2153 4227 6877
9556 477 13121
13121 477 9556
477 9556 13121
7912 4918 8307
8307 4918 7912
4918 7912 8307
8445 8375 10866
8375 8445 10866
10866 8375 8445
9681 1746 2230
1746 2230 9681
2230 1746 9681
7942 4424 6526
4424 6526 7942
6526 4424 7942
4107 12559 12737
12737 4107 12559
12559 4107 12737
3664 3636 6250
3636 3664 6250
6250 3636 3664
644 8499 13801
8499 644 13801
13801 644 8499
4274 4035 5122
5122 4035 4274
4035 4274 5122
13112 799 4022
4022 799 13112
799 4022 13112
12426 7935 9771
9771 7935 12426
7935 9771 12426
2520 1590 14917
1590 2520 14917
14917 1590 2520
8474 8093 10215
10215 8093 8474
8093 8474 10215
2123 488 4743
4743 488 2123
488 2123 4743
4800 10268 13807
10268 4800 13807
13807 4800 10268
13024 4574 7677
7677 4574 13024
4574 7677 13024
5886 5726 12531
12531 5726 5886
5726 5886 12531
2895 11790 13199
13199 2895 11790
11790 2895 13199
7133 3429 7718
7718 3429 7133
3429 7133 7718
2976 9651 11405
9651 2976 11405
11405 2976 9651
9735 3793 13610
13610 3793 9735
3793 9735 13610
4374 703 7267
703 4374 7267
7267 703 4374
1821 6039 8477
8477 1821 6039
6039 1821 8477
8417 3675 12238
12238 3675 8417
3675 8417 12238
3312 8175 13624
13624 3312 8175
8175 3312 13624
10004 9692 11056
11056 9692 10004
9692 10004 11056
6005 3453 14425
3453 6005 14425
14425 3453 6005
2569 14103 14654
14654 2569 14103
14103 2569 14654
9510 6197 14954
14954 6197 9510
6197 9510 14954
6756 754 7412
754 6756 7412
7412 754 6756
8364 2213 6087
2213 6087 8364
6087 2213 8364
9096 1820 2545
1820 2545 9096
2545 1820 9096
4704 5631 14890
14890 4704 5631
5631 4704 14890
11063 8890 10068
10068 8890 11063
8890 10068 11063
12349 5177 8912
8912 5177 12349
5177 8912 12349
899 2584 13507
2584 899 13507
13507 899 2584
7635 3959 8880
8880 3959 7635
3959 7635 8880
13578 1464 8783
1464 8783 13578
8783 1464 13578
13462 2232 13587
2232 13462 13587
13587 2232 13462
12232 2745 13860
13860 2745 12232
2745 12232 13860
73 4676 6771
4676 73 6771
6771 73 4676
7692 3247 5901
5901 3247 7692
3247 5901 7692
2390 4597 9888
9888 2390 4597
4597 2390 9888
173 4876 14989
4876 173 14989
14989 173 4876
3788 1114 9395
1114 3788 9395
9395 1114 3788
9788 1141 7559
7559 1141 9788
1141 7559 9788
10420 5766 6875
6875 5766 10420
5766 6875 10420
9767 755 2967
2967 755 9767
755 2967 9767
8596 10110 14431
14431 8596 10110
10110 8596 14431
14675 6876 7148
7148 6876 14675
6876 7148 14675
14121 3799 12849
12849 3799 14121
3799 12849 14121
506 6658 7539
7539 506 6658
6658 506 7539
6054 2135 10312
10312 2135 6054
2135 6054 10312
4386 8292 13987
13987 4386 8292
8292 4386 13987
7806 13360 14736
14736 7806 13360
13360 7806 14736
9379 1107 14666
1107 9379 14666
14666 1107 9379
768 1351 8623
8623 768 1351
1351 768 8623
14287 2267 6226
2267 6226 14287
6226 2267 14287
9868 6280 13256
6280 9868 13256
13256 6280 9868
3684 1001 8540
8540 1001 3684
1001 3684 8540
12698 5033 5089
5033 5089 12698
5089 5033 12698
5261 9820 14562
9820 5261 14562
14562 5261 9820
1724 3704 12606
12606 1724 3704
3704 1724 12606
13250 10606 11043
10606 11043 13250
11043 10606 13250
12850 3682 14594
3682 12850 14594
14594 3682 12850
1053 2735 6661
2735 1053 6661
6661 1053 2735
445 8171 11352
11352 445 8171
8171 445 11352
5611 8396 12916
8396 5611 12916
12916 5611 8396
9569 1340 13913
13913 1340 9569
1340 9569 13913
368 324 8361
324 368 8361
8361 324 368
13991 1516 2104
2104 1516 13991
1516 2104 13991
11756 983 7194
983 7194 11756
7194 983 11756
12176 1212 8976
8976 1212 12176
1212 8976 12176
14970 2487 10514
2487 10514 14970
10514 2487 14970
5206 3996 10789
10789 3996 5206
3996 5206 10789
11590 11121 14832
14832 11121 11590
11121 11590 14832
5763 6227 12021
6227 5763 12021
12021 5763 6227
12723 10621 12769
10621 12723 12769
12769 10621 12723
4506 10702 13692
13692 4506 10702
10702 4506 13692
8048 2353 5412
2353 5412 8048
5412 2353 8048
1596 2585 14764
2585 1596 14764
14764 1596 2585
2334 243 12350
12350 243 2334
243 2334 12350
614 7793 8054
8054 614 7793
7793 614 8054
14657 877 8644
8644 877 14657
877 8644 14657
12106 1902 10807
1902 10807 12106
10807 1902 12106
4757 7012 12710
12710 4757 7012
7012 4757 12710
2880 1947 6347
6347 1947 2880
1947 2880 6347
10150 1502 10071
1502 10071 10150
10071 1502 10150
6634 4687 4792
4687 4792 6634
4792 4687 6634
10293 672 4863
4863 672 10293
672 4863 10293
6551 7825 13392
7825 6551 13392
13392 6551 7825
12908 3326 5803
5803 3326 12908
3326 5803 12908
9504 3587 11185
11185 3587 9504
3587 9504 11185
2287 12948 14911
14911 2287 12948
12948 2287 14911
316 100 14567
100 316 14567
14567 100 316
7726 5117 8027
8027 5117 7726
5117 7726 8027
2503 2855 11932
2855 2503 11932
11932 2503 2855
5233 4814 7242
7242 4814 5233
4814 5233 7242
11107 2889 3283
2889 3283 11107
3283 2889 11107
9824 1584 9912
9912 1584 9824
1584 9824 9912
8050 4270 10947
10947 4270 8050
4270 8050 10947
105 6140 11256
6140 105 11256
11256 105 6140
11246 8002 11357
11357 8002 11246
8002 11246 11357
12982 812 2029
812 2029 12982
2029 812 12982
11493 4578 12717
12717 4578 11493
4578 11493 12717
1723 5287 10588
10588 1723 5287
5287 1723 10588
6185 3158 13259
3158 6185 13259
13259 3158 6185
7251 1949 12048
1949 7251 12048
12048 1949 7251
6987 329 10509
329 6987 10509
10509 329 6987
10234 2781 12249
2781 10234 12249
12249 2781 10234
9144 1734 8972
1734 8972 9144
8972 1734 9144
11087 6571 8447
6571 8447 11087
8447 6571 11087
1071 8531 14442
8531 1071 14442
14442 1071 8531
10538 3418 10931
10931 3418 10538
3418 10538 10931
8199 5736 10291
10291 5736 8199
5736 8199 10291
10980 11079 11581
11581 10980 11079
11079 10980 11581
10720 2386 14877
14877 2386 10720
2386 10720 14877
12826 837 7760
7760 837 12826
837 7760 12826
7476 2302 13953
13953 2302 7476
2302 7476 13953
3159 6540 12042
6540 3159 12042
12042 3159 6540
4408 5155 6728
5155 4408 6728
6728 4408 5155
4463 5480 12314
5480 4463 12314
12314 4463 5480
4675 2196 7488
7488 2196 4675
2196 4675 7488
6449 1959 11923
11923 1959 6449
1959 6449 11923
8232 5375 6968
6968 5375 8232
5375 6968 8232
14683 11963 13014
13014 11963 14683
11963 13014 14683
9105 2831 3445
3445 2831 9105
2831 3445 9105
6269 1685 11245
1685 6269 11245
11245 1685 6269
3504 6828 13215
6828 3504 13215
13215 3504 6828
1164 9996 11999
9996 1164 11999
11999 1164 9996
9116 2597 3481
2597 3481 9116
3481 2597 9116
7303 5377 7016
5377 7016 7303
7016 5377 7303
12093 1108 14360
14360 1108 12093
1108 12093 14360
8066 2960 14745
14745 2960 8066
2960 8066 14745
3627 3099 12705
12705 3099 3627
3099 3627 12705
10914 3044 12991
12991 3044 10914
3044 10914 12991
8196 207 13575
13575 207 8196
207 8196 13575
13201 7629 10679
10679 7629 13201
7629 10679 13201
1104 4763 13543
13543 1104 4763
4763 1104 13543
11091 1397 5369
5369 1397 11091
1397 5369 11091
13165 4716 10570
4716 10570 13165
10570 4716 13165
7676 6020 10537
6020 7676 10537
10537 6020 7676
6969 730 11831
730 6969 11831
11831 730 6969
14554 123 4086
123 4086 14554
4086 123 14554
7259 13148 14007
13148 7259 14007
14007 7259 13148
6678 4027 13964
13964 4027 6678
4027 6678 13964
5662 4060 9070
9070 4060 5662
4060 5662 9070
14992 7971 12776
7971 12776 14992
12776 7971 14992
2456 5354 13686
13686 2456 5354
5354 2456 13686
816 1035 8869
8869 816 1035
1035 816 8869
2559 630 8579
8579 630 2559
630 2559 8579
40 4860 10046
10046 40 4860
4860 40 10046
8231 5283 13938
13938 5283 8231
5283 8231 13938
3722 1894 4537
4537 1894 3722
1894 3722 4537
51 6664 8966
8966 51 6664
6664 51 8966
13833 4222 6663
4222 6663 13833
6663 4222 13833
11707 1589 10314
1589 10314 11707
10314 1589 11707
9619 847 1889
847 1889 9619
1889 847 9619
8399 409 902
409 902 8399
902 409 8399
191 845 6317
845 191 6317
6317 191 845
4029 7936 9702
7936 4029 9702
9702 4029 7936
12058 651 13105
13105 651 12058
651 12058 13105
14772 3781 13902
3781 13902 14772
13902 3781 14772
6057 3255 6671
3255 6057 6671
6671 3255 6057
6899 4884 11391
4884 6899 11391
11391 4884 6899
14171 4194 12570
4194 12570 14171
12570 4194 14171
12165 4 11820
4 11820 12165
11820 4 12165
12460 6902 12202
12202 6902 12460
6902 12202 12460
10200 5580 5950
5580 5950 10200
5950 5580 10200
13504 367 2897
367 2897 13504
2897 367 13504
13706 1301 7866
1301 7866 13706
7866 1301 13706
3741 864 11339
864 3741 11339
11339 864 3741
14959 1193 4723
4723 1193 14959
1193 4723 14959
11722 689 11175
689 11175 11722
11175 689 11722
12419 2537 6019
2537 6019 12419
6019 2537 12419
12555 12922 14358
14358 12555 12922
12922 12555 14358
1267 9848 10656
10656 1267 9848
9848 1267 10656
4488 4422 14637
4422 4488 14637
14637 4422 4488
12576 891 1388
1388 891 12576
891 1388 12576
2031 2282 2886
2282 2031 2886
2886 2031 2282
5181 1653 3337
3337 1653 5181
1653 3337 5181
7509 2667 4915
2667 4915 7509
4915 2667 7509
8510 7032 12906
7032 8510 12906
12906 7032 8510
3970 3215 10033
3215 3970 10033
10033 3215 3970
14135 3248 8940
3248 8940 14135
8940 3248 14135
11192 6389 13162
6389 11192 13162
13162 6389 11192
8185 9312 14279
9312 8185 14279
14279 8185 9312
4149 1990 10856
10856 1990 4149
1990 4149 10856
2473 351 5971
351 2473 5971
5971 351 2473
9774 3304 11896
11896 3304 9774
3304 9774 11896
1544 2902 4724
4724 1544 2902
2902 1544 4724
7632 2049 14662
2049 7632 14662
14662 2049 7632
9246 1088 5969
1088 5969 9246
5969 1088 9246
7743 7694 8412
7694 7743 8412
8412 7694 7743
13554 2571 8352
8352 2571 13554
2571 8352 13554
4032 10386 12885
12885 4032 10386
10386 4032 12885
13729 2257 7904
2257 7904 13729
7904 2257 13729
11920 6213 6552
6552 6213 11920
6213 6552 11920
7910 3648 6080
3648 6080 7910
6080 3648 7910
14899 474 12037
12037 474 14899
474 12037 14899
2159 8248 12246
8248 2159 12246
12246 2159 8248
1607 2553 9486
9486 1607 2553
2553 1607 9486
5795 3839 4417
3839 4417 5795
4417 3839 5795
12884 5368 7482
5368 7482 12884
7482 5368 12884
11879 4069 13690
4069 11879 13690
13690 4069 11879
6714 5032 10476
5032 6714 10476
10476 5032 6714
5581 5274 5404
5404 5274 5581
5274 5404 5581
6962 8598 13528
8598 6962 13528
13528 6962 8598
13540 8359 9398
9398 8359 13540
8359 9398 13540
6036 235 14338
14338 235 6036
235 6036 14338
5455 813 5374
813 5374 5455
5374 813 5455
11510 7915 14717
7915 11510 14717
14717 7915 11510
226 1692 4956
4956 226 1692
1692 226 4956
5702 1020 8096
1020 5702 8096
8096 1020 5702
9210 2433 14067
2433 9210 14067
14067 2433 9210
5190 2717 7056
7056 2717 5190
2717 5190 7056
10727 9307 10310
9307 10310 10727
10310 9307 10727
8875 6066 11951
11951 6066 8875
6066 8875 11951
10661 10709 13022
13022 10661 10709
10709 10661 13022
5931 664 7114
664 5931 7114
7114 664 5931
182 2731 12233
2731 182 12233
12233 182 2731
8918 5454 12584
12584 5454 8918
5454 8918 12584
10521 1891 3613
3613 1891 10521
1891 3613 10521
3832 5208 13334
13334 3832 5208
5208 3832 13334
8846 2845 10863
10863 2845 8846
2845 8846 10863
13614 6102 14280
14280 6102 13614
6102 13614 14280
3411 10414 13892
10414 3411 13892
13892 3411 10414
7443 2296 14294
14294 2296 7443
2296 7443 14294
4282 6155 10868
6155 4282 10868
10868 4282 6155
11967 2381 5626
5626 2381 11967
2381 5626 11967
7994 7556 13179
7556 7994 13179
13179 7556 7994
4311 3708 7875
7875 3708 4311
3708 4311 7875
10100 4256 6707
6707 4256 10100
4256 6707 10100
3499 2561 10519
2561 3499 10519
10519 2561 3499
14576 2114 8018
2114 8018 14576
8018 2114 14576
11356 4970 5093
5093 4970 11356
4970 5093 11356
7115 2446 13703
2446 7115 13703
13703 2446 7115
12285 6261 13887
13887 6261 12285
6261 12285 13887
8187 2981 11743
11743 2981 8187
2981 8187 11743
2526 2340 8074
8074 2340 2526
2340 2526 8074
8578 5458 12324
12324 5458 8578
5458 8578 12324
10440 8567 11653
8567 10440 11653
11653 8567 10440
10453 3449 9059
3449 9059 10453
9059 3449 10453
2929 3536 3794
3536 2929 3794
3794 2929 3536
10520 5833 5932
5932 5833 10520
5833 5932 10520
1639 3940 12965
3940 1639 12965
12965 1639 3940
4066 2949 10289
2949 4066 10289
10289 2949 4066
5723 6883 10340
10340 5723 6883
6883 5723 10340
14210 4867 9929
9929 4867 14210
4867 9929 14210
1049 5598 6913
6913 1049 5598
5598 1049 6913
380 3275 10985
3275 380 10985
10985 380 3275
10253 4865 4885
4885 4865 10253
4865 4885 10253
5488 950 14687
950 5488 14687
14687 950 5488
5011 8063 10156
8063 5011 10156
10156 5011 8063
2842 5630 13647
5630 2842 13647
13647 2842 5630
7702 2368 6960
6960 2368 7702
2368 6960 7702
7988 1428 12330
1428 7988 12330
12330 1428 7988
1266 6808 11283
11283 1266 6808
6808 1266 11283
1481 11531 13072
11531 1481 13072
13072 1481 11531
13270 2536 7991
2536 7991 13270
7991 2536 13270
3702 7685 11709
7685 3702 11709
11709 3702 7685
8309 10805 14752
10805 8309 14752
14752 8309 10805
12422 1057 12768
12768 1057 12422
1057 12422 12768
1865 2182 4109
2182 1865 4109
4109 1865 2182
10698 11169 11748
11748 10698 11169
11169 10698 11748
13402 9911 11786
9911 11786 13402
11786 9911 13402
12693 4781 12040
12040 4781 12693
4781 12040 12693
2293 9545 9797
9797 2293 9545
9545 2293 9797
7847 294 3591
3591 294 7847
294 3591 7847
11638 5589 10734
5589 10734 11638
10734 5589 11638
10235 110 12383
110 10235 12383
12383 110 10235
7958 3983 14495
14495 3983 7958
3983 7958 14495
8551 7427 8514
7427 8514 8551
8514 7427 8551
14309 11072 14100
14100 11072 14309
11072 14100 14309
12348 4500 14379
4500 12348 14379
14379 4500 12348
3811 2860 9047
9047 2860 3811
2860 3811 9047
10962 2247 13756
2247 10962 13756
13756 2247 10962
1404 7162 14563
14563 1404 7162
7162 1404 14563
6292 1799 8442
1799 6292 8442
8442 1799 6292
14223 4012 7039
7039 4012 14223
4012 7039 14223
440 7139 11221
11221 440 7139
7139 440 11221
9129 144 6813
6813 144 9129
144 6813 9129
14281 1423 7929
1423 7929 14281
7929 1423 14281
2392 9675 12581
12581 2392 9675
9675 2392 12581
9787 2485 6754
2485 6754 9787
6754 2485 9787
2410 1508 10828
1508 2410 10828
10828 1508 2410
2140 8647 14480
8647 2140 14480
14480 2140 8647
1870 4818 13519
4818 1870 13519
13519 1870 4818
6290 4680 13496
4680 6290 13496
13496 4680 6290
5063 122 2650
2650 122 5063
122 2650 5063
9531 2656 9081
2656 9081 9531
9081 2656 9531
3167 561 13843
561 3167 13843
13843 561 3167
4049 4423 14822
14822 4049 4423
4423 4049 14822
1696 6880 9040
6880 1696 9040
9040 1696 6880
11229 953 13260
953 11229 13260
13260 953 11229
4788 148 1671
1671 148 4788
148 1671 4788
10716 3606 5668
3606 5668 10716
5668 3606 10716
5485 6244 14019
6244 5485 14019
14019 5485 6244
13015 1527 12568
1527 12568 13015
12568 1527 13015
12392 2332 5954
2332 5954 12392
5954 2332 12392
1828 5492 5988
5492 1828 5988
5988 1828 5492
2578 25 12736
25 2578 12736
12736 25 2578
13456 5587 12116
12116 5587 13456
5587 12116 13456
9909 4221 10614
4221 9909 10614
10614 4221 9909
11330 942 5130
5130 942 11330
942 5130 11330
6773 4853 14133
4853 6773 14133
14133 4853 6773
8491 1703 9825
1703 8491 9825
9825 1703 8491
10802 6711 6798
6711 6798 10802
6798 6711 10802
10345 4223 11576
4223 10345 11576
11576 4223 10345
2216 2818 3734
3734 2216 2818
2818 2216 3734
4541 3269 4683
3269 4541 4683
4683 3269 4541
10930 1772 5463
1772 5463 10930
5463 1772 10930
2481 6666 7705
7705 2481 6666
6666 2481 7705
161 5067 6246
5067 161 6246
6246 161 5067
6952 1294 8498
8498 1294 6952
1294 6952 8498
12097 220 467
220 467 12097
467 220 12097
2074 4973 6309
4973 2074 6309
6309 2074 4973
7071 9608 12347
12347 7071 9608
9608 7071 12347
1259 3537 14504
14504 1259 3537
3537 1259 14504
11960 171 7083
7083 171 11960
171 7083 11960
10011 1811 9839
1811 9839 10011
9839 1811 10011
4127 5567 6219
5567 4127 6219
6219 4127 5567
3951 641 998
641 998 3951
998 641 3951
13070 6971 12214
6971 12214 13070
12214 6971 13070
7051 967 12259
12259 967 7051
967 7051 12259
13952 1248 14817
1248 13952 14817
14817 1248 13952
9892 1342 8145
8145 1342 9892
1342 8145 9892
12812 4432 12566
4432 12566 12812
12566 4432 12812
5908 3856 11713
3856 5908 11713
11713 3856 5908
1564 8749 10442
8749 1564 10442
10442 1564 8749
2211 1979 12316
12316 1979 2211
1979 2211 12316
6380 1451 4466
4466 1451 6380
1451 4466 6380
7633 1329 8955
1329 7633 8955
8955 1329 7633
13565 5603 13068
5603 13068 13565
13068 5603 13565
12439 9970 13102
9970 12439 13102
13102 9970 12439
3261 1956 5594
5594 1956 3261
1956 3261 5594
13444 5189 12445
5189 12445 13444
12445 5189 13444
1879 1293 13919
1293 1879 13919
13919 1293 1879
6561 2411 14346
14346 2411 6561
2411 6561 14346
1642 8779 14313
8779 1642 14313
14313 1642 8779
725 7982 12461
12461 725 7982
7982 725 12461
3844 2807 3347
2807 3347 3844
3347 2807 3844
3890 3161 7370
7370 3161 3890
3161 3890 7370
4394 6777 13175
13175 4394 6777
6777 4394 13175
2500 2986 6353
2986 2500 6353
6353 2500 2986
8323 10940 11769
11769 8323 10940
10940 8323 11769
11457 7163 7567
7163 7567 11457
7567 7163 11457
4345 1395 7250
7250 1395 4345
1395 4345 7250
12539 3997 6881
6881 3997 12539
3997 6881 12539
2397 3477 6935
6935 2397 3477
3477 2397 6935
13343 9922 13999
13999 9922 13343
9922 13343 13999
5020 5339 11631
5339 5020 11631
11631 5020 5339
8560 6260 14167
6260 8560 14167
14167 6260 8560
7521 11828 12146
12146 7521 11828
11828 7521 12146
3217 11292 12585
12585 3217 11292
11292 3217 12585
1549 7878 10245
10245 1549 7878
7878 1549 10245
11210 3881 10811
10811 3881 11210
3881 10811 11210
9546 760 6407
6407 760 9546
760 6407 9546
1391 4438 9986
4438 1391 9986
9986 1391 4438
4010 888 11402
11402 888 4010
888 4010 11402
5381 2083 9058
9058 2083 5381
2083 5381 9058
8085 6534 14787
6534 8085 14787
14787 6534 8085
13086 2122 13124
2122 13086 13124
13124 2122 13086
3011 2978 9460
9460 2978 3011
2978 3011 9460
1275 5858 7158
5858 1275 7158
7158 1275 5858
14438 2370 14111
14111 2370 14438
2370 14111 14438
12929 2484 14568
2484 12929 14568
14568 2484 12929
10094 7331 13623
13623 7331 10094
7331 10094 13623
11045 2538 5489
5489 2538 11045
2538 5489 11045
756 67 2850
2850 67 756
67 756 2850
13166 1429 11030
1429 11030 13166
11030 1429 13166
14239 3939 7665
3939 7665 14239
7665 3939 14239
12462 11607 14608
11607 12462 14608
14608 11607 12462
1480 2474 14809
2474 1480 14809
14809 1480 2474
1138 7380 11263
7380 1138 11263
11263 1138 7380
10921 6688 8215
6688 8215 10921
8215 6688 10921
2980 1356 2042
1356 2042 2980
2042 1356 2980
2639 987 2283
987 2283 2639
2283 987 2639
2566 5329 9285
5329 2566 9285
9285 2566 5329
2233 952 12809
952 2233 12809
12809 952 2233
4462 5225 9977
5225 4462 9977
9977 4462 5225
5288 5728 10062
10062 5288 5728
5728 5288 10062
6423 5922 7405
5922 6423 7405
7405 5922 6423
13581 934 10763
10763 934 13581
934 10763 13581
8840 11103 12335
11103 8840 12335
12335 8840 11103
3460 1426 8216
1426 3460 8216
8216 1426 3460
5284 2869 9418
2869 5284 9418
9418 2869 5284
22 14531 14961
14531 22 14961
14961 22 14531
13316 2923 3824
2923 3824 13316
3824 2923 13316
9400 3195 7670
3195 7670 9400
7670 3195 9400
4969 6088 10201
6088 4969 10201
10201 4969 6088
10958 827 11847
827 10958 11847
11847 827 10958
3773 6345 10718
6345 3773 10718
10718 3773 6345
618 3802 10089
10089 618 3802
3802 618 10089
8233 7479 8906
7479 8233 8906
8906 7479 8233
13665 12234 14139
14139 12234 13665
12234 13665 14139
11726 1017 12979
12979 1017 11726
1017 11726 12979
4370 528 8115
8115 528 4370
528 4370 8115
8897 12332 14951
12332 8897 14951
14951 8897 12332
8950 4681 12360
12360 4681 8950
4681 8950 12360
1243 1468 2219
2219 1243 1468
1468 1243 2219
5744 4740 9635
4740 5744 9635
9635 4740 5744
13459 9383 12278
9383 12278 13459
12278 9383 13459
13753 1794 10814
1794 10814 13753
10814 1794 13753
4038 9716 11069
9716 4038 11069
11069 4038 9716
13949 2362 6908
6908 2362 13949
2362 6908 13949
8214 325 10044
325 8214 10044
10044 325 8214
10784 6463 7712
7712 6463 10784
6463 7712 10784
7042 5882 14132
5882 7042 14132
14132 5882 7042
1525 637 10841
10841 637 1525
637 1525 10841
9852 6167 9426
9426 6167 9852
6167 9426 9852
13493 3274 4047
4047 3274 13493
3274 4047 13493
14047 9098 14799
14799 9098 14047
9098 14047 14799
1863 1165 11804
11804 1165 1863
1165 1863 11804
6265 443 7600
443 6265 7600
7600 443 6265
5270 1422 8941
1422 5270 8941
8941 1422 5270
3302 5468 14945
14945 3302 5468
5468 3302 14945
2614 1036 4383
1036 2614 4383
4383 1036 2614
7611 4459 11665
11665 4459 7611
4459 7611 11665
2495 6018 9830
9830 2495 6018
6018 2495 9830
508 1477 7507
7507 508 1477
1477 508 7507
9592 669 4119
669 4119 9592
4119 669 9592
2043 5501 8919
5501 2043 8919
8919 2043 5501
7220 5540 6425
5540 6425 7220
6425 5540 7220
2265 4714 14362
14362 2265 4714
4714 2265 14362
5619 2447 10957
10957 2447 5619
2447 5619 10957
14340 3920 14647
3920 14340 14647
14647 3920 14340
688 146 8370
8370 146 688
146 688 8370
9847 267 1807
1807 267 9847
267 1807 9847
10217 5428 9858
5428 9858 10217
9858 5428 10217
1073 7964 11398
7964 1073 11398
11398 1073 7964
9471 3508 12933
12933 3508 9471
3508 9471 12933
7800 7013 11661
7013 7800 11661
11661 7013 7800
13868 1387 12033
1387 12033 13868
12033 1387 13868
14423 7178 13136
13136 7178 14423
7178 13136 14423
11759 4593 8788
4593 8788 11759
8788 4593 11759
10225 9135 10602
10602 9135 10225
9135 10225 10602
7627 2465 11701
11701 2465 7627
2465 7627 11701
5280 2741 8794
2741 5280 8794
8794 2741 5280
2201 2294 4308
2294 2201 4308
4308 2201 2294
12529 9953 13500
9953 12529 13500
13500 9953 12529
11595 7170 13641
13641 7170 11595
7170 11595 13641
626 10116 14334
10116 626 14334
14334 626 10116
10432 13120 14885
14885 10432 13120
13120 10432 14885
12530 3822 7109
7109 3822 12530
3822 7109 12530
5236 13034 14251
13034 5236 14251
14251 5236 13034
14040 7497 13621
13621 7497 14040
7497 13621 14040
13380 11855 14743
11855 13380 14743
14743 11855 13380
4546 3549 13318
3549 4546 13318
13318 3549 4546
5316 11319 13685
11319 5316 13685
13685 5316 11319
3339 1541 6010
1541 3339 6010
6010 1541 3339
4652 5677 5876
5677 4652 5876
5876 4652 5677
11501 103 13168
13168 103 11501
103 11501 13168
13763 2054 12898
2054 12898 13763
12898 2054 13763
13465 4633 11239
4633 11239 13465
11239 4633 13465
7125 6016 9407
9407 6016 7125
6016 7125 9407
10480 3550 6925
3550 6925 10480
6925 3550 10480
10840 6103 14278
6103 10840 14278
14278 6103 10840
14973 9689 12194
9689 12194 14973
12194 9689 14973
11280 965 1867
965 1867 11280
1867 965 11280
11083 1118 9691
1118 9691 11083
9691 1118 11083
5773 10472 10496
10496 5773 10472
10472 5773 10496
160 4778 6818
4778 160 6818
6818 160 4778
1934 11375 11887
11887 1934 11375
11375 1934 11887
3407 1195 7832
7832 1195 3407
1195 3407 7832
11371 5023 8380
8380 5023 11371
5023 8380 11371
3815 4929 9176
4929 3815 9176
9176 3815 4929
6765 1362 14008
1362 6765 14008
14008 1362 6765
11284 13232 13522
13232 11284 13522
13522 11284 13232
4811 1981 5676
5676 1981 4811
1981 4811 5676
5698 2560 3633
2560 3633 5698
3633 2560 5698
6776 12429 14599
14599 6776 12429
12429 6776 14599
1577 8021 11574
11574 1577 8021
8021 1577 11574
4855 4030 13494
13494 4030 4855
4030 4855 13494
7437 10986 12180
10986 7437 12180
12180 7437 10986
11684 49 4318
49 4318 11684
4318 49 11684
10823 9357 11815
9357 10823 11815
11815 9357 10823
898 4324 13826
4324 898 13826
13826 898 4324
6546 7738 11355
11355 6546 7738
7738 6546 11355
10949 4350 8059
8059 4350 10949
4350 8059 10949
4835 4228 12394
4228 4835 12394
12394 4228 4835
580 255 10029
255 580 10029
10029 255 580
12516 6381 11386
6381 11386 12516
11386 6381 12516
11629 393 10637
393 10637 11629
10637 393 11629
4817 5129 14383
14383 4817 5129
5129 4817 14383
2785 1767 12716
12716 1767 2785
1767 2785 12716
12510 4129 5808
4129 5808 12510
5808 4129 12510
793 4135 14380
4135 793 14380
14380 793 4135
2080 1533 13323
1533 2080 13323
13323 1533 2080
8833 4439 14430
4439 8833 14430
14430 4439 8833
11285 1789 5022
1789 5022 11285
5022 1789 11285
9184 8139 10970
10970 8139 9184
8139 9184 10970
3281 2685 8365
2685 3281 8365
8365 2685 3281
8337 10031 11585
10031 8337 11585
11585 8337 10031
9469 5539 7312
7312 5539 9469
5539 7312 9469
10303 496 4205
4205 496 10303
496 4205 10303
12318 3458 5672
5672 3458 12318
3458 5672 12318
518 601 8923
8923 518 601
601 518 8923
10849 786 1678
786 1678 10849
1678 786 10849
7505 4752 8444
4752 7505 8444
8444 4752 7505
1743 7260 12069
12069 1743 7260
7260 1743 12069
5237 164 14590
164 5237 14590
14590 164 5237
11170 2281 11700
2281 11170 11700
11700 2281 11170
12250 10295 12480
12480 10295 12250
10295 12250 12480
5817 9039 9613
9039 5817 9613
9613 5817 9039
14252 6955 14326
6955 14252 14326
14326 6955 14252
482 2284 9753
2284 482 9753
9753 482 2284
3838 5420 7188
5420 3838 7188
7188 3838 5420
9759 5845 14807
5845 9759 14807
14807 5845 9759
13844 457 4944
4944 457 13844
457 4944 13844
10183 2001 3720
2001 3720 10183
3720 2001 10183
2715 1765 4013
1765 2715 4013
4013 1765 2715
11296 3065 13512
3065 11296 13512
13512 3065 11296
6011 1555 7608
7608 1555 6011
1555 6011 7608
10300 4177 10153
10153 4177 10300
4177 10153 10300
12522 10973 13940
10973 12522 13940
13940 10973 12522
9464 568 6716
568 6716 9464
6716 568 9464
6972 2236 7317
2236 6972 7317
7317 2236 6972
6673 10222 10536
10222 6673 10536
10536 6673 10222
12481 334 6611
6611 334 12481
334 6611 12481
9102 41 980
41 980 9102
980 41 9102
7807 35 9845
9845 35 7807
35 7807 9845
5217 10165 11376
10165 5217 11376
11376 5217 10165
5272 7311 7948
7948 5272 7311
7311 5272 7948
6076 7240 9346
9346 6076 7240
7240 6076 9346
10066 5376 12479
12479 5376 10066
5376 10066 12479
9156 775 12879
775 9156 12879
12879 775 9156
10565 9981 14108
9981 10565 14108
14108 9981 10565
11750 4161 14350
14350 4161 11750
4161 11750 14350
1056 183 3855
3855 183 1056
183 1056 3855
9019 1779 7421
7421 1779 9019
1779 7421 9019
2425 2192 10951
2192 2425 10951
10951 2192 2425
4041 2168 5917
2168 4041 5917
5917 2168 4041
14166 4547 10839
4547 10839 14166
10839 4547 14166
9725 3984 14098
14098 3984 9725
3984 9725 14098
8490 6456 12858
12858 6456 8490
6456 8490 12858
2772 2643 3607
3607 2643 2772
2643 2772 3607
10487 6600 8600
6600 8600 10487
8600 6600 10487
804 11468 13557
11468 804 13557
13557 804 11468
5282 7362 13765
7362 5282 13765
13765 5282 7362
12646 5606 9570
5606 9570 12646
9570 5606 12646
3787 2768 9881
2768 3787 9881
9881 2768 3787
13867 442 9555
442 9555 13867
9555 442 13867
3053 6084 10999
10999 3053 6084
6084 3053 10999
6568 7974 13107
13107 6568 7974
7974 6568 13107
11093 5577 11927
11927 5577 11093
5577 11093 11927
9812 14820 14897
14820 9812 14897
14897 9812 14820
14866 11273 11396
11273 11396 14866
11396 11273 14866
13122 248 6857
6857 248 13122
248 6857 13122
9126 8229 13239
13239 8229 9126
8229 9126 13239
4760 4336 12489
4336 4760 12489
12489 4336 4760
10157 1980 5100
5100 1980 10157
1980 5100 10157
3039 3067 6109
3067 3039 6109
6109 3039 3067
11450 3394 10382
10382 3394 11450
3394 10382 11450
12240 8117 9915
9915 8117 12240
8117 9915 12240
9050 5583 9594
9594 5583 9050
5583 9050 9594
2445 4436 7919
4436 2445 7919
7919 2445 4436
14099 5751 11158
5751 11158 14099
11158 5751 14099
9213 9580 11773
11773 9213 9580
9580 9213 11773
731 8265 14366
8265 731 14366
14366 731 8265
10024 397 10132
397 10024 10132
10132 397 10024
10663 2894 5926
2894 5926 10663
5926 2894 10663
11704 1818 12011
1818 11704 12011
12011 1818 11704
10974 7211 14781
7211 10974 14781
14781 7211 10974
9673 106 7818
7818 106 9673
106 7818 9673
1083 11015 14733
11015 1083 14733
14733 1083 11015
2330 3121 8893
3121 2330 8893
8893 2330 3121
10447 9822 10726
10726 9822 10447
9822 10447 10726
147 7420 7537
7537 147 7420
7420 147 7537
3127 8695 10115
10115 3127 8695
8695 3127 10115
11712 1996 10712
10712 1996 11712
1996 10712 11712
38 1080 9499
9499 38 1080
1080 38 9499
6249 5924 9117
5924 6249 9117
9117 5924 6249
7713 9876 13942
9876 7713 13942
13942 7713 9876
5373 1166 1330
1166 1330 5373
1330 1166 5373
11827 2724 7383
7383 2724 11827
2724 7383 11827
6143 3578 10357
10357 3578 6143
3578 6143 10357
2347 3344 3629
3629 2347 3344
3344 2347 3629
8240 1314 2674
2674 1314 8240
1314 2674 8240
1103 7029 10186
10186 1103 7029
7029 1103 10186
13977 2090 12756
12756 2090 13977
2090 12756 13977
2603 2070 11886
11886 2070 2603
2070 2603 11886
10990 3943 11636
3943 10990 11636
11636 3943 10990
9310 5596 14987
5596 9310 14987
14987 5596 9310
13315 389 9526
389 9526 13315
9526 389 13315
8315 8706 13453
8706 8315 13453
13453 8315 8706
7232 2557 4421
4421 2557 7232
2557 4421 7232
13455 2867 13820
2867 13455 13820
13820 2867 13455
8756 8044 9037
9037 8044 8756
8044 8756 9037
11909 3987 4819
3987 4819 11909
4819 3987 11909
233 11062 12925
12925 233 11062
11062 233 12925
8377 10396 10948
10948 8377 10396
10396 8377 10948
6028 8112 11321
11321 6028 8112
8112 6028 11321
503 3058 3678
3678 503 3058
3058 503 3678
13142 4726 12111
4726 12111 13142
12111 4726 13142
10401 4212 11568
11568 4212 10401
4212 10401 11568
5332 2574 6476
2574 5332 6476
6476 2574 5332
4112 3096 11154
3096 4112 11154
11154 3096 4112
7054 8835 11617
8835 7054 11617
11617 7054 8835
3791 1254 3245
1254 3245 3791
3245 1254 3791
3214 6414 11215
6414 3214 11215
11215 3214 6414
7925 10484 10929
10484 7925 10929
10929 7925 10484
3118 8717 14129
8717 3118 14129
14129 3118 8717
9306 7777 13094
7777 9306 13094
13094 7777 9306
6083 2286 10035
2286 6083 10035
10035 2286 6083
13029 1810 12425
12425 1810 13029
1810 12425 13029
12648 3126 13771
3126 12648 13771
13771 3126 12648
12485 3907 11047
3907 11047 12485
11047 3907 12485
5302 1551 5215
1551 5215 5302
5215 1551 5302
653 4249 4435
4249 653 4435
4435 653 4249
4732 6859 12019
12019 4732 6859
6859 4732 12019
14450 2809 9809
9809 2809 14450
2809 9809 14450
570 2047 4447
2047 570 4447
4447 570 2047
6411 8792 12535
12535 6411 8792
8792 6411 12535
12877 1292 3487
1292 3487 12877
3487 1292 12877
5445 3431 9120
3431 5445 9120
9120 3431 5445
4942 9414 14472
14472 4942 9414
9414 4942 14472
10751 5742 8258
8258 5742 10751
5742 8258 10751
13567 6742 11092
11092 6742 13567
6742 11092 13567
3145 2063 3705
2063 3145 3705
3705 2063 3145
1572 11378 13429
13429 1572 11378
11378 1572 13429
5268 547 9187
9187 547 5268
547 5268 9187
14147 10587 14301
14301 10587 14147
10587 14147 14301
9935 5007 14819
14819 5007 9935
5007 9935 14819
7099 4829 14598
4829 7099 14598
14598 4829 7099
4461 13044 13366
13366 4461 13044
13044 4461 13366
2995 1462 8817
8817 1462 2995
1462 2995 8817
12610 10038 11474
10038 11474 12610
11474 10038 12610
2101 3289 8820
3289 2101 8820
8820 2101 3289
12853 431 789
431 789 12853
789 431 12853
7604 2833 11866
11866 2833 7604
2833 7604 11866
2524 4630 13030
13030 2524 4630
4630 2524 13030
14811 5879 12113
12113 5879 14811
5879 12113 14811
9804 4487 11003
4487 9804 11003
11003 4487 9804
11757 562 1149
1149 562 11757
562 1149 11757
6768 3762 4465
3762 4465 6768
4465 3762 6768
1111 3701 6457
3701 1111 6457
6457 1111 3701
10247 422 6609
422 6609 10247
6609 422 10247
8130 4540 12573
12573 4540 8130
4540 8130 12573
4513 5659 7035
5659 4513 7035
7035 4513 5659
14559 10895 11621
10895 11621 14559
11621 10895 14559
2734 9664 13083
13083 2734 9664
9664 2734 13083
5987 2695 10742
2695 5987 10742
10742 2695 5987
11970 8819 12669
8819 11970 12669
12669 8819 11970
11120 3384 12871
3384 11120 12871
12871 3384 11120
10539 2657 13059
13059 2657 10539
2657 10539 13059
13454 2583 4673
4673 2583 13454
2583 4673 13454
9719 10650 13971
13971 9719 10650
10650 9719 13971
6647 9489 11530
9489 6647 11530
11530 6647 9489
2680 4269 4642
4642 2680 4269
4269 2680 4642
4298 9332 10131
10131 4298 9332
9332 4298 10131
1421 2209 5863
2209 1421 5863
5863 1421 2209
13988 4352 6194
6194 4352 13988
4352 6194 13988
5134 884 8291
884 5134 8291
8291 884 5134
14193 1324 13603
13603 1324 14193
1324 13603 14193
6034 8853 9751
8853 6034 9751
9751 6034 8853
5569 6315 10394
10394 5569 6315
6315 5569 10394
7859 1413 9004
9004 1413 7859
1413 7859 9004
8479 4748 9548
4748 8479 9548
9548 4748 8479
9648 2290 8818
8818 2290 9648
2290 8818 9648
12302 12251 14710
12251 12302 14710
14710 12251 12302
564 658 4468
658 564 4468
4468 564 658
1968 6356 11856
11856 1968 6356
6356 1968 11856
5707 6592 9583
9583 5707 6592
6592 5707 9583
2045 3518 14898
14898 2045 3518
3518 2045 14898
10760 11131 14137
11131 10760 14137
14137 10760 11131
10445 4174 12956
4174 10445 12956
12956 4174 10445
12379 2996 8971
8971 2996 12379
2996 8971 12379
14199 481 8346
481 8346 14199
8346 481 14199
6524 5068 11110
11110 5068 6524
5068 6524 11110
4403 2532 9274
2532 4403 9274
9274 2532 4403
13249 4307 7336
4307 7336 13249
7336 4307 13249
8083 5860 13884
13884 5860 8083
5860 8083 13884
2548 1228 2157
1228 2157 2548
2157 1228 2548
2242 12836 14862
14862 2242 12836
12836 2242 14862
6207 4172 10646
4172 6207 10646
10646 4172 6207
1297 545 7512
7512 545 1297
545 1297 7512
13139 6824 14395
6824 13139 14395
14395 6824 13139
1598 13463 14483
14483 1598 13463
13463 1598 14483
3266 3621 9907
3621 3266 9907
9907 3266 3621
3841 8102 13006
13006 3841 8102
8102 3841 13006
13866 10161 12618
12618 10161 13866
10161 12618 13866
6687 5503 13885
13885 5503 6687
5503 6687 13885
4372 10025 10380
10025 4372 10380
10380 4372 10025
1814 27 12720
27 1814 12720
12720 27 1814
7019 8601 11613
8601 7019 11613
11613 7019 8601
734 3944 13503
13503 734 3944
3944 734 13503
11441 7922 11646
11646 7922 11441
7922 11441 11646
3048 4534 10341
4534 3048 10341
10341 3048 4534
8228 2220 14732
14732 2220 8228
2220 8228 14732
5525 2669 14922
14922 2669 5525
2669 5525 14922
8493 8911 11553
8911 8493 11553
11553 8493 8911
6743 1137 3688
1137 3688 6743
3688 1137 6743
3128 11011 12582
12582 3128 11011
11011 3128 12582
2169 947 10265
10265 947 2169
947 2169 10265
13495 11236 12600
12600 11236 13495
11236 12600 13495
381 9314 10499
9314 381 10499
10499 381 9314
7767 2519 3980
2519 3980 7767
3980 2519 7767
2830 450 8152
8152 450 2830
450 2830 8152
14258 3136 4150
3136 4150 14258
4150 3136 14258
10311 9062 10373
9062 10311 10373
10373 9062 10311
4881 2687 8669
2687 4881 8669
8669 2687 4881
2342 6942 9993
9993 2342 6942
6942 2342 9993
13739 7876 11718
7876 11718 13739
11718 7876 13739
4878 1587 6136
1587 4878 6136
6136 1587 4878
14842 4251 5892
5892 4251 14842
4251 5892 14842
5538 84 5365
84 5365 5538
5365 84 5538
2890 7926 14013
7926 2890 14013
14013 2890 7926
14694 5840 11854
5840 11854 14694
11854 5840 14694
7463 6364 11740
6364 7463 11740
11740 6364 7463
5199 2299 12704
2299 5199 12704
12704 2299 5199
13052 196 5543
196 5543 13052
5543 196 13052
13184 3697 11247
11247 3697 13184
3697 11247 13184
4385 1739 13731
1739 4385 13731
13731 1739 4385
11465 11306 13470
13470 11306 11465
11306 11465 13470
10168 2026 6514
6514 2026 10168
2026 6514 10168
4843 3426 6565
6565 3426 4843
3426 4843 6565
11060 11749 13245
13245 11060 11749
11749 11060 13245
12520 1240 10847
1240 10847 12520
10847 1240 12520
11394 6442 8030
6442 8030 11394
8030 6442 11394
560 111 12122
111 560 12122
12122 111 560
8519 1880 7753
1880 7753 8519
7753 1880 8519
5180 1196 3952
3952 1196 5180
1196 3952 5180
2113 1752 3249
3249 1752 2113
1752 2113 3249
9927 818 12839
12839 818 9927
818 9927 12839
12945 1547 2856
2856 1547 12945
1547 2856 12945
13322 1179 4935
4935 1179 13322
1179 4935 13322
13948 5504 8967
8967 5504 13948
5504 8967 13948
2005 2888 6837
6837 2005 2888
2888 2005 6837
11496 4987 9344
4987 9344 11496
9344 4987 11496
10416 1024 8682
1024 8682 10416
8682 1024 10416
8238 1321 14782
1321 8238 14782
14782 1321 8238
12532 720 10017
10017 720 12532
720 10017 12532
4965 2354 5741
5741 2354 4965
2354 4965 5741
10166 3553 9540
3553 9540 10166
9540 3553 10166
13288 4335 10972
10972 4335 13288
4335 10972 13288
4028 8148 10349
10349 4028 8148
8148 4028 10349
1972 4917 5951
5951 1972 4917
4917 1972 5951
10124 3752 14526
3752 10124 14526
14526 3752 10124
12149 212 12766
12766 212 12149
212 12149 12766
3203 4528 13132
13132 3203 4528
4528 3203 13132
12115 350 1931
350 1931 12115
1931 350 12115
14938 8860 9073
8860 9073 14938
9073 8860 14938
14751 2165 6492
6492 2165 14751
2165 6492 14751
4862 7287 7650
7287 4862 7650
7650 4862 7287
12944 1662 9677
9677 1662 12944
1662 9677 12944
13386 8828 13745
8828 13386 13745
13745 8828 13386
4736 5391 8259
8259 4736 5391
5391 4736 8259
5290 9966 11109
9966 5290 11109
11109 5290 9966
11478 12683 13962
13962 11478 12683
12683 11478 13962
9597 4291 4941
4941 4291 9597
4291 4941 9597
5424 4750 9473
9473 4750 5424
4750 5424 9473
14245 4253 12057
4253 12057 14245
12057 4253 14245
3913 6751 12409
6751 3913 12409
12409 3913 6751
13874 4004 9437
9437 4004 13874
4004 9437 13874
14690 1234 5436
1234 5436 14690
5436 1234 14690
7243 2758 2791
2758 2791 7243
2791 2758 7243
1707 14225 14482
14225 1707 14482
14482 1707 14225
14571 4397 5202
5202 4397 14571
4397 5202 14571
11958 6170 7671
7671 6170 11958
