56793 59493 110645
59493 56793 110645
110645 56793 59493
10382 42212 133335
133335 10382 42212
42212 10382 133335
116197 21898 96860
96860 21898 116197
21898 96860 116197
128095 34612 145221
145221 34612 128095
34612 128095 145221
61082 51063 63862
63862 51063 61082
51063 61082 63862
131333 91028 126671
91028 126671 131333
126671 91028 131333
139498 53359 149929
149929 53359 139498
53359 139498 149929
80664 99350 142888
99350 80664 142888
142888 80664 99350
22885 89768 110749
89768 22885 110749
110749 22885 89768
94251 352 121669
121669 352 94251
352 94251 121669
117029 66181 130480
130480 66181 117029
66181 117029 130480
139508 89776 92304
89776 92304 139508
92304 89776 139508
107504 86487 139629
86487 107504 139629
139629 86487 107504
115527 99182 118121
118121 99182 115527
99182 115527 118121
27679 48665 147076
147076 27679 48665
48665 27679 147076
144008 40571 112600
40571 112600 144008
112600 40571 144008
60130 125062 146540
125062 60130 146540
146540 60130 125062
111329 59876 147312
147312 59876 111329
59876 111329 147312
131411 118710 122638
118710 122638 131411
122638 118710 131411
148978 127408 143772
143772 127408 148978
127408 143772 148978
4217 67609 75310
67609 4217 75310
75310 4217 67609
51453 18249 96035
96035 18249 51453
18249 51453 96035
74181 71298 85011
71298 74181 85011
85011 71298 74181
11942 49396 71798
71798 11942 49396
49396 11942 71798
71993 133561 147302
133561 71993 147302
147302 71993 133561
95632 110974 141665
141665 95632 110974
110974 95632 141665
98996 1962 121390
121390 1962 98996
1962 98996 121390
87031 7907 34294
34294 7907 87031
7907 34294 87031
83299 66966 135692
66966 83299 135692
135692 66966 83299
58364 100174 132964
132964 58364 100174
100174 58364 132964
25885 37479 70576
70576 25885 37479
37479 25885 70576
35306 64659 79564
79564 35306 64659
64659 35306 79564
146086 13799 93619
93619 13799 146086
13799 93619 146086
90601 35285 123356
123356 35285 90601
35285 90601 123356
52968 68464 78062
68464 52968 78062
78062 52968 68464
139129 15894 72801
15894 72801 139129
72801 15894 139129
130502 87461 147767
87461 130502 147767
147767 87461 130502
52390 12481 31970
12481 31970 52390
31970 12481 52390
40911 104478 116882
116882 40911 104478
104478 40911 116882
80810 63508 74530
74530 63508 80810
63508 74530 80810
149899 56263 77562
77562 56263 149899
56263 77562 149899
78866 8556 106884
8556 78866 106884
106884 8556 78866
2570 59241 75537
59241 2570 75537
75537 2570 59241
119323 84884 124200
84884 119323 124200
124200 84884 119323
124374 55298 86862
86862 55298 124374
55298 86862 124374
107109 17129 137895
137895 17129 107109
17129 107109 137895
85566 57716 74365
57716 74365 85566
74365 57716 85566
95142 89975 137099
137099 89975 95142
89975 95142 137099
17452 72344 92075
72344 17452 92075
92075 17452 72344
98060 12781 136577
136577 12781 98060
12781 98060 136577
98386 101216 125973
125973 98386 101216
101216 98386 125973
102990 64604 142263
64604 102990 142263
142263 64604 102990
132740 6424 29183
6424 29183 132740
29183 6424 132740
77540 43568 107370
43568 77540 107370
107370 43568 77540
32928 38401 107030
38401 32928 107030
107030 32928 38401
107130 105148 127541
127541 105148 107130
105148 107130 127541
95959 23944 99302
23944 95959 99302
99302 23944 95959
143340 17618 107518
107518 17618 143340
17618 107518 143340
53012 26752 138158
138158 26752 53012
26752 53012 138158
40975 87088 111401
111401 40975 87088
87088 40975 111401
107393 109399 113980
113980 107393 109399
109399 107393 113980
101699 51709 99674
99674 51709 101699
51709 99674 101699
45317 61362 128667
61362 45317 128667
128667 45317 61362
69195 125818 137969
125818 69195 137969
137969 69195 125818
23884 49353 92893
92893 23884 49353
49353 23884 92893
62107 34015 92031
34015 62107 92031
92031 34015 62107
6268 40612 112741
112741 6268 40612
40612 6268 112741
85953 16232 31025
31025 16232 85953
16232 31025 85953
106924 59160 86037
86037 59160 106924
59160 86037 106924
142562 68590 122791
68590 122791 142562
122791 68590 142562
131467 27957 56672
56672 27957 131467
27957 56672 131467
25799 37624 95172
95172 25799 37624
37624 25799 95172
132587 507 44328
44328 507 132587
507 44328 132587
8867 49326 81990
49326 8867 81990
81990 8867 49326
19235 37998 71781
37998 19235 71781
71781 19235 37998
109554 14050 42834
42834 14050 109554
14050 42834 109554
34847 125261 126947
125261 34847 126947
126947 34847 125261
95921 27869 70339
27869 70339 95921
70339 27869 95921
108973 29493 113575
29493 108973 113575
113575 29493 108973
141896 43484 55106
43484 55106 141896
55106 43484 141896
86666 57664 135175
57664 86666 135175
135175 57664 86666
41949 16180 52021
16180 41949 52021
52021 16180 41949
33011 38522 123177
123177 33011 38522
38522 33011 123177
32217 5692 82120
82120 5692 32217
5692 32217 82120
82859 112208 114869
112208 82859 114869
114869 82859 112208
21067 70974 78127
70974 21067 78127
78127 21067 70974
102634 137386 138443
138443 102634 137386
137386 102634 138443
56999 26561 126933
26561 56999 126933
126933 26561 56999
126855 53277 77819
53277 77819 126855
77819 53277 126855
61700 29999 82085
29999 61700 82085
82085 29999 61700
142085 95394 111106
95394 111106 142085
111106 95394 142085
68159 53383 117890
117890 53383 68159
53383 68159 117890
30980 76203 80385
80385 30980 76203
76203 30980 80385
122308 99132 124543
124543 99132 122308
99132 122308 124543
148123 97244 122409
97244 122409 148123
122409 97244 148123
107047 1219 20439
20439 1219 107047
1219 20439 107047
86919 28781 88450
28781 86919 88450
88450 28781 86919
23121 57968 117210
117210 23121 57968
57968 23121 117210
13877 20255 66583
66583 13877 20255
20255 13877 66583
124184 127943 144131
127943 124184 144131
144131 124184 127943
76042 204 67256
204 67256 76042
67256 204 76042
75338 82393 144015
144015 75338 82393
82393 75338 144015
2424 29009 120827
120827 2424 29009
29009 2424 120827
108640 29103 130167
130167 29103 108640
29103 108640 130167
1361 144805 149810
149810 1361 144805
144805 1361 149810
24631 31104 35864
35864 24631 31104
31104 24631 35864
34796 80603 126736
80603 34796 126736
126736 34796 80603
123171 105398 124015
124015 105398 123171
105398 123171 124015
127940 31948 140539
140539 31948 127940
31948 127940 140539
9862 408 84225
408 9862 84225
84225 408 9862
5517 41785 62230
62230 5517 41785
41785 5517 62230
58875 66378 110586
66378 58875 110586
110586 58875 66378
90864 84772 117385
117385 84772 90864
84772 90864 117385
47758 11081 34482
11081 34482 47758
34482 11081 47758
35704 57064 63879
57064 35704 63879
63879 35704 57064
100668 95179 101373
95179 100668 101373
101373 95179 100668
40213 62004 144165
144165 40213 62004
62004 40213 144165
101545 24880 100263
24880 100263 101545
100263 24880 101545
17568 15104 83163
15104 17568 83163
83163 15104 17568
144376 117377 142323
142323 117377 144376
117377 142323 144376
13201 125466 134190
134190 13201 125466
125466 13201 134190
87945 32824 69817
69817 32824 87945
32824 69817 87945
63221 2938 45568
2938 45568 63221
45568 2938 63221
2179 44032 48950
44032 2179 48950
48950 2179 44032
104935 133463 139356
139356 104935 133463
133463 104935 139356
144532 48895 76038
48895 76038 144532
76038 48895 144532
69024 13699 103777
103777 13699 69024
13699 69024 103777
64597 101507 127545
101507 64597 127545
127545 64597 101507
101933 32533 81033
32533 81033 101933
81033 32533 101933
132108 46983 48671
46983 48671 132108
48671 46983 132108
17798 1580 84886
84886 1580 17798
1580 17798 84886
110090 41314 41801
41801 41314 110090
41314 41801 110090
53404 9587 72590
72590 9587 53404
9587 53404 72590
27618 110330 126002
110330 27618 126002
126002 27618 110330
146425 20561 26707
20561 26707 146425
26707 20561 146425
92479 3033 69051
69051 3033 92479
3033 69051 92479
15390 75245 90937
90937 15390 75245
75245 15390 90937
54857 127073 144220
144220 54857 127073
127073 54857 144220
129436 16960 65147
16960 65147 129436
65147 16960 129436
31469 120463 127304
127304 31469 120463
120463 31469 127304
43097 31830 83272
83272 31830 43097
31830 43097 83272
26004 106787 149967
106787 26004 149967
149967 26004 106787
58826 852 116115
852 58826 116115
116115 852 58826
101573 71552 96149
71552 96149 101573
96149 71552 101573
121328 80207 99402
80207 99402 121328
99402 80207 121328
146183 24899 87806
24899 87806 146183
87806 24899 146183
6407 19472 126973
126973 6407 19472
19472 6407 126973
31764 60217 90205
60217 31764 90205
90205 31764 60217
118128 47095 82717
47095 82717 118128
82717 47095 118128
131733 10854 57805
57805 10854 131733
10854 57805 131733
65882 13473 37579
13473 37579 65882
37579 13473 65882
37889 50203 109001
50203 37889 109001
109001 37889 50203
10647 50218 111506
50218 10647 111506
111506 10647 50218
15846 17296 36540
36540 15846 17296
17296 15846 36540
11597 16134 91569
16134 11597 91569
91569 11597 16134
12276 90455 102575
90455 12276 102575
102575 12276 90455
21543 123681 126353
123681 21543 126353
126353 21543 123681
3201 81885 122149
81885 3201 122149
122149 3201 81885
1569 7884 31263
31263 1569 7884
7884 1569 31263
85281 27117 41776
27117 41776 85281
41776 27117 85281
43619 9741 63558
63558 9741 43619
9741 43619 63558
48602 84252 112495
112495 48602 84252
84252 48602 112495
12475 107644 125386
125386 12475 107644
107644 12475 125386
28634 109836 109986
109836 28634 109986
109986 28634 109836
114926 10529 31678
10529 31678 114926
31678 10529 114926
112007 97614 120923
120923 97614 112007
97614 112007 120923
98222 65886 108900
65886 98222 108900
108900 65886 98222
99603 68839 148514
68839 99603 148514
148514 68839 99603
72046 71685 95479
95479 71685 72046
71685 72046 95479
103541 113300 125017
125017 103541 113300
113300 103541 125017
20393 34653 115872
34653 20393 115872
115872 20393 34653
120236 63938 84092
84092 63938 120236
63938 84092 120236
103044 61417 90072
61417 90072 103044
90072 61417 103044
134989 140189 145611
145611 134989 140189
140189 134989 145611
14620 30138 128331
128331 14620 30138
30138 14620 128331
146310 74824 120353
74824 120353 146310
120353 74824 146310
129856 5716 69429
69429 5716 129856
5716 69429 129856
38182 31189 96271
31189 38182 96271
96271 31189 38182
48693 18029 22634
18029 22634 48693
22634 18029 48693
81722 14549 27519
27519 14549 81722
14549 27519 81722
121701 21827 105293
105293 21827 121701
21827 105293 121701
28218 23758 66294
23758 28218 66294
66294 23758 28218
125434 62478 63775
62478 63775 125434
63775 62478 125434
42429 66281 89059
66281 42429 89059
89059 42429 66281
34036 82583 127097
127097 34036 82583
82583 34036 127097
134305 5988 140759
140759 5988 134305
5988 134305 140759
32338 50759 141032
50759 32338 141032
141032 32338 50759
25815 77400 136560
136560 25815 77400
77400 25815 136560
3490 57951 114801
114801 3490 57951
57951 3490 114801
3753 55175 83610
83610 3753 55175
55175 3753 83610
114752 12174 46192
12174 46192 114752
46192 12174 114752
56582 116561 119154
119154 56582 116561
116561 56582 119154
146047 58440 75968
58440 75968 146047
75968 58440 146047
128885 77046 106046
77046 106046 128885
106046 77046 128885
28773 59422 129498
59422 28773 129498
129498 28773 59422
104365 16118 120066
16118 104365 120066
120066 16118 104365
69108 35007 40315
35007 40315 69108
40315 35007 69108
11808 4016 77507
4016 11808 77507
77507 4016 11808
130444 53676 114308
114308 53676 130444
53676 114308 130444
126162 70229 95493
95493 70229 126162
70229 95493 126162
117525 103324 119932
119932 103324 117525
103324 117525 119932
9364 29648 41256
41256 9364 29648
29648 9364 41256
52753 49331 124549
49331 52753 124549
124549 49331 52753
32894 40453 87856
40453 32894 87856
87856 32894 40453
62601 34133 110600
110600 34133 62601
34133 62601 110600
147618 4863 99496
99496 4863 147618
4863 99496 147618
120216 66468 146407
66468 120216 146407
146407 66468 120216
138520 5764 14094
5764 14094 138520
14094 5764 138520
19526 126138 147153
126138 19526 147153
147153 19526 126138
127939 57826 75307
75307 57826 127939
57826 75307 127939
64523 26 115271
26 64523 115271
115271 26 64523
142529 97678 101537
101537 97678 142529
97678 101537 142529
77037 14392 95260
95260 14392 77037
14392 77037 95260
79591 95472 143885
95472 79591 143885
143885 79591 95472
24936 24146 41016
24146 24936 41016
41016 24146 24936
135467 40907 82614
82614 40907 135467
40907 82614 135467
70912 74942 103999
103999 70912 74942
74942 70912 103999
83350 127873 134631
127873 83350 134631
134631 83350 127873
142419 106646 147343
147343 106646 142419
106646 142419 147343
88032 28902 99077
28902 88032 99077
99077 28902 88032
104207 29995 134978
29995 104207 134978
134978 29995 104207
126472 134510 141117
134510 126472 141117
141117 126472 134510
64777 116356 130665
130665 64777 116356
116356 64777 130665
18177 44763 109463
44763 18177 109463
109463 18177 44763
108344 92223 100508
100508 92223 108344
92223 100508 108344
104419 121426 123057
123057 104419 121426
121426 104419 123057
111664 28714 43281
43281 28714 111664
28714 43281 111664
5254 35990 138519
35990 5254 138519
138519 5254 35990
69934 88830 124091
88830 69934 124091
124091 69934 88830
131019 12923 65769
65769 12923 131019
12923 65769 131019
146828 6629 75283
75283 6629 146828
6629 75283 146828
69009 20513 48354
48354 20513 69009
20513 48354 69009
102403 82726 102117
82726 102117 102403
102117 82726 102403
57272 217 25336
25336 217 57272
217 25336 57272
142992 16695 20536
20536 16695 142992
16695 20536 142992
33696 81157 143347
143347 33696 81157
81157 33696 143347
143140 2538 138310
2538 138310 143140
138310 2538 143140
104958 40848 59925
59925 40848 104958
40848 59925 104958
104359 1831 91937
1831 91937 104359
91937 1831 104359
40353 54676 128108
54676 40353 128108
128108 40353 54676
107914 15030 144771
15030 107914 144771
144771 15030 107914
33687 51092 59673
51092 33687 59673
59673 33687 51092
127807 18708 110081
18708 110081 127807
110081 18708 127807
36329 19075 87463
19075 36329 87463
87463 19075 36329
66823 49627 83852
49627 66823 83852
83852 49627 66823
32265 35988 128387
128387 32265 35988
35988 32265 128387
18608 71396 110199
71396 18608 110199
110199 18608 71396
14315 34627 119135
34627 14315 119135
119135 14315 34627
34900 4401 75786
4401 34900 75786
75786 4401 34900
60088 33375 54115
54115 33375 60088
33375 54115 60088
202 15485 76032
15485 202 76032
76032 202 15485
73703 60545 148193
148193 60545 73703
60545 73703 148193
44876 71589 81071
71589 44876 81071
81071 44876 71589
132445 109006 122799
122799 109006 132445
109006 122799 132445
125936 93380 98988
93380 98988 125936
98988 93380 125936
58700 86185 96380
86185 58700 96380
96380 58700 86185
10442 71785 95613
71785 10442 95613
95613 10442 71785
12882 56477 123678
56477 12882 123678
123678 12882 56477
130442 2698 132906
2698 130442 132906
132906 2698 130442
121135 59228 88814
88814 59228 121135
59228 88814 121135
54799 30367 138842
30367 54799 138842
138842 30367 54799
90579 66151 112134
112134 66151 90579
66151 90579 112134
44816 38975 59039
38975 44816 59039
59039 38975 44816
135360 4361 104880
104880 4361 135360
4361 104880 135360
96343 90848 123477
90848 96343 123477
123477 90848 96343
131080 20591 46814
20591 46814 131080
46814 20591 131080
96314 55157 86715
55157 86715 96314
86715 55157 96314
105250 53303 134975
134975 53303 105250
53303 105250 134975
31487 10299 93958
93958 10299 31487
10299 31487 93958
112323 103964 121133
103964 112323 121133
121133 103964 112323
12611 105590 112746
105590 12611 112746
112746 12611 105590
76310 53062 133926
53062 76310 133926
133926 53062 76310
119660 64714 132361
64714 119660 132361
132361 64714 119660
24969 12749 70695
70695 12749 24969
12749 24969 70695
62167 88666 94933
94933 62167 88666
88666 62167 94933
9822 72672 112294
72672 9822 112294
112294 9822 72672
63370 43911 116609
116609 43911 63370
43911 63370 116609
26096 68810 71748
68810 26096 71748
71748 26096 68810
135251 24242 115698
115698 24242 135251
24242 115698 135251
66696 12863 89267
89267 12863 66696
12863 66696 89267
114989 2824 138739
138739 2824 114989
2824 114989 138739
28332 8224 106393
8224 28332 106393
106393 8224 28332
122890 57839 111104
57839 111104 122890
111104 57839 122890
21048 64666 98223
64666 21048 98223
98223 21048 64666
27248 102383 128349
128349 27248 102383
102383 27248 128349
74982 25665 88784
25665 74982 88784
88784 25665 74982
27503 88747 110783
110783 27503 88747
88747 27503 110783
134072 21050 125575
125575 21050 134072
21050 125575 134072
131100 112895 145048
145048 112895 131100
112895 131100 145048
131391 51968 133461
51968 131391 133461
133461 51968 131391
69562 66710 128964
128964 66710 69562
66710 69562 128964
93098 33850 36344
36344 33850 93098
33850 36344 93098
51798 56358 131099
56358 51798 131099
131099 51798 56358
76088 72527 136329
136329 72527 76088
72527 76088 136329
74014 46380 87807
87807 46380 74014
46380 74014 87807
96833 11919 147792
147792 11919 96833
11919 96833 147792
104619 27495 47826
27495 47826 104619
47826 27495 104619
14217 28774 50980
50980 14217 28774
28774 14217 50980
147738 109439 120318
120318 109439 147738
109439 120318 147738
68434 29007 44776
29007 44776 68434
44776 29007 68434
104208 70568 85135
85135 70568 104208
70568 85135 104208
28273 33675 78198
33675 28273 78198
78198 28273 33675
104241 39929 56803
39929 56803 104241
56803 39929 104241
43481 82837 118390
118390 43481 82837
82837 43481 118390
40518 41377 43772
43772 40518 41377
41377 40518 43772
104290 72041 144170
72041 104290 144170
144170 72041 104290
116748 83667 123074
123074 83667 116748
83667 116748 123074
87385 50882 112311
50882 87385 112311
112311 50882 87385
36995 10435 18468
18468 10435 36995
10435 18468 36995
92897 27274 60968
60968 27274 92897
27274 60968 92897
102079 65085 145908
65085 102079 145908
145908 65085 102079
83841 22283 128956
22283 83841 128956
128956 22283 83841
20493 60425 67921
60425 20493 67921
67921 20493 60425
148770 21678 120269
21678 120269 148770
120269 21678 148770
18525 42823 51035
51035 18525 42823
42823 18525 51035
91774 37367 72446
72446 37367 91774
37367 72446 91774
3307 12558 84587
84587 3307 12558
12558 3307 84587
138027 6770 13217
13217 6770 138027
6770 13217 138027
75534 126732 130111
130111 75534 126732
126732 75534 130111
147628 57029 103105
103105 57029 147628
57029 103105 147628
123386 14562 88444
88444 14562 123386
14562 88444 123386
129164 47128 70771
47128 70771 129164
70771 47128 129164
4003 13350 68498
13350 4003 68498
68498 4003 13350
20184 32748 45423
32748 20184 45423
45423 20184 32748
31800 5496 19074
19074 5496 31800
5496 19074 31800
135916 103790 141617
103790 135916 141617
141617 103790 135916
11396 49270 52626
52626 11396 49270
49270 11396 52626
6297 969 43407
969 6297 43407
43407 969 6297
48519 28904 68441
68441 28904 48519
28904 48519 68441
147060 30628 139970
30628 139970 147060
139970 30628 147060
142668 8277 99238
8277 99238 142668
99238 8277 142668
145331 59739 73614
73614 59739 145331
59739 73614 145331
59246 1327 75597
1327 59246 75597
75597 1327 59246
135159 41604 77704
41604 77704 135159
77704 41604 135159
51488 4641 24811
24811 4641 51488
4641 24811 51488
73284 7730 133053
133053 7730 73284
7730 73284 133053
13385 7733 125554
125554 7733 13385
7733 13385 125554
88599 56711 65103
65103 56711 88599
56711 65103 88599
101725 40122 60832
40122 60832 101725
60832 40122 101725
96682 4925 46872
46872 4925 96682
4925 46872 96682
141240 24995 90366
24995 90366 141240
90366 24995 141240
146969 31054 32169
31054 32169 146969
32169 31054 146969
123095 38115 127780
127780 38115 123095
38115 123095 127780
48340 8584 15678
15678 8584 48340
8584 15678 48340
108476 124734 140264
124734 108476 140264
140264 108476 124734
47436 62941 133108
133108 47436 62941
62941 47436 133108
25565 96427 105809
105809 25565 96427
96427 25565 105809
85704 4272 100214
4272 85704 100214
100214 4272 85704
68176 34833 138282
138282 34833 68176
34833 68176 138282
62968 185 123463
123463 185 62968
185 62968 123463
98069 67173 136462
136462 67173 98069
67173 98069 136462
75297 44160 111317
111317 44160 75297
44160 75297 111317
54783 69650 104778
69650 54783 104778
104778 54783 69650
30810 29732 145173
145173 29732 30810
29732 30810 145173
88695 43902 115323
43902 88695 115323
115323 43902 88695
148944 17477 57000
17477 57000 148944
57000 17477 148944
86646 10191 50291
50291 10191 86646
10191 50291 86646
133015 62254 87984
87984 62254 133015
62254 87984 133015
3186 19682 84011
19682 3186 84011
84011 3186 19682
115385 82947 107873
82947 107873 115385
107873 82947 115385
4792 86972 143548
86972 4792 143548
143548 4792 86972
6277 19324 68745
19324 6277 68745
68745 6277 19324
90433 82940 91053
91053 82940 90433
82940 90433 91053
138293 7628 91157
91157 7628 138293
7628 91157 138293
73503 27246 44339
44339 27246 73503
27246 44339 73503
104055 52146 87353
52146 87353 104055
87353 52146 104055
60292 21975 50664
21975 50664 60292
50664 21975 60292
55583 86539 140996
86539 55583 140996
140996 55583 86539
83833 4754 61448
4754 61448 83833
61448 4754 83833
48106 83423 108757
108757 48106 83423
83423 48106 108757
25341 116381 139665
116381 25341 139665
139665 25341 116381
57630 115541 115757
115541 57630 115757
115757 57630 115541
31332 83592 122802
122802 31332 83592
83592 31332 122802
75610 76943 105071
76943 75610 105071
105071 75610 76943
93636 23397 68683
23397 68683 93636
68683 23397 93636
87426 51557 52981
51557 52981 87426
52981 51557 87426
95449 72363 76777
76777 72363 95449
72363 76777 95449
85149 72983 103101
103101 72983 85149
72983 85149 103101
58127 94897 112962
112962 58127 94897
94897 58127 112962
103129 57591 139606
57591 103129 139606
139606 57591 103129
47020 52063 84808
84808 47020 52063
52063 47020 84808
138107 103468 140377
140377 103468 138107
103468 138107 140377
75005 16079 100554
16079 75005 100554
100554 16079 75005
103675 73556 136751
136751 73556 103675
73556 103675 136751
133363 57448 120045
120045 57448 133363
57448 120045 133363
35064 64185 133577
133577 35064 64185
64185 35064 133577
101532 55064 66458
66458 55064 101532
55064 66458 101532
63978 48775 107790
48775 63978 107790
107790 48775 63978
104714 21525 88414
21525 88414 104714
88414 21525 104714
22056 54261 126927
54261 22056 126927
126927 22056 54261
62574 55772 121220
55772 62574 121220
121220 55772 62574
18670 46829 124457
46829 18670 124457
124457 18670 46829
60325 29798 90966
90966 29798 60325
29798 60325 90966
39725 69146 89855
69146 39725 89855
89855 39725 69146
13686 99920 138706
99920 13686 138706
138706 13686 99920
145933 33021 96765
33021 96765 145933
96765 33021 145933
42579 28352 94124
28352 42579 94124
94124 28352 42579
143154 14784 95398
14784 95398 143154
95398 14784 143154
31017 76581 84739
76581 31017 84739
84739 31017 76581
135604 1557 64706
1557 64706 135604
64706 1557 135604
146320 41838 59994
41838 59994 146320
59994 41838 146320
32897 44848 142080
142080 32897 44848
44848 32897 142080
36186 49552 147636
49552 36186 147636
147636 36186 49552
8566 81311 83071
83071 8566 81311
81311 8566 83071
44506 11715 33545
11715 33545 44506
33545 11715 44506
71302 83455 102846
83455 71302 102846
102846 71302 83455
108994 108428 125278
108428 108994 125278
125278 108428 108994
80959 83866 123759
123759 80959 83866
83866 80959 123759
132672 32517 113061
113061 32517 132672
32517 113061 132672
86730 91951 146964
146964 86730 91951
91951 86730 146964
92616 78273 87342
78273 87342 92616
87342 78273 92616
138543 23139 67030
23139 67030 138543
67030 23139 138543
82774 2961 118471
2961 82774 118471
118471 2961 82774
86813 29172 75236
29172 75236 86813
75236 29172 86813
148934 20487 128201
20487 128201 148934
128201 20487 148934
33281 3324 40509
3324 33281 40509
40509 3324 33281
106813 7115 104965
7115 104965 106813
104965 7115 106813
62848 13436 142173
13436 62848 142173
142173 13436 62848
28873 1285 27684
27684 1285 28873
1285 27684 28873
63900 9500 28445
9500 28445 63900
28445 9500 63900
134369 125105 135336
135336 125105 134369
125105 134369 135336
111460 67125 108674
67125 108674 111460
108674 67125 111460
67799 41068 129102
129102 41068 67799
41068 67799 129102
132525 106030 115155
106030 115155 132525
115155 106030 132525
123038 24007 81108
81108 24007 123038
24007 81108 123038
69475 18287 99952
18287 69475 99952
99952 18287 69475
35407 30446 109432
109432 30446 35407
30446 35407 109432
141805 54543 101962
54543 101962 141805
101962 54543 141805
21761 23062 79255
79255 21761 23062
23062 21761 79255
103690 79342 86984
86984 79342 103690
79342 86984 103690
41070 127487 132295
127487 41070 132295
132295 41070 127487
131225 47208 110679
47208 110679 131225
110679 47208 131225
63079 822 8609
8609 822 63079
822 8609 63079
142972 26529 108896
26529 108896 142972
108896 26529 142972
25620 33432 86376
86376 25620 33432
33432 25620 86376
49611 29456 122348
122348 29456 49611
29456 49611 122348
114637 38266 100932
100932 38266 114637
38266 100932 114637
108963 64881 123708
123708 64881 108963
64881 108963 123708
34865 14872 107106
107106 14872 34865
14872 34865 107106
143945 63960 69657
69657 63960 143945
63960 69657 143945
55414 24034 132633
132633 24034 55414
24034 55414 132633
63561 26982 132032
26982 63561 132032
132032 26982 63561
144830 113587 134618
113587 134618 144830
134618 113587 144830
77388 14359 135420
14359 77388 135420
135420 14359 77388
24927 8117 25847
8117 24927 25847
25847 8117 24927
126598 36744 147107
147107 36744 126598
36744 126598 147107
124130 59821 131022
59821 124130 131022
131022 59821 124130
117592 54174 110550
54174 110550 117592
110550 54174 117592
12085 73329 148613
148613 12085 73329
73329 12085 148613
120914 61180 146960
61180 120914 146960
146960 61180 120914
111994 72483 130966
130966 72483 111994
72483 111994 130966
84443 13895 48786
13895 48786 84443
48786 13895 84443
57765 40183 122445
122445 40183 57765
40183 57765 122445
127045 101268 126650
126650 101268 127045
101268 126650 127045
66725 107601 121789
107601 66725 121789
121789 66725 107601
130038 3249 141627
3249 130038 141627
141627 3249 130038
115324 22065 99388
99388 22065 115324
22065 99388 115324
8378 5086 36828
5086 8378 36828
36828 5086 8378
42340 24267 52379
52379 24267 42340
24267 42340 52379
107253 57629 57948
57629 57948 107253
57948 57629 107253
103695 9088 104622
9088 103695 104622
104622 9088 103695
82377 56388 100996
100996 56388 82377
56388 82377 100996
56609 42039 80255
80255 42039 56609
42039 56609 80255
130938 96289 101476
101476 96289 130938
96289 101476 130938
140055 11125 31965
31965 11125 140055
11125 31965 140055
40379 72487 128230
72487 40379 128230
128230 40379 72487
130961 38744 114536
114536 38744 130961
38744 114536 130961
37065 9812 101601
9812 37065 101601
101601 9812 37065
133797 26557 102573
26557 102573 133797
102573 26557 133797
15774 23950 87208
87208 15774 23950
23950 15774 87208
15113 45236 127628
127628 15113 45236
45236 15113 127628
132598 70389 104360
70389 104360 132598
104360 70389 132598
94328 23337 99116
23337 94328 99116
99116 23337 94328
73079 75593 103048
75593 73079 103048
103048 73079 75593
75021 15238 83872
83872 15238 75021
15238 75021 83872
146793 7534 31411
31411 7534 146793
7534 31411 146793
32330 21130 55796
55796 21130 32330
21130 32330 55796
15858 39453 128989
39453 15858 128989
128989 15858 39453
122060 73719 82529
82529 73719 122060
73719 82529 122060
34932 4492 23691
4492 23691 34932
23691 4492 34932
107347 72496 145551
72496 107347 145551
145551 72496 107347
15192 21256 93652
93652 15192 21256
21256 15192 93652
86632 53858 91738
91738 53858 86632
53858 86632 91738
139203 20270 142473
20270 139203 142473
142473 20270 139203
84932 25064 101492
101492 25064 84932
25064 84932 101492
56264 33956 63170
33956 56264 63170
63170 33956 56264
73408 80900 102539
80900 73408 102539
102539 73408 80900
6829 67349 110224
67349 6829 110224
110224 6829 67349
70727 53068 60989
53068 60989 70727
60989 53068 70727
47017 16037 39090
39090 16037 47017
16037 39090 47017
122068 61725 97367
97367 61725 122068
61725 97367 122068
88545 67326 132807
132807 67326 88545
67326 88545 132807
83450 25459 129220
129220 25459 83450
25459 83450 129220
88437 60461 67358
60461 67358 88437
67358 60461 88437
105991 61801 147535
147535 61801 105991
61801 105991 147535
124602 44966 49541
44966 49541 124602
49541 44966 124602
2851 88099 118260
88099 2851 118260
118260 2851 88099
117461 33760 143526
143526 33760 117461
33760 117461 143526
43002 53 22168
53 22168 43002
22168 53 43002
80271 15911 119357
119357 15911 80271
15911 80271 119357
104265 16117 101468
16117 101468 104265
101468 16117 104265
49920 8 10405
10405 8 49920
8 10405 49920
144710 95936 96868
95936 96868 144710
96868 95936 144710
50272 9316 16593
9316 16593 50272
16593 9316 50272
28348 38247 77874
38247 28348 77874
77874 28348 38247
66627 40374 113435
40374 66627 113435
113435 40374 66627
137385 10184 135032
10184 135032 137385
135032 10184 137385
104296 55550 97025
55550 97025 104296
97025 55550 104296
57559 62148 63298
62148 57559 63298
63298 57559 62148
60919 127864 146855
127864 60919 146855
146855 60919 127864
113572 21739 39733
21739 39733 113572
39733 21739 113572
6527 1579 12762
12762 1579 6527
1579 6527 12762
34134 59898 146362
146362 34134 59898
59898 34134 146362
4364 37656 126052
37656 4364 126052
126052 4364 37656
114157 9048 127776
9048 114157 127776
127776 9048 114157
24578 100064 105605
100064 24578 105605
105605 24578 100064
84505 39115 50009
50009 39115 84505
39115 50009 84505
49412 49724 50395
50395 49412 49724
49724 49412 50395
47640 58224 82256
82256 47640 58224
58224 47640 82256
22522 96134 107794
96134 22522 107794
107794 22522 96134
58846 76072 110965
76072 58846 110965
110965 58846 76072
114706 3639 98246
98246 3639 114706
3639 98246 114706
51255 7930 104117
104117 7930 51255
7930 51255 104117
119042 57999 122416
122416 57999 119042
57999 119042 122416
71105 16627 80612
16627 71105 80612
80612 16627 71105
127688 51739 105335
105335 51739 127688
51739 105335 127688
122847 7880 15321
7880 15321 122847
15321 7880 122847
105197 74118 80225
74118 80225 105197
80225 74118 105197
103228 29948 118601
118601 29948 103228
29948 103228 118601
28605 51170 120751
51170 28605 120751
120751 28605 51170
61577 87203 137616
137616 61577 87203
87203 61577 137616
27983 2556 50380
50380 2556 27983
2556 27983 50380
111544 66331 108928
108928 66331 111544
66331 108928 111544
83588 28519 136131
136131 28519 83588
28519 83588 136131
90551 6295 17995
17995 6295 90551
6295 17995 90551
117474 68542 69391
68542 69391 117474
69391 68542 117474
82978 13744 42640
42640 13744 82978
13744 42640 82978
86088 8559 39061
8559 39061 86088
39061 8559 86088
71963 22182 149980
22182 71963 149980
149980 22182 71963
105304 6191 89441
6191 89441 105304
89441 6191 105304
41253 4924 40378
4924 40378 41253
40378 4924 41253
122168 19559 76386
76386 19559 122168
19559 76386 122168
3402 98603 125318
125318 3402 98603
98603 3402 125318
40879 11703 25831
11703 25831 40879
25831 11703 40879
145765 111093 128867
128867 111093 145765
111093 128867 145765
108373 5526 20955
5526 20955 108373
20955 5526 108373
135530 110662 124299
124299 110662 135530
110662 124299 135530
91965 72499 95429
95429 72499 91965
72499 91965 95429
93982 60902 124410
60902 93982 124410
124410 60902 93982
76813 78256 116067
78256 76813 116067
116067 76813 78256
85932 16859 68447
16859 68447 85932
68447 16859 85932
94621 65247 90016
65247 90016 94621
90016 65247 94621
126213 93961 141646
93961 126213 141646
141646 93961 126213
116012 60209 64235
64235 60209 116012
60209 64235 116012
49413 63267 63643
63643 49413 63267
63267 49413 63643
16020 95440 100637
95440 16020 100637
100637 16020 95440
43542 92136 109891
92136 43542 109891
109891 43542 92136
100794 33400 58656
33400 58656 100794
58656 33400 100794
129482 55704 110417
55704 110417 129482
110417 55704 129482
141040 76011 93702
93702 76011 141040
76011 93702 141040
4680 24270 103658
103658 4680 24270
24270 4680 103658
36913 54764 130714
54764 36913 130714
130714 36913 54764
79215 60384 143968
60384 79215 143968
143968 60384 79215
110070 58648 140074
58648 110070 140074
140074 58648 110070
73585 60395 134210
60395 73585 134210
134210 60395 73585
60984 41957 82651
82651 41957 60984
41957 60984 82651
16992 31624 145365
145365 16992 31624
31624 16992 145365
132502 19416 30036
30036 19416 132502
19416 30036 132502
142024 12796 62060
62060 12796 142024
12796 62060 142024
44220 89887 124932
89887 44220 124932
124932 44220 89887
82229 44627 81559
44627 81559 82229
81559 44627 82229
89578 19771 90187
90187 19771 89578
19771 89578 90187
11773 69515 127452
69515 11773 127452
127452 11773 69515
15876 34481 127748
127748 15876 34481
34481 15876 127748
115346 10248 40515
40515 10248 115346
10248 40515 115346
82924 14402 133418
14402 82924 133418
133418 14402 82924
129494 64448 141744
141744 64448 129494
64448 129494 141744
107754 5554 35257
5554 35257 107754
35257 5554 107754
30567 105774 130180
130180 30567 105774
105774 30567 130180
67820 88512 96391
88512 67820 96391
96391 67820 88512
141357 10764 122184
10764 122184 141357
122184 10764 141357
7858 28486 126513
28486 7858 126513
126513 7858 28486
95059 20396 110539
20396 95059 110539
110539 20396 95059
27875 88659 102103
102103 27875 88659
88659 27875 102103
93083 17264 130638
17264 93083 130638
130638 17264 93083
116085 55906 85185
55906 85185 116085
85185 55906 116085
61812 54347 68398
54347 61812 68398
68398 54347 61812
138290 114632 139623
114632 138290 139623
139623 114632 138290
94413 31410 115072
31410 94413 115072
115072 31410 94413
95536 72525 121859
72525 95536 121859
121859 72525 95536
1260 59303 62200
62200 1260 59303
59303 1260 62200
97393 9271 59619
9271 59619 97393
59619 9271 97393
63199 9614 23007
9614 23007 63199
23007 9614 63199
77937 39479 117003
117003 39479 77937
39479 77937 117003
22044 136814 139980
139980 22044 136814
136814 22044 139980
78153 130391 140337
140337 78153 130391
130391 78153 140337
108451 100308 101792
101792 100308 108451
100308 101792 108451
94591 25138 108515
25138 94591 108515
108515 25138 94591
26670 3458 104530
3458 26670 104530
104530 3458 26670
103635 21229 95355
21229 95355 103635
95355 21229 103635
123756 15284 26308
15284 26308 123756
26308 15284 123756
123755 42930 52852
52852 42930 123755
42930 52852 123755
104497 135793 147548
135793 104497 147548
147548 104497 135793
133995 9487 17183
17183 9487 133995
9487 17183 133995
90245 36745 46526
46526 36745 90245
36745 46526 90245
148640 34292 85628
85628 34292 148640
34292 85628 148640
94034 88404 98930
98930 88404 94034
88404 94034 98930
35394 38327 99180
38327 35394 99180
99180 35394 38327
11499 11244 109229
11244 11499 109229
109229 11244 11499
115491 34968 46589
34968 46589 115491
46589 34968 115491
89843 25360 108423
25360 89843 108423
108423 25360 89843
19401 13169 55006
55006 13169 19401
13169 19401 55006
55715 23607 120120
120120 23607 55715
23607 55715 120120
97888 29703 85917
29703 85917 97888
85917 29703 97888
87311 82697 107954
107954 82697 87311
82697 87311 107954
107900 3462 90708
3462 90708 107900
90708 3462 107900
92226 96001 101318
96001 92226 101318
101318 92226 96001
107461 74210 104836
74210 104836 107461
104836 74210 107461
111190 56705 108827
108827 56705 111190
56705 108827 111190
10671 77932 102500
102500 10671 77932
77932 10671 102500
144879 84698 144317
144317 84698 144879
84698 144317 144879
5191 27116 112210
112210 5191 27116
27116 5191 112210
83340 44277 121542
44277 83340 121542
121542 44277 83340
5761 71353 137542
137542 5761 71353
71353 5761 137542
137782 77716 100241
77716 100241 137782
100241 77716 137782
66895 27176 121094
27176 66895 121094
121094 27176 66895
38397 11693 125729
11693 38397 125729
125729 11693 38397
81080 20807 43003
20807 43003 81080
43003 20807 81080
19755 39298 137573
39298 19755 137573
137573 19755 39298
104943 31714 93883
31714 93883 104943
93883 31714 104943
93373 107847 111472
107847 93373 111472
111472 93373 107847
145314 53941 139716
139716 53941 145314
53941 139716 145314
65077 87322 143223
87322 65077 143223
143223 65077 87322
23471 9985 63773
63773 9985 23471
9985 23471 63773
146784 77483 144201
77483 144201 146784
144201 77483 146784
78481 104894 128492
104894 78481 128492
128492 78481 104894
38443 73943 142019
142019 38443 73943
73943 38443 142019
76896 88463 119886
119886 76896 88463
88463 76896 119886
74284 12111 77299
12111 74284 77299
77299 12111 74284
73658 6379 35760
35760 6379 73658
6379 35760 73658
90073 26821 68523
26821 68523 90073
68523 26821 90073
24308 14698 70626
14698 24308 70626
70626 14698 24308
131569 103903 104709
103903 104709 131569
104709 103903 131569
140242 11325 93650
93650 11325 140242
11325 93650 140242
16907 107173 137834
107173 16907 137834
137834 16907 107173
135250 31801 35432
35432 31801 135250
31801 35432 135250
118408 35485 59082
59082 35485 118408
35485 59082 118408
19164 63670 81446
81446 19164 63670
63670 19164 81446
127540 44914 105147
44914 105147 127540
105147 44914 127540
5171 45290 67927
45290 5171 67927
67927 5171 45290
135088 47700 111874
111874 47700 135088
47700 111874 135088
44470 7477 45682
45682 7477 44470
7477 44470 45682
81682 56938 97572
97572 56938 81682
56938 81682 97572
81249 49192 55655
49192 55655 81249
55655 49192 81249
137222 22307 35755
35755 22307 137222
22307 35755 137222
3236 24742 87180
24742 3236 87180
87180 3236 24742
111633 41127 110738
110738 41127 111633
41127 110738 111633
101899 12790 90131
12790 90131 101899
90131 12790 101899
145157 80319 123184
123184 80319 145157
80319 123184 145157
106503 18370 121878
18370 106503 121878
121878 18370 106503
33683 30058 81662
30058 33683 81662
81662 30058 33683
103361 83929 120305
120305 83929 103361
83929 103361 120305
13975 30593 139964
139964 13975 30593
30593 13975 139964
45254 39526 77477
77477 39526 45254
39526 45254 77477
66812 18729 147278
147278 18729 66812
18729 66812 147278
136727 70449 92696
70449 92696 136727
92696 70449 136727
39335 71749 99331
99331 39335 71749
71749 39335 99331
83507 61356 149249
149249 61356 83507
61356 83507 149249
84424 85476 132917
85476 84424 132917
132917 84424 85476
99335 3117 40095
40095 3117 99335
3117 40095 99335
122332 17567 124161
17567 122332 124161
124161 17567 122332
89443 8051 91635
8051 89443 91635
91635 8051 89443
88690 71600 130947
71600 88690 130947
130947 71600 88690
62260 74533 89684
74533 62260 89684
89684 62260 74533
125151 70005 76709
76709 70005 125151
70005 76709 125151
145385 4994 12321
12321 4994 145385
4994 12321 145385
58038 53557 80452
53557 58038 80452
80452 53557 58038
139743 35076 115750
35076 115750 139743
115750 35076 139743
55882 77262 121130
121130 55882 77262
77262 55882 121130
142710 4299 13638
13638 4299 142710
4299 13638 142710
3569 46135 95717
95717 3569 46135
46135 3569 95717
23729 63629 87072
87072 23729 63629
63629 23729 87072
86233 92629 123211
92629 86233 123211
123211 86233 92629
11885 68707 110096
110096 11885 68707
68707 11885 110096
16208 14185 127215
14185 16208 127215
127215 14185 16208
32539 4360 10169
4360 10169 32539
10169 4360 32539
2402 10046 30227
30227 2402 10046
10046 2402 30227
24154 2142 63904
2142 24154 63904
63904 2142 24154
64799 112766 133272
133272 64799 112766
112766 64799 133272
43245 29052 73884
29052 43245 73884
73884 29052 43245
76395 21319 42048
42048 21319 76395
21319 42048 76395
79399 64793 95061
95061 64793 79399
64793 79399 95061
63323 22694 146049
146049 22694 63323
22694 63323 146049
81479 63976 107916
63976 81479 107916
107916 63976 81479
65483 22363 101122
22363 65483 101122
101122 22363 65483
92798 66677 133973
133973 66677 92798
66677 92798 133973
60396 16036 45660
45660 16036 60396
16036 45660 60396
76435 49532 147163
147163 49532 76435
49532 76435 147163
98252 49989 65411
49989 65411 98252
65411 49989 98252
86027 78260 78891
78891 78260 86027
78260 78891 86027
124654 36514 121353
36514 121353 124654
121353 36514 124654
64750 38873 42177
38873 42177 64750
42177 38873 64750
78298 57487 143650
57487 78298 143650
143650 57487 78298
87997 57944 80656
80656 57944 87997
57944 80656 87997
9965 60937 75736
75736 9965 60937
60937 9965 75736
547 14025 23239
14025 547 23239
23239 547 14025
91716 40449 78869
78869 40449 91716
40449 78869 91716
85425 46160 114817
46160 85425 114817
114817 46160 85425
76762 3577 145091
3577 76762 145091
145091 3577 76762
23834 28606 75520
75520 23834 28606
28606 23834 75520
