12148 10384 14966
14966 10384 12148
10384 12148 14966
8036 1175 5266
5266 1175 8036
1175 5266 8036
2724 3486 7874
3486 2724 7874
7874 2724 3486
2518 1414 13937
13937 1414 2518
1414 2518 13937
2530 4566 11835
4566 2530 11835
11835 2530 4566
10389 5400 8694
5400 8694 10389
8694 5400 10389
14856 1415 13001
1415 13001 14856
13001 1415 14856
853 3262 13720
13720 853 3262
3262 853 13720
12857 4894 6355
6355 4894 12857
4894 6355 12857
13782 6875 13065
6875 13065 13782
13065 6875 13782
6797 112 1425
1425 112 6797
112 1425 6797
12771 7203 14467
7203 12771 14467
14467 7203 12771
3276 4097 4954
4954 3276 4097
4097 3276 4954
2462 5273 6367
6367 2462 5273
5273 2462 6367
2520 4768 10515
10515 2520 4768
4768 2520 10515
12055 737 9095
9095 737 12055
737 9095 12055
6185 10354 11724
11724 6185 10354
10354 6185 11724
6945 8283 8589
8589 6945 8283
8283 6945 8589
848 6971 14163
14163 848 6971
6971 848 14163
712 10350 14009
14009 712 10350
10350 712 14009
8193 4781 8597
8597 4781 8193
4781 8193 8597
9368 113 8207
113 8207 9368
8207 113 9368
10271 4122 14123
14123 4122 10271
4122 10271 14123
11576 5748 8585
5748 8585 11576
8585 5748 11576
5065 1235 10608
1235 5065 10608
10608 1235 5065
2946 4016 10624
10624 2946 4016
4016 2946 10624
13312 36 5011
5011 36 13312
36 5011 13312
5498 1725 8195
1725 5498 8195
8195 1725 5498
3983 10104 12355
12355 3983 10104
10104 3983 12355
10662 11171 14208
11171 10662 14208
14208 10662 11171
10039 6338 7485
7485 6338 10039
6338 7485 10039
9781 6272 14094
14094 6272 9781
6272 9781 14094
12837 5072 10539
10539 5072 12837
5072 10539 12837
10563 1025 4255
4255 1025 10563
1025 4255 10563
3604 9244 10679
9244 3604 10679
10679 3604 9244
10408 4401 12394
12394 4401 10408
4401 10408 12394
169 3705 10610
10610 169 3705
3705 169 10610
14548 109 3534
109 3534 14548
3534 109 14548
6405 6463 7750
7750 6405 6463
6463 6405 7750
10699 4542 14070
4542 10699 14070
14070 4542 10699
5549 3115 7835
3115 5549 7835
7835 3115 5549
9500 4544 5713
4544 5713 9500
5713 4544 9500
12369 615 10813
10813 615 12369
615 10813 12369
8806 9149 9681
9149 8806 9681
9681 8806 9149
14633 1688 2736
2736 1688 14633
1688 2736 14633
2029 4017 9627
9627 2029 4017
4017 2029 9627
10528 2645 5460
2645 5460 10528
5460 2645 10528
9835 10833 14588
14588 9835 10833
10833 9835 14588
6604 5300 7331
5300 6604 7331
7331 5300 6604
12776 946 11365
11365 946 12776
946 11365 12776
11352 11983 12203
12203 11352 11983
11983 11352 12203
922 4939 14199
4939 922 14199
14199 922 4939
3827 557 12224
557 3827 12224
12224 557 3827
2326 4002 8763
8763 2326 4002
4002 2326 8763
5434 8034 14639
8034 5434 14639
14639 5434 8034
13996 1303 9209
1303 9209 13996
9209 1303 13996
3005 6176 9772
6176 3005 9772
9772 3005 6176
8008 2861 6416
2861 6416 8008
6416 2861 8008
1788 5874 9258
5874 1788 9258
9258 1788 5874
8059 698 1858
1858 698 8059
698 1858 8059
12930 5314 6431
6431 5314 12930
5314 6431 12930
5276 8274 14805
14805 5276 8274
8274 5276 14805
13637 3911 7010
3911 7010 13637
7010 3911 13637
5369 6967 12014
12014 5369 6967
6967 5369 12014
14577 10052 10542
10052 10542 14577
10542 10052 14577
5548 6342 6859
6342 5548 6859
6859 5548 6342
3709 1404 4643
1404 3709 4643
4643 1404 3709
1115 11768 12970
12970 1115 11768
11768 1115 12970
9839 5255 9254
9254 5255 9839
5255 9254 9839
9621 7245 7524
7524 7245 9621
7245 7524 9621
3210 9765 10729
9765 3210 10729
10729 3210 9765
1544 2515 14032
2515 1544 14032
14032 1544 2515
11408 1877 6560
1877 6560 11408
6560 1877 11408
11754 1523 8575
1523 8575 11754
8575 1523 11754
2599 995 3054
995 2599 3054
3054 995 2599
1252 1566 10140
1566 1252 10140
10140 1252 1566
8030 858 12613
12613 858 8030
858 8030 12613
7217 4770 5682
5682 4770 7217
4770 5682 7217
1146 7841 14079
14079 1146 7841
7841 1146 14079
12020 3257 12556
12556 3257 12020
3257 12020 12556
8249 842 11920
11920 842 8249
842 8249 11920
3279 11436 13682
11436 3279 13682
13682 3279 11436
12356 207 6579
207 6579 12356
6579 207 12356
257 4106 12286
12286 257 4106
4106 257 12286
103 3813 9547
3813 103 9547
9547 103 3813
6268 7261 10728
7261 6268 10728
10728 6268 7261
115 6365 14257
6365 115 14257
14257 115 6365
12081 2666 9009
9009 2666 12081
2666 9009 12081
12523 14197 14210
14197 12523 14210
14210 12523 14197
6113 545 1298
1298 545 6113
545 1298 6113
13095 2688 8919
2688 8919 13095
8919 2688 13095
8897 522 6739
6739 522 8897
522 6739 8897
6688 9902 11503
9902 6688 11503
11503 6688 9902
7123 11187 11629
11187 7123 11629
11629 7123 11187
9311 3449 5033
3449 5033 9311
5033 3449 9311
4575 1890 6813
1890 4575 6813
6813 1890 4575
9867 1912 3901
3901 1912 9867
1912 3901 9867
3318 8523 8697
8523 3318 8697
8697 3318 8523
5170 1064 12798
12798 1064 5170
1064 5170 12798
138 7639 8893
8893 138 7639
7639 138 8893
6613 10986 12801
12801 6613 10986
10986 6613 12801
4583 7649 11748
7649 4583 11748
11748 4583 7649
478 1689 11722
11722 478 1689
1689 478 11722
11677 4008 11225
11225 4008 11677
4008 11225 11677
2879 1806 4386
4386 1806 2879
1806 2879 4386
12842 14247 14264
14264 12842 14247
14247 12842 14264
12978 1950 13959
1950 12978 13959
13959 1950 12978
7056 3462 4635
3462 4635 7056
4635 3462 7056
3411 10036 12468
12468 3411 10036
10036 3411 12468
13022 10852 12473
10852 12473 13022
12473 10852 13022
14167 242 13692
13692 242 14167
242 13692 14167
6000 3218 10617
10617 3218 6000
3218 6000 10617
2316 1603 10309
1603 2316 10309
10309 1603 2316
10200 8076 11743
8076 10200 11743
11743 8076 10200
6013 7598 11891
7598 6013 11891
11891 6013 7598
6858 5802 9891
5802 6858 9891
9891 5802 6858
14857 1506 13747
1506 13747 14857
13747 1506 14857
11493 7877 12962
12962 7877 11493
7877 11493 12962
9087 6660 7234
7234 6660 9087
6660 7234 9087
10747 6852 13949
13949 6852 10747
6852 10747 13949
11909 3922 7991
7991 3922 11909
3922 7991 11909
14076 8282 11050
8282 11050 14076
11050 8282 14076
10074 3634 10450
10450 3634 10074
3634 10074 10450
4085 1914 13248
13248 1914 4085
1914 4085 13248
5379 71 10845
71 5379 10845
10845 71 5379
14120 6258 12310
12310 6258 14120
6258 12310 14120
4886 3186 14328
3186 4886 14328
14328 3186 4886
3985 8385 10447
8385 3985 10447
10447 3985 8385
3374 6183 12704
12704 3374 6183
6183 3374 12704
14707 495 8139
495 8139 14707
8139 495 14707
8738 6248 6500
6248 6500 8738
6500 6248 8738
14351 5396 14700
14700 5396 14351
5396 14351 14700
7929 11809 14231
11809 7929 14231
14231 7929 11809
11643 7102 11894
7102 11643 11894
11894 7102 11643
2393 485 1677
1677 485 2393
485 1677 2393
13828 1438 1451
1451 1438 13828
1438 1451 13828
8393 13385 14606
14606 8393 13385
13385 8393 14606
2809 459 13102
13102 459 2809
459 2809 13102
10398 8773 10724
8773 10398 10724
10724 8773 10398
11197 12478 13006
12478 11197 13006
13006 11197 12478
12874 4284 14612
4284 12874 14612
14612 4284 12874
4268 7173 11949
7173 4268 11949
11949 4268 7173
4204 10206 13847
10206 4204 13847
13847 4204 10206
7151 8386 10968
8386 7151 10968
10968 7151 8386
7817 9038 12664
12664 7817 9038
9038 7817 12664
7367 6263 12283
12283 6263 7367
6263 7367 12283
4111 9818 11272
11272 4111 9818
9818 4111 11272
1815 1340 6057
1340 1815 6057
6057 1340 1815
8014 11723 12893
12893 8014 11723
11723 8014 12893
12987 2151 12364
12364 2151 12987
2151 12364 12987
4351 6099 10492
10492 4351 6099
6099 4351 10492
8884 8308 13967
13967 8308 8884
8308 8884 13967
14807 1100 6356
6356 1100 14807
1100 6356 14807
7529 5789 7749
5789 7529 7749
7749 5789 7529
5060 617 14528
14528 617 5060
617 5060 14528
11655 5984 14300
14300 5984 11655
5984 11655 14300
9541 801 14110
801 9541 14110
14110 801 9541
4866 11595 14910
11595 4866 14910
14910 4866 11595
7294 1473 4616
1473 4616 7294
4616 1473 7294
5339 5231 6718
5231 5339 6718
6718 5231 5339
3443 9816 11190
11190 3443 9816
9816 3443 11190
7040 9071 13785
9071 7040 13785
13785 7040 9071
11579 5477 6816
6816 5477 11579
5477 6816 11579
4473 2542 7419
2542 4473 7419
7419 2542 4473
9346 1994 9302
9302 1994 9346
1994 9302 9346
12703 12559 13585
13585 12559 12703
12559 12703 13585
6207 2705 7843
2705 6207 7843
7843 2705 6207
2401 6521 13316
13316 2401 6521
6521 2401 13316
8285 321 3068
321 3068 8285
3068 321 8285
11626 2064 13164
13164 2064 11626
2064 11626 13164
589 3744 7611
7611 589 3744
3744 589 7611
5864 449 10478
10478 449 5864
449 5864 10478
3242 1739 12507
12507 1739 3242
1739 3242 12507
6312 6811 8695
8695 6312 6811
6811 6312 8695
12618 48 6290
6290 48 12618
48 6290 12618
9150 6083 12689
12689 6083 9150
6083 9150 12689
5068 2937 11216
11216 2937 5068
2937 5068 11216
3474 7733 13287
7733 3474 13287
13287 3474 7733
2456 3904 5668
5668 2456 3904
3904 2456 5668
13856 1143 4816
4816 1143 13856
1143 4816 13856
1551 1179 2531
2531 1179 1551
1179 1551 2531
12528 2910 7707
2910 7707 12528
7707 2910 12528
9043 11 7190
7190 11 9043
11 7190 9043
12239 3143 13640
13640 3143 12239
3143 12239 13640
2319 5000 13369
5000 2319 13369
13369 2319 5000
10266 1208 14372
1208 10266 14372
14372 1208 10266
14260 13033 14999
14999 13033 14260
13033 14260 14999
632 10753 12180
12180 632 10753
10753 632 12180
7445 2525 5728
2525 5728 7445
5728 2525 7445
7298 2569 12745
2569 7298 12745
12745 2569 7298
9707 8111 13605
13605 8111 9707
8111 9707 13605
8757 9451 11770
11770 8757 9451
9451 8757 11770
5192 7847 8531
7847 5192 8531
8531 5192 7847
12409 2859 10919
10919 2859 12409
2859 10919 12409
11651 13499 14729
14729 11651 13499
13499 11651 14729
3870 779 2829
2829 779 3870
779 2829 3870
2638 12068 12630
12068 2638 12630
12630 2638 12068
9890 11594 11742
11594 9890 11742
11742 9890 11594
9133 3387 13837
13837 3387 9133
3387 9133 13837
4289 8573 11236
8573 4289 11236
11236 4289 8573
12731 9817 11321
11321 9817 12731
9817 11321 12731
4308 10677 14171
14171 4308 10677
10677 4308 14171
14608 6881 14508
6881 14508 14608
14508 6881 14608
11248 11556 13417
11556 11248 13417
13417 11248 11556
6907 2107 11527
2107 6907 11527
11527 2107 6907
6165 8099 11834
8099 6165 11834
11834 6165 8099
5061 5189 6814
5189 5061 6814
6814 5061 5189
11147 2759 12821
2759 11147 12821
12821 2759 11147
3786 3810 11203
3810 3786 11203
11203 3786 3810
12585 3503 7401
3503 7401 12585
7401 3503 12585
6627 1439 6680
6680 1439 6627
1439 6627 6680
307 9564 11660
11660 307 9564
9564 307 11660
6166 6710 10535
6710 6166 10535
10535 6166 6710
13922 3128 12492
3128 12492 13922
12492 3128 13922
13105 85 770
770 85 13105
85 770 13105
8643 2057 11148
11148 2057 8643
2057 8643 11148
13971 3344 6938
6938 3344 13971
3344 6938 13971
52 212 845
212 52 845
845 52 212
11598 2958 7258
2958 7258 11598
7258 2958 11598
13306 3323 4815
3323 4815 13306
4815 3323 13306
3776 6685 7861
6685 3776 7861
7861 3776 6685
3726 3772 4471
4471 3726 3772
3772 3726 4471
6867 12431 12626
12431 6867 12626
12626 6867 12431
5190 3954 12532
12532 3954 5190
3954 5190 12532
51 1070 13711
1070 51 13711
13711 51 1070
9692 1767 8991
1767 8991 9692
8991 1767 9692
1519 178 8181
8181 178 1519
178 1519 8181
4707 8007 10053
8007 4707 10053
10053 4707 8007
6756 13663 14579
13663 6756 14579
14579 6756 13663
6436 1563 5981
1563 5981 6436
5981 1563 6436
12285 2512 12456
2512 12285 12456
12456 2512 12285
13733 4555 7743
7743 4555 13733
4555 7743 13733
6855 2920 8870
2920 6855 8870
8870 2920 6855
7015 7590 14947
14947 7015 7590
7590 7015 14947
1743 7969 8412
7969 1743 8412
8412 1743 7969
2801 2274 9746
9746 2274 2801
2274 2801 9746
14714 834 2486
834 2486 14714
2486 834 14714
12953 7293 11520
7293 11520 12953
11520 7293 12953
7350 2112 10349
2112 7350 10349
10349 2112 7350
11434 6771 12917
6771 11434 12917
12917 6771 11434
8325 2623 2769
2769 2623 8325
2623 2769 8325
119 2027 3430
3430 119 2027
2027 119 3430
4049 2966 14030
14030 2966 4049
2966 4049 14030
9344 10411 10962
10962 9344 10411
10411 9344 10962
12854 3630 3812
3812 3630 12854
3630 3812 12854
8230 4561 5885
4561 5885 8230
5885 4561 8230
789 2843 14461
2843 789 14461
14461 789 2843
2747 456 7448
456 2747 7448
7448 456 2747
5201 10736 11377
11377 5201 10736
10736 5201 11377
5294 4314 10597
4314 5294 10597
10597 4314 5294
13501 10502 14017
14017 10502 13501
10502 13501 14017
7504 876 6227
876 6227 7504
6227 876 7504
3437 3815 8494
8494 3437 3815
3815 3437 8494
3844 5473 11278
5473 3844 11278
11278 3844 5473
13638 9923 11641
9923 11641 13638
11641 9923 13638
6409 6157 6693
6693 6157 6409
6157 6409 6693
7814 7073 10609
10609 7073 7814
7073 7814 10609
13173 888 14673
888 13173 14673
14673 888 13173
9861 10144 11653
11653 9861 10144
10144 9861 11653
14546 7548 10347
10347 7548 14546
7548 10347 14546
13429 1581 3189
3189 1581 13429
1581 3189 13429
6126 1856 11150
1856 6126 11150
11150 1856 6126
5345 735 10449
10449 735 5345
735 5345 10449
6438 8781 9159
8781 6438 9159
9159 6438 8781
775 7074 11529
11529 775 7074
7074 775 11529
5675 8168 14157
14157 5675 8168
8168 5675 14157
1399 4408 7674
4408 1399 7674
7674 1399 4408
5539 3601 6233
3601 5539 6233
6233 3601 5539
297 2195 6873
2195 297 6873
6873 297 2195
3298 2970 3366
2970 3298 3366
3366 2970 3298
381 228 6341
228 381 6341
6341 228 381
7143 1542 11172
11172 1542 7143
1542 7143 11172
13349 376 12255
12255 376 13349
376 12255 13349
12737 769 6289
769 6289 12737
6289 769 12737
4490 262 4668
4668 262 4490
262 4490 4668
11136 8340 12044
8340 11136 12044
12044 8340 11136
10222 6379 11976
11976 6379 10222
6379 10222 11976
9443 4202 6850
4202 6850 9443
6850 4202 9443
7967 3524 13113
3524 7967 13113
13113 3524 7967
4760 335 5136
5136 335 4760
335 4760 5136
2996 5081 13325
13325 2996 5081
5081 2996 13325
7812 2566 7850
2566 7812 7850
7850 2566 7812
13864 221 3468
3468 221 13864
221 3468 13864
14476 1155 13340
1155 13340 14476
13340 1155 14476
1908 8432 13888
13888 1908 8432
8432 1908 13888
5111 7933 14420
7933 5111 14420
14420 5111 7933
3123 7631 14996
7631 3123 14996
14996 3123 7631
10058 614 7376
7376 614 10058
614 7376 10058
14075 1026 11786
11786 1026 14075
1026 11786 14075
2867 5814 7406
7406 2867 5814
5814 2867 7406
9138 4375 7710
7710 4375 9138
4375 7710 9138
1297 3389 13077
3389 1297 13077
13077 1297 3389
9262 34 14173
14173 34 9262
34 9262 14173
806 4748 10416
4748 806 10416
10416 806 4748
1003 568 4084
4084 568 1003
568 1003 4084
12565 5142 7999
5142 7999 12565
7999 5142 12565
8577 1162 10702
1162 8577 10702
10702 1162 8577
1818 3635 13021
3635 1818 13021
13021 1818 3635
6140 5986 13740
5986 6140 13740
13740 5986 6140
11755 4576 9563
9563 4576 11755
4576 9563 11755
2678 1464 9988
9988 1464 2678
1464 2678 9988
6804 509 2384
509 2384 6804
2384 509 6804
13997 2544 14140
2544 13997 14140
14140 2544 13997
327 1580 5120
5120 327 1580
1580 327 5120
13743 4382 5979
4382 5979 13743
5979 4382 13743
4690 11675 13665
11675 4690 13665
13665 4690 11675
681 2405 10820
2405 681 10820
10820 681 2405
14347 8203 14503
8203 14347 14503
14503 8203 14347
14597 3039 6264
3039 6264 14597
6264 3039 14597
10912 8029 10183
8029 10183 10912
10183 8029 10912
4280 1190 5939
1190 4280 5939
5939 1190 4280
14224 6885 12753
12753 6885 14224
6885 12753 14224
12312 533 5542
533 5542 12312
5542 533 12312
1073 7889 7930
7889 1073 7930
7930 1073 7889
1232 3404 7096
7096 1232 3404
3404 1232 7096
11420 410 1169
1169 410 11420
410 1169 11420
5226 3760 4142
4142 3760 5226
3760 4142 5226
587 2614 12259
12259 587 2614
2614 587 12259
11486 1122 12724
12724 1122 11486
1122 11486 12724
8571 4082 8267
8267 4082 8571
4082 8267 8571
7706 223 4157
223 4157 7706
4157 223 7706
9542 4562 10030
10030 4562 9542
4562 9542 10030
4296 1357 4967
1357 4296 4967
4967 1357 4296
4887 6861 8143
6861 4887 8143
8143 4887 6861
9907 4983 7599
4983 7599 9907
7599 4983 9907
3714 2009 6830
2009 3714 6830
6830 2009 3714
7670 1834 7819
7819 1834 7670
1834 7670 7819
1181 1097 13867
13867 1097 1181
1097 1181 13867
14415 738 7195
738 7195 14415
7195 738 14415
14940 2443 10390
10390 2443 14940
2443 10390 14940
9879 8800 12993
12993 8800 9879
8800 9879 12993
9612 7645 8748
8748 7645 9612
7645 8748 9612
14299 12049 12571
12049 12571 14299
12571 12049 14299
11367 12156 14884
14884 11367 12156
12156 11367 14884
6659 6377 9110
9110 6377 6659
6377 6659 9110
3708 12421 13715
13715 3708 12421
12421 3708 13715
12438 14282 14668
14282 12438 14668
14668 12438 14282
14059 11549 12938
11549 12938 14059
12938 11549 14059
14229 899 9291
899 9291 14229
9291 899 14229
7739 1230 6705
6705 1230 7739
1230 6705 7739
6374 2039 4144
2039 4144 6374
4144 2039 6374
440 10578 14721
14721 440 10578
10578 440 14721
1028 8566 10941
10941 1028 8566
8566 1028 10941
13425 2001 7024
2001 7024 13425
7024 2001 13425
11014 1634 6972
6972 1634 11014
1634 6972 11014
9657 3923 14651
3923 9657 14651
14651 3923 9657
9117 2489 8850
8850 2489 9117
2489 8850 9117
13221 13619 13744
13619 13221 13744
13744 13221 13619
14578 3093 11773
11773 3093 14578
3093 11773 14578
2292 8858 10031
8858 2292 10031
10031 2292 8858
12927 7778 8469
8469 7778 12927
7778 8469 12927
2882 5092 5978
5978 2882 5092
5092 2882 5978
13486 2108 10474
2108 10474 13486
10474 2108 13486
9406 984 12503
12503 984 9406
984 9406 12503
4015 3793 11606
11606 3793 4015
3793 4015 11606
5269 3914 10613
10613 3914 5269
3914 5269 10613
9402 250 6592
6592 250 9402
250 6592 9402
9315 1787 5467
1787 5467 9315
5467 1787 9315
4907 343 2981
343 2981 4907
2981 343 4907
7625 1334 11333
1334 7625 11333
11333 1334 7625
8710 6596 12555
12555 6596 8710
6596 8710 12555
201 3339 7447
3339 201 7447
7447 201 3339
5827 7595 10540
10540 5827 7595
7595 5827 10540
8199 5567 14000
14000 5567 8199
5567 8199 14000
7680 384 12651
12651 384 7680
384 7680 12651
6629 2718 4026
4026 2718 6629
2718 4026 6629
11424 4455 7373
7373 4455 11424
4455 7373 11424
417 4936 12996
12996 417 4936
4936 417 12996
13817 5213 14752
14752 5213 13817
5213 13817 14752
4020 6745 10697
6745 4020 10697
10697 4020 6745
4610 12849 12924
12849 4610 12924
12924 4610 12849
8161 1213 13431
13431 1213 8161
1213 8161 13431
8588 5494 6992
5494 6992 8588
6992 5494 8588
11679 5996 6071
5996 6071 11679
6071 5996 11679
7207 120 7556
120 7207 7556
7556 120 7207
10006 3172 6691
3172 6691 10006
6691 3172 10006
8701 4952 14293
14293 4952 8701
4952 8701 14293
10906 4301 7945
7945 4301 10906
4301 7945 10906
6917 3086 11728
11728 3086 6917
3086 6917 11728
10185 5982 9066
5982 9066 10185
9066 5982 10185
4833 1101 12961
1101 4833 12961
12961 1101 4833
2211 1608 8363
1608 2211 8363
8363 1608 2211
11360 4517 10273
10273 4517 11360
4517 10273 11360
3690 3346 11630
11630 3346 3690
3346 3690 11630
12034 8970 11316
11316 8970 12034
8970 11316 12034
5999 11876 14797
11876 5999 14797
14797 5999 11876
13761 1993 13172
13172 1993 13761
1993 13172 13761
8358 69 4476
69 4476 8358
4476 69 8358
4125 8104 12614
8104 4125 12614
12614 4125 8104
5555 6411 14663
14663 5555 6411
6411 5555 14663
5871 10249 11362
10249 5871 11362
11362 5871 10249
11898 4238 6487
4238 6487 11898
6487 4238 11898
4361 6494 13174
13174 4361 6494
6494 4361 13174
14889 3096 4904
4904 3096 14889
3096 4904 14889
6632 5580 6247
5580 6247 6632
6247 5580 6632
3122 10934 11257
10934 3122 11257
11257 3122 10934
2755 4795 12681
4795 2755 12681
12681 2755 4795
14954 4850 11572
11572 4850 14954
4850 11572 14954
2741 3104 3536
3536 2741 3104
3104 2741 3536
11237 2904 5801
5801 2904 11237
2904 5801 11237
13769 2334 14768
14768 2334 13769
2334 13769 14768
13071 5726 6155
5726 6155 13071
6155 5726 13071
4048 764 4489
4489 764 4048
764 4048 4489
11692 49 14833
14833 49 11692
49 11692 14833
10489 5693 10882
5693 10489 10882
10882 5693 10489
500 348 7325
7325 348 500
348 500 7325
11765 2850 4925
4925 2850 11765
2850 4925 11765
3213 2990 11398
2990 3213 11398
11398 2990 3213
3137 2916 14431
2916 3137 14431
14431 2916 3137
3191 3927 8103
3927 3191 8103
8103 3191 3927
10973 2768 6727
2768 6727 10973
6727 2768 10973
7194 6586 10293
6586 7194 10293
10293 6586 7194
5446 367 3626
3626 367 5446
367 3626 5446
8438 11387 13141
13141 8438 11387
11387 8438 13141
12372 7282 8715
7282 8715 12372
8715 7282 12372
8098 8456 11855
11855 8098 8456
8456 8098 11855
5333 544 9854
544 5333 9854
9854 544 5333
14636 2020 12945
2020 12945 14636
12945 2020 14636
3426 4541 6983
4541 3426 6983
6983 3426 4541
13763 454 12802
454 12802 13763
12802 454 13763
11291 14280 14615
14280 11291 14615
14615 11291 14280
9733 7218 9219
9219 7218 9733
7218 9219 9733
5918 3872 4088
4088 3872 5918
3872 4088 5918
4865 3887 10594
3887 4865 10594
10594 3887 4865
9264 9192 13464
9192 9264 13464
13464 9192 9264
4076 12105 12460
12105 4076 12460
12460 4076 12105
3548 1713 3221
1713 3221 3548
3221 1713 3548
10620 6792 9128
6792 9128 10620
9128 6792 10620
10670 1590 6401
6401 1590 10670
1590 6401 10670
155 2715 14565
2715 155 14565
14565 155 2715
2312 2439 10536
2439 2312 10536
10536 2312 2439
7675 802 7810
802 7675 7810
7810 802 7675
4328 5897 8061
8061 4328 5897
5897 4328 8061
3959 11313 12012
11313 3959 12012
12012 3959 11313
2597 3091 10465
3091 2597 10465
10465 2597 3091
5882 2158 8916
8916 2158 5882
2158 5882 8916
9048 9184 11696
11696 9048 9184
9184 9048 11696
14142 1612 3965
1612 3965 14142
3965 1612 14142
13299 1093 1926
1093 1926 13299
1926 1093 13299
13203 8137 9517
9517 8137 13203
8137 9517 13203
13557 486 5393
5393 486 13557
486 5393 13557
7216 4229 9465
9465 4229 7216
4229 7216 9465
9384 8056 10383
10383 8056 9384
8056 9384 10383
7437 7848 9814
9814 7437 7848
7848 7437 9814
6038 1503 12751
1503 6038 12751
12751 1503 6038
7955 2432 6686
6686 2432 7955
2432 6686 7955
11941 5097 9694
5097 9694 11941
9694 5097 11941
835 9480 13450
13450 835 9480
9480 835 13450
13339 3014 13279
13279 3014 13339
3014 13279 13339
1747 747 14245
14245 747 1747
747 1747 14245
126 5440 9086
9086 126 5440
5440 126 9086
9431 5182 12488
12488 5182 9431
5182 9431 12488
11652 9452 13989
13989 9452 11652
9452 11652 13989
7388 12427 12967
12967 7388 12427
12427 7388 12967
1882 100 5880
100 1882 5880
5880 100 1882
2897 2737 11110
2737 2897 11110
11110 2737 2897
8472 5299 9199
9199 5299 8472
5299 8472 9199
11802 7082 8306
7082 8306 11802
8306 7082 11802
6354 19 224
19 224 6354
224 19 6354
11751 5910 14205
14205 5910 11751
5910 11751 14205
7627 4709 5236
4709 5236 7627
5236 4709 7627
7232 2244 11016
11016 2244 7232
2244 7232 11016
1171 3639 5066
5066 1171 3639
3639 1171 5066
562 1319 13652
1319 562 13652
13652 562 1319
8899 11208 13588
11208 8899 13588
13588 8899 11208
10150 2606 12686
12686 2606 10150
2606 10150 12686
3294 241 2871
2871 241 3294
241 2871 3294
2065 2700 8075
2700 2065 8075
8075 2065 2700
5439 10452 11270
10452 5439 11270
11270 5439 10452
10948 4615 8404
4615 8404 10948
8404 4615 10948
2407 11838 12387
11838 2407 12387
12387 2407 11838
10397 4066 4175
4066 4175 10397
4175 4066 10397
12208 3113 11870
3113 11870 12208
11870 3113 12208
7758 3434 6926
3434 6926 7758
6926 3434 7758
11275 637 9024
637 9024 11275
9024 637 11275
3170 2018 4563
2018 3170 4563
4563 2018 3170
6531 6317 12779
6317 6531 12779
12779 6317 6531
12072 5669 10673
5669 10673 12072
10673 5669 12072
9493 1940 10365
1940 9493 10365
10365 1940 9493
6802 5487 9292
5487 6802 9292
9292 5487 6802
12706 951 10211
10211 951 12706
951 10211 12706
5673 919 4110
4110 919 5673
919 4110 5673
10130 3994 14619
3994 10130 14619
14619 3994 10130
5368 795 12491
795 5368 12491
12491 795 5368
987 1356 1838
1838 987 1356
1356 987 1838
12942 7735 11878
7735 11878 12942
11878 7735 12942
3623 6446 11347
6446 3623 11347
11347 3623 6446
7816 2863 8592
2863 7816 8592
8592 2863 7816
9504 276 2036
2036 276 9504
276 2036 9504
1241 4552 12128
4552 1241 12128
12128 1241 4552
10147 8900 14645
8900 10147 14645
14645 8900 10147
6581 2684 11418
11418 2684 6581
2684 6581 11418
13600 4262 6963
6963 4262 13600
4262 6963 13600
3141 8004 13456
13456 3141 8004
8004 3141 13456
14251 1474 13655
1474 13655 14251
13655 1474 14251
11900 6576 12361
12361 6576 11900
6576 11900 12361
4444 928 8279
8279 928 4444
928 4444 8279
879 1723 2554
1723 879 2554
2554 879 1723
3466 4522 13979
13979 3466 4522
4522 3466 13979
2335 2653 6472
2653 2335 6472
6472 2335 2653
3478 3286 9172
3286 3478 9172
9172 3286 3478
677 1769 13051
13051 677 1769
1769 677 13051
9550 7677 11952
11952 7677 9550
7677 9550 11952
2044 852 6569
852 2044 6569
6569 852 2044
4039 3132 9111
3132 4039 9111
9111 3132 4039
7144 7849 13013
7849 7144 13013
13013 7144 7849
13661 11035 14227
14227 11035 13661
11035 13661 14227
1322 2714 11170
11170 1322 2714
2714 1322 11170
12640 379 11504
379 11504 12640
11504 379 12640
12461 2165 11238
11238 2165 12461
2165 11238 12461
2141 3925 10248
3925 2141 10248
10248 2141 3925
2093 9304 9576
9304 2093 9576
9576 2093 9304
1802 1513 11435
1513 1802 11435
11435 1513 1802
6902 2588 6466
6466 2588 6902
2588 6466 6902
6574 12811 13155
12811 6574 13155
13155 6574 12811
4756 6937 13564
13564 4756 6937
6937 4756 13564
6998 359 4570
359 4570 6998
4570 359 6998
3941 6794 7322
7322 3941 6794
6794 3941 7322
6097 5373 12363
12363 5373 6097
5373 6097 12363
14233 1761 8048
8048 1761 14233
1761 8048 14233
6501 971 10534
10534 971 6501
971 6501 10534
1875 8189 11081
11081 1875 8189
8189 1875 11081
884 8886 9668
9668 884 8886
8886 884 9668
4598 7701 11065
7701 4598 11065
11065 4598 7701
6432 1502 8626
1502 6432 8626
8626 1502 6432
7815 12905 13272
12905 7815 13272
13272 7815 12905
10321 7959 11611
11611 7959 10321
7959 10321 11611
11359 3745 11383
3745 11359 11383
11383 3745 11359
5799 3966 6886
6886 3966 5799
3966 5799 6886
2490 3485 7159
7159 2490 3485
3485 2490 7159
4525 3244 12698
3244 4525 12698
12698 3244 4525
2431 3009 5016
3009 2431 5016
5016 2431 3009
5636 6019 9802
6019 5636 9802
9802 5636 6019
1332 3984 10671
10671 1332 3984
3984 1332 10671
5677 9525 12297
12297 5677 9525
9525 5677 12297
7260 7527 14869
7527 7260 14869
14869 7260 7527
10437 215 11903
215 10437 11903
11903 215 10437
12907 483 11725
11725 483 12907
483 11725 12907
4428 2250 10274
10274 2250 4428
2250 4428 10274
9369 13812 14204
14204 9369 13812
13812 9369 14204
10010 5327 9474
5327 9474 10010
9474 5327 10010
13342 12591 13230
13230 12591 13342
12591 13230 13342
13807 1847 13156
1847 13156 13807
13156 1847 13807
3538 5405 9670
5405 3538 9670
9670 3538 5405
6906 5197 5767
5197 5767 6906
5767 5197 6906
7953 6849 8722
6849 7953 8722
8722 6849 7953
6964 3814 14106
3814 6964 14106
14106 3814 6964
13120 4166 7839
4166 7839 13120
7839 4166 13120
5830 11709 14605
14605 5830 11709
11709 5830 14605
12723 8515 9272
8515 9272 12723
9272 8515 12723
2616 5138 13437
13437 2616 5138
5138 2616 13437
864 5429 14453
14453 864 5429
5429 864 14453
5309 1616 14046
14046 1616 5309
1616 5309 14046
6262 363 11073
363 6262 11073
11073 363 6262
5717 3808 6518
3808 5717 6518
6518 3808 5717
325 503 9440
9440 325 503
503 325 9440
11979 8490 14053
14053 8490 11979
8490 11979 14053
11589 2609 11927
2609 11589 11927
11927 2609 11589
3662 4896 8974
8974 3662 4896
4896 3662 8974
4193 1481 8281
8281 1481 4193
1481 4193 8281
2827 5798 14576
5798 2827 14576
14576 2827 5798
10576 3181 11300
3181 10576 11300
11300 3181 10576
7574 6618 12222
6618 7574 12222
12222 6618 7574
4367 8810 14408
14408 4367 8810
8810 4367 14408
12649 11195 11939
11939 11195 12649
11195 11939 12649
9399 1300 2495
1300 2495 9399
2495 1300 9399
12834 666 8421
8421 666 12834
666 8421 12834
2084 5652 6502
6502 2084 5652
5652 2084 6502
13699 7078 12600
12600 7078 13699
7078 12600 13699
12218 6080 9815
9815 6080 12218
6080 9815 12218
7618 13749 14226
14226 7618 13749
13749 7618 14226
10518 1765 11335
1765 10518 11335
11335 1765 10518
14438 6563 8691
6563 8691 14438
8691 6563 14438
5208 3202 5156
3202 5156 5208
5156 3202 5208
6616 4223 4363
4363 4223 6616
4223 4363 6616
7704 1686 3798
3798 1686 7704
1686 3798 7704
893 708 2673
2673 708 893
708 893 2673
8553 5453 13478
5453 8553 13478
13478 5453 8553
9019 6304 8883
8883 6304 9019
6304 8883 9019
1240 9788 13707
13707 1240 9788
9788 1240 13707
5069 1238 12111
1238 5069 12111
12111 1238 5069
7762 1472 5116
1472 5116 7762
5116 1472 7762
13874 4881 5797
4881 5797 13874
5797 4881 13874
588 1508 6395
1508 588 6395
6395 588 1508
7737 6952 9158
9158 6952 7737
6952 7737 9158
11144 4062 8110
8110 4062 11144
4062 8110 11144
14861 3002 12877
3002 12877 14861
12877 3002 14861
1543 5647 6935
6935 1543 5647
5647 1543 6935
9314 372 14648
14648 372 9314
372 9314 14648
11683 1850 5464
5464 1850 11683
1850 5464 11683
6530 9411 9685
9685 6530 9411
9411 6530 9685
11747 6914 7622
6914 7622 11747
7622 6914 11747
4080 9865 12071
9865 4080 12071
12071 4080 9865
5956 643 12341
643 5956 12341
12341 643 5956
8718 992 5351
5351 992 8718
992 5351 8718
14051 1516 6600
6600 1516 14051
1516 6600 14051
3553 6245 9578
6245 3553 9578
9578 3553 6245
1827 1106 11896
1106 1827 11896
11896 1106 1827
9553 4536 8751
4536 8751 9553
8751 4536 9553
13152 1829 10927
10927 1829 13152
1829 10927 13152
7533 4917 14393
4917 7533 14393
14393 4917 7533
10192 4500 14414
14414 4500 10192
4500 10192 14414
10888 2094 5408
5408 2094 10888
2094 5408 10888
6988 4984 5352
4984 5352 6988
5352 4984 6988
9185 11716 12574
12574 9185 11716
11716 9185 12574
14497 5914 12611
5914 12611 14497
12611 5914 14497
9454 10244 11617
10244 9454 11617
11617 9454 10244
8044 2023 13954
2023 8044 13954
13954 2023 8044
5828 4184 7633
7633 4184 5828
4184 5828 7633
171 9792 10822
10822 171 9792
9792 171 10822
3678 4861 14271
14271 3678 4861
4861 3678 14271
843 6658 10875
10875 843 6658
6658 843 10875
9460 1610 7682
7682 1610 9460
1610 7682 9460
14977 5598 9888
9888 5598 14977
5598 9888 14977
13055 12211 13518
12211 13055 13518
13518 12211 13055
9635 6205 12768
6205 9635 12768
12768 6205 9635
10836 5385 14915
14915 5385 10836
5385 10836 14915
8239 5556 9848
9848 5556 8239
5556 8239 9848
2030 7466 8816
7466 2030 8816
8816 2030 7466
5126 7248 8866
8866 5126 7248
7248 5126 8866
5632 6362 13909
6362 5632 13909
13909 5632 6362
8997 6982 14333
14333 6982 8997
6982 8997 14333
7037 3591 10187
3591 7037 10187
10187 3591 7037
11701 1651 11366
1651 11366 11701
11366 1651 11701
14660 3703 5234
3703 5234 14660
5234 3703 14660
6703 1048 10581
10581 1048 6703
1048 6703 10581
9696 927 10203
10203 927 9696
927 9696 10203
3934 6073 10370
6073 3934 10370
10370 3934 6073
12895 2052 3935
3935 2052 12895
2052 3935 12895
5902 125 7163
7163 125 5902
125 5902 7163
13574 5200 13662
5200 13574 13662
13662 5200 13574
13388 4757 12923
12923 4757 13388
4757 12923 13388
2980 4699 10969
4699 2980 10969
10969 2980 4699
14339 5335 5774
5335 5774 14339
5774 5335 14339
6995 797 9942
9942 797 6995
797 6995 9942
12944 3679 10129
10129 3679 12944
3679 10129 12944
6555 2215 6265
6265 2215 6555
2215 6265 6555
6294 4230 14974
4230 6294 14974
14974 4230 6294
11938 6452 8842
8842 6452 11938
6452 8842 11938
10342 6594 13266
13266 6594 10342
6594 10342 13266
11178 7197 12659
12659 7197 11178
7197 11178 12659
10493 5781 10394
5781 10394 10493
10394 5781 10493
1987 8263 11731
11731 1987 8263
8263 1987 11731
4282 5167 10877
10877 4282 5167
5167 4282 10877
3459 8968 9416
9416 3459 8968
8968 3459 9416
5245 245 13281
245 5245 13281
13281 245 5245
14950 95 7047
95 7047 14950
7047 95 14950
2322 580 7610
580 2322 7610
7610 580 2322
13764 7808 11494
11494 7808 13764
7808 11494 13764
5613 7359 13109
7359 5613 13109
13109 5613 7359
4069 5216 7328
7328 4069 5216
5216 4069 7328
13200 5659 9271
5659 9271 13200
9271 5659 13200
3910 423 3607
3607 423 3910
423 3607 3910
7390 4331 8726
4331 7390 8726
8726 4331 7390
14564 5656 6893
5656 6893 14564
6893 5656 14564
10984 2855 11151
2855 10984 11151
11151 2855 10984
5010 6054 8336
6054 5010 8336
8336 5010 6054
9398 3747 5946
3747 5946 9398
5946 3747 9398
12607 3080 8535
3080 8535 12607
8535 3080 12607
2155 3773 13961
3773 2155 13961
13961 2155 3773
199 477 10446
10446 199 477
477 199 10446
4261 2925 13423
13423 2925 4261
2925 4261 13423
912 5849 13127
5849 912 13127
13127 912 5849
13520 1929 12412
12412 1929 13520
1929 12412 13520
1854 13781 14475
14475 1854 13781
13781 1854 14475
9613 510 14675
510 9613 14675
14675 510 9613
3164 4186 9485
4186 3164 9485
9485 3164 4186
11934 7617 9453
7617 9453 11934
9453 7617 11934
12675 3254 8785
8785 3254 12675
3254 8785 12675
3550 9892 11805
11805 3550 9892
9892 3550 11805
10431 4475 14296
4475 10431 14296
14296 4475 10431
8278 3853 5486
5486 3853 8278
3853 5486 8278
14594 5458 12073
12073 5458 14594
5458 12073 14594
14584 9430 14841
9430 14584 14841
14841 9430 14584
8744 8918 13334
13334 8744 8918
8918 8744 13334
10490 3011 11985
11985 3011 10490
3011 10490 11985
13036 9503 13873
13873 9503 13036
9503 13036 13873
13157 6606 14593
6606 13157 14593
14593 6606 13157
1030 875 9339
875 1030 9339
9339 875 1030
97 1923 14531
14531 97 1923
1923 97 14531
3492 1888 6770
1888 3492 6770
6770 1888 3492
12459 415 11369
11369 415 12459
415 11369 12459
2691 11284 11560
11284 2691 11560
11560 2691 11284
8993 11928 12216
12216 8993 11928
11928 8993 12216
1320 3964 14081
14081 1320 3964
3964 1320 14081
5607 214 14716
14716 214 5607
214 5607 14716
8253 9896 13860
9896 8253 13860
13860 8253 9896
6158 3107 5056
3107 5056 6158
5056 3107 6158
11837 7313 8065
8065 7313 11837
7313 8065 11837
6956 3734 9332
9332 3734 6956
3734 6956 9332
4539 827 4908
827 4539 4908
4908 827 4539
14684 11763 14387
14387 11763 14684
11763 14387 14684
13209 6029 10706
10706 6029 13209
6029 10706 13209
4849 1137 2395
1137 2395 4849
2395 1137 4849
2857 3931 11175
3931 2857 11175
11175 2857 3931
539 960 7921
960 539 7921
7921 539 960
9713 3702 9487
9487 3702 9713
3702 9487 9713
13276 5172 9438
5172 9438 13276
9438 5172 13276
14975 487 1102
487 1102 14975
1102 487 14975
8564 6200 8537
6200 8537 8564
8537 6200 8564
13490 739 3967
739 3967 13490
3967 739 13490
11135 7755 11761
11761 7755 11135
7755 11135 11761
8934 2539 6872
6872 2539 8934
2539 6872 8934
2830 12674 13970
12674 2830 13970
13970 2830 12674
8723 3777 13314
13314 3777 8723
3777 8723 13314
10572 1680 7349
7349 1680 10572
1680 7349 10572
13040 1267 9665
1267 9665 13040
9665 1267 13040
6459 505 4458
4458 505 6459
505 4458 6459
12609 2045 8478
8478 2045 12609
2045 8478 12609
4980 2929 13846
13846 2929 4980
2929 4980 13846
14838 4453 5884
4453 5884 14838
5884 4453 14838
5524 9067 12200
9067 5524 12200
12200 5524 9067
13112 9179 12059
9179 12059 13112
12059 9179 13112
11115 4083 4661
4083 4661 11115
4661 4083 11115
7413 4446 13928
4446 7413 13928
13928 4446 7413
9412 206 10188
206 9412 10188
10188 206 9412
480 7309 8768
7309 480 8768
8768 480 7309
14759 6291 14381
14381 6291 14759
6291 14381 14759
8656 10027 14425
14425 8656 10027
10027 8656 14425
25 2601 4915
4915 25 2601
2601 25 4915
2157 1129 10943
10943 1129 2157
1129 2157 10943
7395 4808 11072
11072 4808 7395
4808 7395 11072
4822 12353 14896
12353 4822 14896
14896 4822 12353
7214 855 1370
1370 855 7214
855 1370 7214
9927 8024 14690
14690 8024 9927
8024 9927 14690
8376 710 6427
710 6427 8376
6427 710 8376
14258 273 4493
4493 273 14258
273 4493 14258
1177 7471 11405
7471 1177 11405
11405 1177 7471
141 3875 12862
12862 141 3875
3875 141 12862
10826 9486 10517
9486 10517 10826
10517 9486 10826
6882 680 14911
680 6882 14911
14911 680 6882
13616 7756 9969
9969 7756 13616
7756 9969 13616
9837 5414 6692
5414 6692 9837
6692 5414 9837
3225 12413 13865
12413 3225 13865
13865 3225 12413
9587 1203 8119
1203 8119 9587
8119 1203 9587
3783 10169 12205
12205 3783 10169
10169 3783 12205
14366 5031 7136
7136 5031 14366
5031 7136 14366
1347 1086 13428
1086 1347 13428
13428 1086 1347
4879 9428 14115
9428 4879 14115
14115 4879 9428
993 9335 9691
9335 993 9691
9691 993 9335
12164 12339 14691
12339 12164 14691
14691 12164 12339
1386 2294 9353
2294 1386 9353
9353 1386 2294
11442 8909 12822
12822 8909 11442
8909 11442 12822
7853 14496 14887
14496 7853 14887
14887 7853 14496
14851 5386 8439
5386 8439 14851
8439 5386 14851
14854 397 12882
12882 397 14854
397 12882 14854
12063 4754 7546
4754 7546 12063
7546 4754 12063
9227 6622 12997
6622 9227 12997
12997 6622 9227
14983 4928 7221
4928 7221 14983
7221 4928 14983
1673 2664 12047
12047 1673 2664
2664 1673 12047
13245 4222 10760
10760 4222 13245
4222 10760 13245
9155 6314 6636
6314 6636 9155
6636 6314 9155
10768 5983 7029
7029 5983 10768
5983 7029 10768
8298 7378 13563
7378 8298 13563
13563 7378 8298
13890 1745 1925
1745 1925 13890
1925 1745 13890
12212 7152 10382
7152 10382 12212
10382 7152 12212
9983 1412 6012
1412 6012 9983
6012 1412 9983
10119 8369 10063
8369 10063 10119
10063 8369 10119
5214 8343 13494
8343 5214 13494
13494 5214 8343
3779 642 3327
3327 642 3779
642 3327 3779
3551 6068 10787
10787 3551 6068
6068 3551 10787
6160 6282 14289
14289 6160 6282
6282 6160 14289
2016 9381 10883
9381 2016 10883
10883 2016 9381
1979 925 14275
14275 925 1979
925 1979 14275
8055 2132 10443
10443 2132 8055
2132 8055 10443
2388 3866 10658
3866 2388 10658
10658 2388 3866
648 4533 4590
4533 648 4590
4590 648 4533
10788 2359 4075
4075 2359 10788
2359 4075 10788
3050 6111 6161
6161 3050 6111
6111 3050 6161
4912 8640 12782
12782 4912 8640
8640 4912 12782
10473 822 14193
822 10473 14193
14193 822 10473
8197 3856 6757
3856 6757 8197
6757 3856 8197
9759 6828 7576
7576 6828 9759
6828 7576 9759
3840 216 12693
216 3840 12693
12693 216 3840
12062 3658 5915
3658 5915 12062
5915 3658 12062
6059 4559 5855
5855 4559 6059
4559 5855 6059
8147 1630 7255
7255 1630 8147
1630 7255 8147
10287 4765 6447
6447 4765 10287
4765 6447 10287
10021 2336 5573
2336 5573 10021
5573 2336 10021
7697 3758 8043
3758 7697 8043
8043 3758 7697
10261 7699 12419
7699 10261 12419
12419 7699 10261
7994 1259 13871
1259 7994 13871
13871 1259 7994
4376 7439 9137
9137 4376 7439
7439 4376 9137
4837 10355 10761
10761 4837 10355
10355 4837 10761
12144 3042 9063
9063 3042 12144
3042 9063 12144
14624 3363 4946
4946 3363 14624
3363 4946 14624
6728 12252 12360
12360 6728 12252
12252 6728 12360
6143 4237 11906
4237 6143 11906
11906 4237 6143
12192 1741 13469
13469 1741 12192
1741 12192 13469
5012 1500 2068
1500 2068 5012
2068 1500 5012
6807 9875 12827
12827 6807 9875
9875 6807 12827
5150 13303 13606
13606 5150 13303
13303 5150 13606
2318 12385 13060
12385 2318 13060
13060 2318 12385
14741 5399 7635
7635 5399 14741
5399 7635 14741
8448 1272 2150
2150 1272 8448
1272 2150 8448
11044 1448 14646
1448 11044 14646
14646 1448 11044
6386 6990 12662
12662 6386 6990
6990 6386 12662
2480 3979 12986
12986 2480 3979
3979 2480 12986
6061 3364 4096
3364 4096 6061
4096 3364 6061
2603 7782 8594
7782 2603 8594
8594 2603 7782
7597 5688 6626
5688 6626 7597
6626 5688 7597
10645 6120 6442
6442 6120 10645
6120 6442 10645
2234 6762 8635
6762 2234 8635
8635 2234 6762
8188 1260 8770
1260 8188 8770
8770 1260 8188
2732 3369 11919
3369 2732 11919
11919 2732 3369
9141 6415 6871
6415 6871 9141
6871 6415 9141
1349 7432 14592
7432 1349 14592
14592 1349 7432
6528 7871 8931
7871 6528 8931
8931 6528 7871
6079 10381 14981
14981 6079 10381
10381 6079 14981
4169 8180 8292
8180 4169 8292
8292 4169 8180
7005 10773 11908
11908 7005 10773
10773 7005 11908
11785 9349 13387
13387 9349 11785
9349 11785 13387
14474 9904 14180
9904 14180 14474
14180 9904 14474
5638 1501 6400
6400 1501 5638
1501 5638 6400
3409 4457 8221
8221 3409 4457
4457 3409 8221
1644 3692 12496
12496 1644 3692
3692 1644 12496
1949 6996 12637
12637 1949 6996
6996 1949 12637
7072 7375 11490
7375 7072 11490
11490 7072 7375
5152 4042 9445
4042 5152 9445
9445 4042 5152
13577 2698 14547
2698 13577 14547
14547 2698 13577
11233 13721 14170
14170 11233 13721
13721 11233 14170
10278 6808 10738
6808 10278 10738
10738 6808 10278
1082 7678 12793
12793 1082 7678
7678 1082 12793
5455 6723 10127
10127 5455 6723
6723 5455 10127
5538 7475 14718
14718 5538 7475
7475 5538 14718
2713 5515 8064
5515 2713 8064
8064 2713 5515
7064 3362 4798
4798 3362 7064
3362 4798 7064
6593 11406 14787
14787 6593 11406
11406 6593 14787
9400 5526 12498
12498 5526 9400
5526 9400 12498
6020 1089 3569
3569 1089 6020
1089 3569 6020
11214 7947 8426
8426 7947 11214
7947 8426 11214
1157 5101 9539
9539 1157 5101
5101 1157 9539
134 2978 11993
11993 134 2978
2978 134 11993
6712 1445 3691
1445 3691 6712
3691 1445 6712
8125 3400 11911
3400 8125 11911
11911 3400 8125
4293 1209 14445
1209 4293 14445
14445 1209 4293
2070 10781 11991
10781 2070 11991
11991 2070 10781
6119 760 6733
6733 760 6119
760 6119 6733
6035 2251 3328
3328 2251 6035
2251 3328 6035
4710 4336 8455
4336 4710 8455
8455 4336 4710
9032 2425 13122
13122 2425 9032
2425 9032 13122
9626 6010 8094
6010 8094 9626
8094 6010 9626
13301 2989 5626
5626 2989 13301
2989 5626 13301
1801 8242 11219
11219 1801 8242
8242 1801 11219
13351 3974 9534
9534 3974 13351
3974 9534 13351
6175 2629 6145
2629 6145 6175
