122531 30647 33840
30647 33840 122531
33840 30647 122531
46305 63858 144501
144501 46305 63858
63858 46305 144501
36096 30265 125813
30265 36096 125813
125813 30265 36096
75046 4257 13234
4257 13234 75046
13234 4257 75046
141854 38092 95347
95347 38092 141854
38092 95347 141854
25726 45922 97247
97247 25726 45922
45922 25726 97247
89376 45571 124648
45571 89376 124648
124648 45571 89376
49714 56117 139198
56117 49714 139198
139198 49714 56117
120785 16642 107601
107601 16642 120785
16642 107601 120785
113598 27314 58072
58072 27314 113598
27314 58072 113598
42729 983 39680
983 39680 42729
39680 983 42729
68740 353 42265
42265 353 68740
353 42265 68740
113621 103722 148290
103722 113621 148290
148290 103722 113621
27158 82 84295
84295 82 27158
82 27158 84295
3531 29465 127185
29465 3531 127185
127185 3531 29465
76422 12326 63560
63560 12326 76422
12326 63560 76422
144002 59381 79846
79846 59381 144002
59381 79846 144002
75367 88797 115594
115594 75367 88797
88797 75367 115594
110638 40601 66206
40601 66206 110638
66206 40601 110638
133071 123037 129878
123037 129878 133071
129878 123037 133071
149118 71745 113131
113131 71745 149118
71745 113131 149118
103266 133239 144181
144181 103266 133239
133239 103266 144181
2735 30898 69318
69318 2735 30898
30898 2735 69318
55532 7387 108796
108796 7387 55532
7387 55532 108796
129143 57287 99981
57287 99981 129143
99981 57287 129143
17320 39816 84618
39816 17320 84618
84618 17320 39816
122886 123602 141140
141140 122886 123602
123602 122886 141140
84418 152 107620
152 84418 107620
107620 152 84418
55232 56062 112977
56062 55232 112977
112977 55232 56062
66022 19670 116712
19670 66022 116712
116712 19670 66022
123621 100196 111915
111915 100196 123621
100196 111915 123621
103815 15722 43891
43891 15722 103815
15722 43891 103815
146538 67017 102681
102681 67017 146538
67017 102681 146538
37790 104755 137614
137614 37790 104755
104755 37790 137614
76634 32187 104663
104663 32187 76634
32187 76634 104663
82995 11459 113924
11459 82995 113924
113924 11459 82995
96062 70106 104581
104581 70106 96062
70106 96062 104581
34178 38169 122381
38169 34178 122381
122381 34178 38169
138473 133336 142111
133336 138473 142111
142111 133336 138473
144929 5453 38611
5453 38611 144929
38611 5453 144929
8891 116281 116347
116347 8891 116281
116281 8891 116347
89556 496 143711
496 89556 143711
143711 496 89556
133196 143702 148988
143702 133196 148988
148988 133196 143702
30174 62732 128086
128086 30174 62732
62732 30174 128086
58716 65884 130998
65884 58716 130998
130998 58716 65884
69906 69043 88215
69043 69906 88215
88215 69043 69906
107090 48593 124855
48593 107090 124855
124855 48593 107090
105617 30615 56276
30615 56276 105617
56276 30615 105617
139019 28177 56789
28177 56789 139019
56789 28177 139019
115074 32854 70473
32854 70473 115074
70473 32854 115074
17735 2742 89257
89257 2742 17735
2742 17735 89257
105265 80007 122899
122899 80007 105265
80007 105265 122899
46159 59322 136427
136427 46159 59322
59322 46159 136427
93773 38958 107450
107450 38958 93773
38958 93773 107450
46786 87935 119406
119406 46786 87935
87935 46786 119406
11297 528 71708
71708 528 11297
528 11297 71708
117209 66128 73797
66128 73797 117209
73797 66128 117209
24843 33728 84758
84758 24843 33728
33728 24843 84758
142669 47246 69917
69917 47246 142669
47246 69917 142669
20576 41866 134268
134268 20576 41866
41866 20576 134268
35531 42266 109500
42266 35531 109500
109500 35531 42266
141702 5119 122397
122397 5119 141702
5119 122397 141702
28434 9526 112089
112089 9526 28434
9526 28434 112089
94330 17725 62560
17725 62560 94330
62560 17725 94330
131242 66767 144703
144703 66767 131242
66767 131242 144703
89698 10583 121571
10583 89698 121571
121571 10583 89698
135105 143918 143956
143956 135105 143918
143918 135105 143956
36826 57486 98550
57486 36826 98550
98550 36826 57486
127090 15512 70453
15512 70453 127090
70453 15512 127090
90397 76537 118334
118334 76537 90397
76537 90397 118334
78047 42065 120607
42065 78047 120607
120607 42065 78047
6433 55555 142923
142923 6433 55555
55555 6433 142923
96619 4255 86162
86162 4255 96619
4255 86162 96619
41308 42889 110825
42889 41308 110825
110825 41308 42889
17454 28791 80758
28791 17454 80758
80758 17454 28791
70027 114246 136002
114246 70027 136002
136002 70027 114246
95875 45150 47343
45150 47343 95875
47343 45150 95875
78602 27708 50440
50440 27708 78602
27708 50440 78602
130395 46315 129532
129532 46315 130395
46315 129532 130395
36916 41166 125261
125261 36916 41166
41166 36916 125261
137283 135251 146190
146190 135251 137283
135251 137283 146190
142667 6405 113321
113321 6405 142667
6405 113321 142667
81780 11093 128971
11093 81780 128971
128971 11093 81780
133039 53054 60552
53054 60552 133039
60552 53054 133039
128926 102237 149567
102237 128926 149567
149567 102237 128926
141522 21916 74606
74606 21916 141522
21916 74606 141522
43870 12420 54342
12420 43870 54342
54342 12420 43870
67607 12179 93183
93183 12179 67607
12179 67607 93183
80067 130932 135701
135701 80067 130932
130932 80067 135701
6104 92422 131952
131952 6104 92422
92422 6104 131952
73791 81623 142323
81623 73791 142323
142323 73791 81623
137715 98673 112218
112218 98673 137715
98673 112218 137715
143001 76922 100350
76922 100350 143001
100350 76922 143001
128303 4293 133888
133888 4293 128303
4293 128303 133888
91531 17923 99108
17923 91531 99108
99108 17923 91531
60942 23597 144726
23597 60942 144726
144726 23597 60942
83854 4003 117471
117471 4003 83854
4003 83854 117471
127458 19799 138721
138721 19799 127458
19799 127458 138721
53545 39871 88389
39871 53545 88389
88389 39871 53545
149115 72934 145146
72934 145146 149115
145146 72934 149115
138595 51248 68606
68606 51248 138595
51248 68606 138595
43053 72351 116874
116874 43053 72351
72351 43053 116874
34199 100914 130844
100914 34199 130844
130844 34199 100914
37703 86179 126193
126193 37703 86179
86179 37703 126193
130845 6936 76951
6936 76951 130845
76951 6936 130845
147013 49348 75884
75884 49348 147013
49348 75884 147013
143723 34771 44721
44721 34771 143723
34771 44721 143723
6276 79651 146852
79651 6276 146852
146852 6276 79651
107320 81312 134749
134749 81312 107320
81312 107320 134749
36856 64179 125868
64179 36856 125868
125868 36856 64179
110715 30733 62562
30733 62562 110715
62562 30733 110715
111660 31878 33606
33606 31878 111660
31878 33606 111660
70365 12057 109009
109009 12057 70365
12057 70365 109009
83580 29062 93877
93877 29062 83580
29062 83580 93877
58231 27239 131673
27239 58231 131673
131673 27239 58231
6270 4484 64742
64742 4484 6270
4484 6270 64742
38149 11504 135649
11504 38149 135649
135649 11504 38149
69774 14917 76772
14917 69774 76772
76772 14917 69774
3599 54692 66900
54692 3599 66900
66900 3599 54692
24938 26294 57933
57933 24938 26294
26294 24938 57933
91122 43731 132020
43731 91122 132020
132020 43731 91122
107708 37443 130749
37443 107708 130749
130749 37443 107708
127100 30322 86677
30322 86677 127100
86677 30322 127100
11598 7706 116890
116890 7706 11598
7706 11598 116890
69490 388 144860
388 69490 144860
144860 388 69490
86067 10078 129372
129372 10078 86067
10078 86067 129372
556 70417 131443
70417 556 131443
131443 556 70417
146143 43050 93615
93615 43050 146143
43050 93615 146143
138521 52826 85507
52826 85507 138521
85507 52826 138521
141236 3043 15183
3043 15183 141236
15183 3043 141236
5230 29149 34557
29149 5230 34557
34557 5230 29149
77592 88619 146502
146502 77592 88619
88619 77592 146502
94613 48971 98056
98056 48971 94613
48971 94613 98056
26799 128045 136991
136991 26799 128045
128045 26799 136991
16975 7097 46412
46412 7097 16975
7097 16975 46412
4126 80331 103644
103644 4126 80331
80331 4126 103644
139313 16815 144567
144567 16815 139313
16815 139313 144567
42212 51415 80903
51415 42212 80903
80903 42212 51415
44227 57916 127648
57916 44227 127648
127648 44227 57916
149437 8074 114693
114693 8074 149437
8074 114693 149437
22571 14014 72418
72418 14014 22571
14014 22571 72418
76696 8678 103280
8678 76696 103280
103280 8678 76696
84325 76408 91618
91618 76408 84325
76408 84325 91618
114617 105977 135506
105977 114617 135506
135506 105977 114617
142139 101463 106002
101463 106002 142139
106002 101463 142139
36089 31630 144933
31630 36089 144933
144933 31630 36089
40849 44744 134029
134029 40849 44744
44744 40849 134029
66889 10696 62929
62929 10696 66889
10696 62929 66889
106636 26063 127636
26063 106636 127636
127636 26063 106636
109515 91118 127179
91118 109515 127179
127179 91118 109515
72073 97974 128292
97974 72073 128292
128292 72073 97974
137658 94205 116786
94205 116786 137658
116786 94205 137658
51055 8941 136347
136347 8941 51055
8941 51055 136347
141740 20955 52924
52924 20955 141740
20955 52924 141740
113284 69753 116672
116672 69753 113284
69753 113284 116672
24031 746 63992
746 24031 63992
63992 746 24031
74131 26039 79014
79014 26039 74131
26039 74131 79014
76650 35007 129960
35007 76650 129960
129960 35007 76650
28518 23939 149942
23939 28518 149942
149942 23939 28518
103014 69356 75105
75105 69356 103014
69356 75105 103014
129138 10319 111573
10319 111573 129138
111573 10319 129138
83343 104435 141395
141395 83343 104435
104435 83343 141395
125527 54236 104794
54236 104794 125527
104794 54236 125527
63980 104991 124315
104991 63980 124315
124315 63980 104991
47989 22104 120425
120425 22104 47989
22104 47989 120425
96617 20087 64109
20087 64109 96617
64109 20087 96617
123374 31454 76719
76719 31454 123374
31454 76719 123374
119879 9826 90803
90803 9826 119879
9826 90803 119879
19648 75582 121441
75582 19648 121441
121441 19648 75582
139284 134469 138005
134469 138005 139284
138005 134469 139284
109164 59148 67238
67238 59148 109164
59148 67238 109164
83169 100426 103027
103027 83169 100426
100426 83169 103027
91720 26741 27956
26741 27956 91720
27956 26741 91720
52791 133776 133798
133798 52791 133776
133776 52791 133798
50119 100438 143813
100438 50119 143813
143813 50119 100438
4247 17041 136005
136005 4247 17041
17041 4247 136005
104858 93888 109123
93888 104858 109123
109123 93888 104858
17521 67667 110749
67667 17521 110749
110749 17521 67667
67578 133257 148648
133257 67578 148648
148648 67578 133257
27155 19801 56701
56701 19801 27155
19801 27155 56701
64083 53998 146634
146634 53998 64083
53998 64083 146634
107482 11051 102648
102648 11051 107482
11051 102648 107482
26521 112099 120434
112099 26521 120434
120434 26521 112099
118414 103573 143884
103573 118414 143884
143884 103573 118414
33220 1919 4716
1919 4716 33220
4716 1919 33220
26814 53854 80850
80850 26814 53854
53854 26814 80850
41249 65403 129533
129533 41249 65403
65403 41249 129533
50928 1520 138907
1520 50928 138907
138907 1520 50928
100344 62483 66277
62483 66277 100344
66277 62483 100344
83417 103437 126964
103437 83417 126964
126964 83417 103437
7873 125731 147201
125731 7873 147201
147201 7873 125731
65009 505 54712
505 54712 65009
54712 505 65009
131263 106091 144450
106091 131263 144450
144450 106091 131263
92605 10860 146477
146477 10860 92605
10860 92605 146477
121178 47916 114590
114590 47916 121178
47916 114590 121178
111718 44209 63665
44209 63665 111718
63665 44209 111718
99406 50131 105858
50131 99406 105858
105858 50131 99406
37630 90849 100041
90849 37630 100041
100041 37630 90849
132200 14124 122802
14124 122802 132200
122802 14124 132200
2374 4435 113459
4435 2374 113459
113459 2374 4435
52180 75556 113461
75556 52180 113461
113461 52180 75556
149856 117793 131520
131520 117793 149856
117793 131520 149856
136187 80527 121681
80527 121681 136187
121681 80527 136187
23043 102497 121052
102497 23043 121052
121052 23043 102497
22133 127070 146101
146101 22133 127070
127070 22133 146101
29343 33952 38844
33952 29343 38844
38844 29343 33952
135502 100475 123884
123884 100475 135502
100475 123884 135502
90056 10130 25752
25752 10130 90056
10130 25752 90056
38321 6066 129455
6066 38321 129455
129455 6066 38321
148867 26604 95350
95350 26604 148867
26604 95350 148867
5131 117744 143675
117744 5131 143675
143675 5131 117744
90292 23527 61376
23527 61376 90292
61376 23527 90292
144068 66746 67146
66746 67146 144068
67146 66746 144068
47547 27687 58033
58033 27687 47547
27687 47547 58033
30970 14770 142851
14770 30970 142851
142851 14770 30970
93777 111302 136533
111302 93777 136533
136533 93777 111302
23529 88668 117788
88668 23529 117788
117788 23529 88668
11195 71859 87429
87429 11195 71859
71859 11195 87429
147998 139144 142431
139144 142431 147998
142431 139144 147998
147104 26750 144409
26750 144409 147104
144409 26750 147104
5344 81717 88531
88531 5344 81717
81717 5344 88531
84049 13317 144259
144259 13317 84049
13317 84049 144259
88434 76783 139556
76783 88434 139556
139556 76783 88434
10286 4216 53408
53408 4216 10286
4216 10286 53408
30408 117974 129020
129020 30408 117974
117974 30408 129020
34568 26279 107131
26279 34568 107131
107131 26279 34568
94356 16434 113526
16434 94356 113526
113526 16434 94356
106436 17866 49288
17866 49288 106436
49288 17866 106436
118967 3165 53947
3165 53947 118967
53947 3165 118967
147890 5450 144767
144767 5450 147890
5450 144767 147890
43667 46082 65887
65887 43667 46082
46082 43667 65887
110088 31794 50639
31794 50639 110088
50639 31794 110088
132139 4442 67535
4442 67535 132139
67535 4442 132139
126677 99545 121951
99545 121951 126677
121951 99545 126677
60994 4699 138869
138869 4699 60994
4699 60994 138869
52821 50407 119819
50407 52821 119819
119819 50407 52821
28937 1948 135648
135648 1948 28937
1948 28937 135648
117978 18199 31886
31886 18199 117978
18199 31886 117978
18116 75284 89159
89159 18116 75284
75284 18116 89159
130618 76869 121900
76869 121900 130618
121900 76869 130618
44446 29506 85763
85763 29506 44446
29506 44446 85763
97092 32137 61962
61962 32137 97092
32137 61962 97092
28494 71190 124448
71190 28494 124448
124448 28494 71190
144666 779 146213
779 144666 146213
146213 779 144666
5731 77174 141523
77174 5731 141523
141523 5731 77174
122980 75412 118322
75412 118322 122980
118322 75412 122980
86100 43095 147488
147488 43095 86100
43095 86100 147488
4497 94140 132215
132215 4497 94140
94140 4497 132215
94600 78538 79079
79079 78538 94600
78538 79079 94600
38065 53539 79209
79209 38065 53539
53539 38065 79209
34801 1738 2648
2648 1738 34801
1738 2648 34801
41207 31836 96299
31836 41207 96299
96299 31836 41207
73081 18158 109656
18158 73081 109656
109656 18158 73081
36407 2765 121537
121537 2765 36407
2765 36407 121537
24378 45743 126123
126123 24378 45743
45743 24378 126123
11633 26572 143340
26572 11633 143340
143340 11633 26572
34931 32249 149612
32249 34931 149612
149612 32249 34931
12716 47219 80168
80168 12716 47219
47219 12716 80168
143693 74904 81589
81589 74904 143693
74904 81589 143693
142384 48769 52198
52198 48769 142384
48769 52198 142384
124372 70936 93771
70936 93771 124372
93771 70936 124372
75091 20238 73926
20238 73926 75091
73926 20238 75091
105546 41209 65440
41209 65440 105546
65440 41209 105546
132794 331 109413
331 109413 132794
109413 331 132794
119460 22315 81427
81427 22315 119460
22315 81427 119460
63064 96397 111227
96397 63064 111227
111227 63064 96397
145769 107960 117646
117646 107960 145769
107960 117646 145769
149021 33546 36488
33546 36488 149021
36488 33546 149021
138195 38680 74101
74101 38680 138195
38680 74101 138195
72836 7157 94114
7157 72836 94114
94114 7157 72836
35758 50076 101132
50076 35758 101132
101132 35758 50076
38154 47960 119457
119457 38154 47960
47960 38154 119457
48981 111169 122114
111169 48981 122114
122114 48981 111169
142774 131103 137127
137127 131103 142774
131103 137127 142774
134856 13662 77742
13662 77742 134856
77742 13662 134856
143077 10264 31296
10264 31296 143077
31296 10264 143077
84362 103362 133262
103362 84362 133262
133262 84362 103362
134175 49882 72816
72816 49882 134175
49882 72816 134175
64055 2265 61254
2265 61254 64055
61254 2265 64055
19659 42417 44568
42417 19659 44568
44568 19659 42417
85932 105345 146119
105345 85932 146119
146119 85932 105345
70676 50294 114644
50294 70676 114644
114644 50294 70676
109615 120348 136550
136550 109615 120348
120348 109615 136550
87524 23684 51567
23684 51567 87524
51567 23684 87524
136570 8618 112179
8618 112179 136570
112179 8618 136570
32250 39251 113511
39251 32250 113511
113511 32250 39251
4399 31980 99322
99322 4399 31980
31980 4399 99322
100339 59552 120252
120252 59552 100339
59552 100339 120252
53203 9660 18237
18237 9660 53203
9660 18237 53203
5965 78007 128065
128065 5965 78007
78007 5965 128065
77978 102439 139897
102439 77978 139897
139897 77978 102439
56820 5611 135809
135809 5611 56820
5611 56820 135809
143236 36466 52383
36466 52383 143236
52383 36466 143236
70009 5824 49812
5824 49812 70009
49812 5824 70009
14242 64426 125199
64426 14242 125199
125199 14242 64426
88301 24812 54910
54910 24812 88301
24812 54910 88301
1442 42802 95406
42802 1442 95406
95406 1442 42802
23801 40533 112547
40533 23801 112547
112547 23801 40533
48018 33698 129685
129685 33698 48018
33698 48018 129685
119874 67528 119700
119700 67528 119874
67528 119700 119874
57203 3782 38590
38590 3782 57203
3782 38590 57203
8597 10907 139429
10907 8597 139429
139429 8597 10907
136432 5207 69539
69539 5207 136432
5207 69539 136432
129081 91136 103453
103453 91136 129081
91136 103453 129081
29522 10075 96753
10075 29522 96753
96753 10075 29522
30702 50701 105369
105369 30702 50701
50701 30702 105369
29873 4974 95745
95745 4974 29873
4974 29873 95745
76443 56750 70231
70231 56750 76443
56750 70231 76443
22289 76931 97978
97978 22289 76931
76931 22289 97978
79154 51845 86155
86155 51845 79154
51845 79154 86155
66999 76014 109732
109732 66999 76014
76014 66999 109732
67695 10834 24186
24186 10834 67695
10834 24186 67695
102095 12063 57228
57228 12063 102095
12063 57228 102095
2547 30394 139996
30394 2547 139996
139996 2547 30394
199 111793 138282
138282 199 111793
111793 199 138282
3363 91733 143863
143863 3363 91733
91733 3363 143863
67363 125590 149122
149122 67363 125590
125590 67363 149122
65521 43648 136715
43648 65521 136715
136715 43648 65521
109908 5952 75399
75399 5952 109908
5952 75399 109908
114229 35163 53594
53594 35163 114229
35163 53594 114229
97899 72948 147298
147298 72948 97899
72948 97899 147298
132913 107981 117297
117297 107981 132913
107981 117297 132913
95581 28854 90018
28854 90018 95581
90018 28854 95581
12345 110234 117357
117357 12345 110234
110234 12345 117357
61471 76619 147678
76619 61471 147678
147678 61471 76619
64181 113314 127832
113314 64181 127832
127832 64181 113314
131981 4633 112835
112835 4633 131981
4633 112835 131981
101308 55779 140360
140360 55779 101308
55779 101308 140360
124427 91134 144922
144922 91134 124427
91134 124427 144922
99891 63549 70047
70047 63549 99891
63549 70047 99891
54441 27713 108301
108301 27713 54441
27713 54441 108301
119610 30741 120539
30741 119610 120539
120539 30741 119610
44890 109149 112955
112955 44890 109149
109149 44890 112955
73856 29173 60061
60061 29173 73856
29173 60061 73856
102709 67455 80855
80855 67455 102709
67455 80855 102709
86772 26177 55525
55525 26177 86772
26177 55525 86772
99279 16425 101706
101706 16425 99279
16425 99279 101706
112355 1102 92056
92056 1102 112355
1102 92056 112355
81542 7845 96811
7845 81542 96811
96811 7845 81542
124571 68202 78405
78405 68202 124571
68202 78405 124571
91941 21186 112169
112169 21186 91941
21186 91941 112169
19861 25130 93793
93793 19861 25130
25130 19861 93793
102008 26403 77086
77086 26403 102008
26403 77086 102008
18101 12720 48636
48636 12720 18101
12720 18101 48636
2731 39417 89763
39417 2731 89763
89763 2731 39417
84467 97064 107004
107004 84467 97064
97064 84467 107004
63374 65377 70715
65377 63374 70715
70715 63374 65377
139689 5314 111204
5314 111204 139689
111204 5314 139689
109434 18232 118763
18232 109434 118763
118763 18232 109434
3448 53141 59498
59498 3448 53141
53141 3448 59498
60900 100991 133712
133712 60900 100991
100991 60900 133712
108380 18271 79783
18271 79783 108380
79783 18271 108380
111435 7269 132490
132490 7269 111435
7269 111435 132490
79087 289 49340
289 49340 79087
49340 289 79087
40529 96554 120958
120958 40529 96554
96554 40529 120958
20480 98308 117653
98308 20480 117653
117653 20480 98308
140741 3235 85130
85130 3235 140741
3235 85130 140741
45096 34795 146539
34795 45096 146539
146539 34795 45096
71195 90182 117462
90182 71195 117462
117462 71195 90182
25982 2680 102929
102929 2680 25982
2680 25982 102929
107153 44935 51982
44935 51982 107153
51982 44935 107153
138539 950 36721
950 36721 138539
36721 950 138539
147004 12834 139441
139441 12834 147004
12834 139441 147004
75200 5424 105256
105256 5424 75200
5424 75200 105256
61696 54654 111624
54654 61696 111624
111624 54654 61696
105720 2801 84971
84971 2801 105720
2801 84971 105720
114844 133745 149667
133745 114844 149667
149667 114844 133745
92819 32228 64816
64816 32228 92819
32228 64816 92819
104566 30299 114853
114853 30299 104566
30299 104566 114853
80728 5752 30359
30359 5752 80728
5752 30359 80728
58988 26559 95867
26559 58988 95867
95867 26559 58988
16430 6436 9798
6436 9798 16430
9798 6436 16430
53606 28128 120187
28128 53606 120187
120187 28128 53606
79572 32467 76332
32467 76332 79572
76332 32467 79572
133068 66179 107182
107182 66179 133068
66179 107182 133068
8017 8020 146372
146372 8017 8020
8020 8017 146372
99571 9805 11674
9805 11674 99571
11674 9805 99571
149223 37588 132898
132898 37588 149223
37588 132898 149223
57316 46085 128108
128108 46085 57316
46085 57316 128108
28944 16868 46794
46794 16868 28944
16868 28944 46794
35535 35929 95764
95764 35535 35929
35929 35535 95764
51658 17509 144633
144633 17509 51658
17509 51658 144633
82506 20470 52619
52619 20470 82506
20470 52619 82506
67349 56873 116143
116143 56873 67349
56873 67349 116143
144614 52053 122137
122137 52053 144614
52053 122137 144614
138388 44605 134479
134479 44605 138388
44605 134479 138388
39266 91525 146710
91525 39266 146710
146710 39266 91525
10581 30420 63996
30420 10581 63996
63996 10581 30420
19486 49570 148230
49570 19486 148230
148230 19486 49570
147239 21191 138169
21191 138169 147239
138169 21191 147239
25485 72070 131430
131430 25485 72070
72070 25485 131430
5841 13506 64025
64025 5841 13506
13506 5841 64025
123704 41099 54001
41099 54001 123704
54001 41099 123704
6375 8376 50510
8376 6375 50510
50510 6375 8376
117542 66580 77828
66580 77828 117542
77828 66580 117542
8361 15996 70762
70762 8361 15996
15996 8361 70762
22610 48579 69012
48579 22610 69012
69012 22610 48579
140535 11566 147296
147296 11566 140535
11566 140535 147296
114165 26816 47267
47267 26816 114165
26816 47267 114165
63978 68319 127176
68319 63978 127176
127176 63978 68319
93523 55793 83954
83954 55793 93523
55793 83954 93523
33013 38909 59997
59997 33013 38909
38909 33013 59997
8489 42033 103204
42033 8489 103204
103204 8489 42033
94715 107472 149425
107472 94715 149425
149425 94715 107472
82134 62399 63737
63737 62399 82134
62399 63737 82134
62642 125502 132145
125502 62642 132145
132145 62642 125502
126455 70558 122704
122704 70558 126455
70558 122704 126455
57448 80746 136497
136497 57448 80746
80746 57448 136497
120702 61482 68600
61482 68600 120702
68600 61482 120702
139195 2828 14759
2828 14759 139195
14759 2828 139195
147086 15226 25463
15226 25463 147086
25463 15226 147086
87869 53345 53598
53345 53598 87869
53598 53345 87869
82032 60459 119710
119710 60459 82032
60459 82032 119710
1774 62549 78967
78967 1774 62549
62549 1774 78967
135610 59538 139649
59538 135610 139649
139649 59538 135610
29161 87348 107411
107411 29161 87348
87348 29161 107411
133605 13870 119991
119991 13870 133605
13870 119991 133605
38885 22508 131303
131303 22508 38885
22508 38885 131303
1806 114344 132171
114344 1806 132171
132171 1806 114344
14198 17734 31935
17734 14198 31935
31935 14198 17734
122174 63578 95931
95931 63578 122174
63578 95931 122174
30769 20244 139863
20244 30769 139863
139863 20244 30769
138128 4937 50017
4937 50017 138128
50017 4937 138128
116043 126313 138004
138004 116043 126313
126313 116043 138004
7951 27691 61413
27691 7951 61413
61413 7951 27691
97480 118177 149704
149704 97480 118177
118177 97480 149704
16753 47284 87001
87001 16753 47284
47284 16753 87001
132146 18316 67447
67447 18316 132146
18316 67447 132146
103283 9579 50167
50167 9579 103283
9579 50167 103283
130353 126543 141878
126543 130353 141878
141878 126543 130353
36397 84378 115828
84378 36397 115828
115828 36397 84378
141720 37748 79706
37748 79706 141720
79706 37748 141720
125047 52366 109092
52366 109092 125047
109092 52366 125047
8311 31809 112064
112064 8311 31809
31809 8311 112064
79112 68085 125869
125869 68085 79112
68085 79112 125869
134621 28156 59855
59855 28156 134621
28156 59855 134621
7677 249 51443
51443 249 7677
249 7677 51443
62926 85618 131615
85618 62926 131615
131615 62926 85618
82491 40310 51695
40310 51695 82491
51695 40310 82491
74260 19301 77980
77980 19301 74260
19301 74260 77980
62024 118147 141284
141284 62024 118147
118147 62024 141284
25646 20428 92319
92319 20428 25646
20428 25646 92319
112756 77468 124854
77468 112756 124854
124854 77468 112756
88602 29767 57168
29767 57168 88602
57168 29767 88602
21214 2243 82747
2243 21214 82747
82747 2243 21214
22756 7982 113293
7982 22756 113293
113293 7982 22756
32756 103221 148082
103221 32756 148082
148082 32756 103221
4622 69939 142339
142339 4622 69939
69939 4622 142339
71503 5762 24776
5762 24776 71503
24776 5762 71503
148548 40143 134746
40143 134746 148548
134746 40143 148548
44010 71061 131365
71061 44010 131365
131365 44010 71061
38790 35314 63233
35314 38790 63233
63233 35314 38790
85285 104355 140678
140678 85285 104355
104355 85285 140678
137150 66741 71096
66741 71096 137150
71096 66741 137150
46142 37999 147526
37999 46142 147526
147526 37999 46142
24659 88347 130249
88347 24659 130249
130249 24659 88347
128801 40717 51590
40717 51590 128801
51590 40717 128801
136246 54886 103326
54886 103326 136246
103326 54886 136246
104009 83066 125610
83066 104009 125610
125610 83066 104009
124194 53705 123376
53705 123376 124194
123376 53705 124194
12657 56178 134693
134693 12657 56178
56178 12657 134693
118419 7546 93886
93886 7546 118419
7546 93886 118419
60495 79286 85934
79286 60495 85934
85934 60495 79286
64895 133989 134629
134629 64895 133989
133989 64895 134629
16127 60223 97818
97818 16127 60223
60223 16127 97818
146854 58600 63456
58600 63456 146854
63456 58600 146854
127564 13655 99994
99994 13655 127564
13655 99994 127564
32567 23437 84690
84690 23437 32567
23437 32567 84690
82804 113276 116632
113276 82804 116632
116632 82804 113276
15437 15487 21062
21062 15437 15487
15487 15437 21062
32230 92977 118620
118620 32230 92977
92977 32230 118620
108483 75906 142573
142573 75906 108483
75906 108483 142573
102407 41947 46663
41947 46663 102407
46663 41947 102407
146733 43480 148252
148252 43480 146733
43480 146733 148252
7643 24467 48201
24467 7643 48201
48201 7643 24467
90860 30658 146118
30658 90860 146118
146118 30658 90860
93269 61 128053
128053 61 93269
61 93269 128053
21526 67728 103996
67728 21526 103996
103996 21526 67728
90709 12689 83654
12689 83654 90709
83654 12689 90709
138783 93728 119974
93728 119974 138783
119974 93728 138783
62163 7236 23572
23572 7236 62163
7236 23572 62163
73040 90555 127891
90555 73040 127891
127891 73040 90555
43752 6353 58426
58426 6353 43752
6353 43752 58426
73269 57610 68090
57610 68090 73269
68090 57610 73269
83807 78450 107758
107758 78450 83807
78450 83807 107758
111023 33406 104356
104356 33406 111023
33406 104356 111023
83135 28078 74363
28078 74363 83135
74363 28078 83135
16637 14391 17911
17911 14391 16637
14391 16637 17911
105391 425 43494
43494 425 105391
425 43494 105391
98503 47690 92098
47690 92098 98503
92098 47690 98503
103164 72771 78462
72771 78462 103164
78462 72771 103164
19690 73193 110261
73193 19690 110261
110261 19690 73193
107968 47385 113906
113906 47385 107968
47385 107968 113906
57569 97533 124437
124437 57569 97533
97533 57569 124437
60179 44309 88876
88876 44309 60179
44309 60179 88876
89862 7674 137153
137153 7674 89862
7674 89862 137153
27151 34962 126623
126623 27151 34962
34962 27151 126623
44107 114248 137473
137473 44107 114248
114248 44107 137473
70342 1277 131982
131982 1277 70342
1277 70342 131982
102269 4213 127147
4213 102269 127147
127147 4213 102269
86160 28 138336
138336 28 86160
28 86160 138336
99154 103771 123790
103771 99154 123790
123790 99154 103771
66310 14055 34070
34070 14055 66310
14055 34070 66310
134573 2426 124436
2426 124436 134573
124436 2426 134573
10164 17035 60659
60659 10164 17035
17035 10164 60659
84243 50485 127815
50485 84243 127815
127815 50485 84243
146918 1468 106122
106122 1468 146918
1468 106122 146918
40623 39620 102859
39620 40623 102859
102859 39620 40623
108936 2328 149712
149712 2328 108936
2328 108936 149712
91372 33550 97101
33550 91372 97101
97101 33550 91372
141002 26212 36440
26212 36440 141002
36440 26212 141002
22882 14721 109448
14721 22882 109448
109448 14721 22882
55460 103895 106055
103895 55460 106055
106055 55460 103895
33206 51972 122598
51972 33206 122598
122598 33206 51972
42152 63836 121644
121644 42152 63836
63836 42152 121644
141053 66865 98958
66865 98958 141053
98958 66865 141053
13725 128953 130952
128953 13725 130952
130952 13725 128953
103112 298 63802
63802 298 103112
298 63802 103112
132064 79934 130139
79934 130139 132064
130139 79934 132064
67547 26190 57994
57994 26190 67547
26190 57994 67547
114668 1754 148369
1754 114668 148369
148369 1754 114668
41717 47102 98703
47102 41717 98703
98703 41717 47102
76936 68426 145497
68426 76936 145497
145497 68426 76936
48160 39803 47228
47228 39803 48160
39803 47228 48160
13907 40619 126897
126897 13907 40619
40619 13907 126897
114446 29937 116551
29937 114446 116551
116551 29937 114446
76777 28988 138346
28988 76777 138346
138346 28988 76777
69660 12627 31815
12627 31815 69660
31815 12627 69660
16442 2044 137517
137517 2044 16442
2044 16442 137517
140177 103653 142800
142800 103653 140177
103653 140177 142800
923 55017 99318
55017 923 99318
99318 923 55017
9196 85031 145509
85031 9196 145509
145509 9196 85031
16174 57205 87460
57205 16174 87460
87460 16174 57205
126158 69765 88673
88673 69765 126158
69765 88673 126158
41174 38948 68540
38948 41174 68540
68540 38948 41174
40774 56593 128138
128138 40774 56593
56593 40774 128138
105069 3087 149837
149837 3087 105069
3087 105069 149837
103116 20941 35093
35093 20941 103116
20941 35093 103116
118385 16986 86947
16986 86947 118385
86947 16986 118385
140476 53901 119096
119096 53901 140476
53901 119096 140476
148710 66515 103515
66515 103515 148710
103515 66515 148710
48090 33604 92086
92086 33604 48090
33604 48090 92086
29867 142177 149740
142177 29867 149740
149740 29867 142177
90780 32026 33995
32026 33995 90780
33995 32026 90780
33052 21274 61341
61341 21274 33052
21274 33052 61341
90296 32647 92742
92742 32647 90296
32647 90296 92742
46954 57226 86722
86722 46954 57226
57226 46954 86722
120218 24332 52787
52787 24332 120218
24332 52787 120218
123717 54369 134569
54369 123717 134569
134569 54369 123717
89415 53234 131020
53234 89415 131020
131020 53234 89415
119259 26944 149882
26944 119259 149882
149882 26944 119259
113224 68922 122630
122630 68922 113224
68922 113224 122630
20160 10028 11569
10028 11569 20160
11569 10028 20160
58461 38030 86624
86624 38030 58461
38030 58461 86624
9044 94169 119730
94169 9044 119730
119730 9044 94169
142110 38632 91432
91432 38632 142110
38632 91432 142110
65504 100223 114448
100223 65504 114448
114448 65504 100223
90284 13076 106387
13076 90284 106387
106387 13076 90284
146176 15465 125169
125169 15465 146176
15465 125169 146176
115070 28934 119787
119787 28934 115070
28934 115070 119787
4676 6103 57085
6103 4676 57085
57085 4676 6103
144371 105285 112277
105285 112277 144371
112277 105285 144371
17144 88829 120011
88829 17144 120011
120011 17144 88829
116574 52867 80484
80484 52867 116574
52867 80484 116574
20182 74682 137138
137138 20182 74682
74682 20182 137138
25842 73034 137490
137490 25842 73034
73034 25842 137490
69711 114510 121384
114510 69711 121384
121384 69711 114510
37422 47185 136276
47185 37422 136276
136276 37422 47185
80665 29234 87094
87094 29234 80665
29234 80665 87094
8247 47037 134069
134069 8247 47037
47037 8247 134069
82438 86364 131391
131391 82438 86364
86364 82438 131391
12972 101210 104384
101210 12972 104384
104384 12972 101210
37828 125182 132579
132579 37828 125182
125182 37828 132579
130296 26257 42572
26257 42572 130296
42572 26257 130296
142735 69749 81557
81557 69749 142735
69749 81557 142735
125995 10240 66938
10240 66938 125995
66938 10240 125995
27680 84476 116745
84476 27680 116745
116745 27680 84476
122632 27403 111030
111030 27403 122632
27403 111030 122632
85928 16841 74031
16841 74031 85928
74031 16841 85928
3023 71826 125948
125948 3023 71826
71826 3023 125948
77267 20370 83705
83705 20370 77267
20370 77267 83705
72108 28840 41610
28840 41610 72108
41610 28840 72108
115330 25036 92407
92407 25036 115330
25036 92407 115330
138305 5874 127931
5874 127931 138305
127931 5874 138305
63368 124458 146480
124458 63368 146480
146480 63368 124458
39640 23567 101206
23567 39640 101206
101206 23567 39640
141423 76818 81315
81315 76818 141423
76818 81315 141423
106451 4208 77057
77057 4208 106451
4208 77057 106451
71188 4075 128187
128187 4075 71188
4075 71188 128187
120416 111896 121811
121811 111896 120416
111896 120416 121811
139742 65280 142233
65280 139742 142233
142233 65280 139742
33212 53241 65259
65259 33212 53241
53241 33212 65259
47197 64501 91442
64501 47197 91442
91442 47197 64501
79314 90629 101719
101719 79314 90629
90629 79314 101719
59688 2124 55178
2124 55178 59688
55178 2124 59688
135077 56264 142584
142584 56264 135077
56264 135077 142584
135440 130815 141459
141459 130815 135440
130815 135440 141459
147022 53109 93126
93126 53109 147022
53109 93126 147022
78597 26411 58484
26411 58484 78597
58484 26411 78597
97706 15143 59107
15143 59107 97706
59107 15143 97706
50729 17351 138028
17351 50729 138028
138028 17351 50729
140746 27357 149531
27357 140746 149531
149531 27357 140746
107815 45299 148933
45299 107815 148933
148933 45299 107815
15809 5579 37088
5579 15809 37088
37088 5579 15809
141829 96701 107476
96701 107476 141829
107476 96701 141829
94662 69354 135980
69354 94662 135980
135980 69354 94662
86590 76607 132505
132505 76607 86590
76607 86590 132505
22310 47403 149787
149787 22310 47403
47403 22310 149787
129255 29607 119835
119835 29607 129255
29607 119835 129255
104258 63951 79642
63951 79642 104258
79642 63951 104258
103178 18334 64642
64642 18334 103178
18334 64642 103178
31258 71875 81011
81011 31258 71875
71875 31258 81011
83586 55106 124293
55106 83586 124293
124293 55106 83586
113139 1891 133084
133084 1891 113139
1891 113139 133084
83983 34497 123620
123620 34497 83983
34497 83983 123620
107380 25526 116932
25526 107380 116932
116932 25526 107380
82998 81102 119104
119104 81102 82998
81102 82998 119104
100464 56152 125443
125443 56152 100464
56152 100464 125443
93835 5167 82933
5167 82933 93835
82933 5167 93835
76298 57327 147318
57327 76298 147318
147318 57327 76298
73667 5514 69297
69297 5514 73667
5514 69297 73667
79387 29004 105508
105508 29004 79387
29004 79387 105508
122493 20438 122050
122050 20438 122493
20438 122050 122493
93227 104708 124557
104708 93227 124557
124557 93227 104708
44595 41193 91449
91449 41193 44595
41193 44595 91449
8373 43628 101357
101357 8373 43628
43628 8373 101357
27519 40510 114471
114471 27519 40510
40510 27519 114471
136391 12205 110547
12205 110547 136391
110547 12205 136391
47503 113702 115350
115350 47503 113702
113702 47503 115350
64542 5482 106659
5482 64542 106659
106659 5482 64542
7259 24819 65255
65255 7259 24819
24819 7259 65255
73708 74041 141825
74041 73708 141825
141825 73708 74041
31303 36795 93348
93348 31303 36795
36795 31303 93348
30000 57864 103560
57864 30000 103560
103560 30000 57864
107638 83592 106444
106444 83592 107638
83592 106444 107638
36925 104033 124154
104033 36925 124154
124154 36925 104033
96720 45533 143464
45533 96720 143464
143464 45533 96720
131832 21952 127845
127845 21952 131832
21952 127845 131832
3303 53810 123899
53810 3303 123899
123899 3303 53810
58459 98445 126173
126173 58459 98445
98445 58459 126173
18565 10304 139584
139584 10304 18565
10304 18565 139584
96002 56009 134718
56009 96002 134718
134718 56009 96002
118021 50604 119506
119506 50604 118021
50604 118021 119506
5511 1284 23486
1284 5511 23486
23486 1284 5511
46058 19672 149372
149372 19672 46058
19672 46058 149372
36471 21399 140684
140684 21399 36471
21399 36471 140684
85776 84387 136554
84387 85776 136554
136554 84387 85776
50091 57109 80126
80126 50091 57109
57109 50091 80126
560 6551 114118
6551 560 114118
114118 560 6551
141374 12208 121477
121477 12208 141374
12208 121477 141374
6991 44425 79215
79215 6991 44425
44425 6991 79215
115393 72928 146057
146057 72928 115393
72928 115393 146057
763 7524 129568
129568 763 7524
7524 763 129568
22860 91651 93742
93742 22860 91651
91651 22860 93742
27351 1365 107850
1365 27351 107850
107850 1365 27351
84805 79027 130583
130583 79027 84805
79027 84805 130583
92382 25225 54854
54854 25225 92382
25225 54854 92382
420 50897 124756
124756 420 50897
50897 420 124756
141282 13984 138644
13984 138644 141282
138644 13984 141282
127358 53588 96017
96017 53588 127358
53588 96017 127358
112344 178 112226
178 112226 112344
112226 178 112344
34416 179 85860
179 34416 85860
85860 179 34416
128902 97205 133160
97205 128902 133160
133160 97205 128902
116129 97581 146675
146675 97581 116129
97581 116129 146675
77607 119076 147875
147875 77607 119076
119076 77607 147875
30360 53529 143967
53529 30360 143967
143967 30360 53529
35284 82861 100094
100094 35284 82861
82861 35284 100094
112668 6219 35603
6219 35603 112668
35603 6219 112668
12855 14791 126589
14791 12855 126589
126589 12855 14791
83297 82638 131687
131687 82638 83297
82638 83297 131687
24575 30254 84365
84365 24575 30254
30254 24575 84365
71434 74264 136414
136414 71434 74264
74264 71434 136414
88175 42072 139486
139486 42072 88175
42072 88175 139486
49478 16208 113039
16208 49478 113039
113039 16208 49478
142049 9687 144730
144730 9687 142049
9687 142049 144730
35749 22907 42246
42246 22907 35749
22907 35749 42246
144018 10378 88163
10378 88163 144018
88163 10378 144018
12174 71167 78813
71167 12174 78813
78813 12174 71167
48671 36166 121899
121899 36166 48671
36166 48671 121899
54249 55176 149233
55176 54249 149233
149233 54249 55176
72781 80460 93591
93591 72781 80460
80460 72781 93591
121259 42396 72924
72924 42396 121259
42396 72924 121259
18215 18593 87231
18593 18215 87231
87231 18215 18593
31989 63 16484
16484 63 31989
63 16484 31989
98389 70471 118064
118064 70471 98389
70471 98389 118064
97528 21464 143557
21464 97528 143557
143557 21464 97528
23473 61209 105294
61209 23473 105294
105294 23473 61209
685 49431 100716
49431 685 100716
100716 685 49431
14352 89418 101774
101774 14352 89418
89418 14352 101774
74438 34972 78274
34972 74438 78274
78274 34972 74438
120944 23496 120003
120003 23496 120944
23496 120003 120944
80831 6985 38873
6985 38873 80831
38873 6985 80831
134205 7758 124798
124798 7758 134205
7758 124798 134205
92355 6191 95646
6191 92355 95646
95646 6191 92355
140829 69190 108119
69190 108119 140829
108119 69190 140829
89347 85747 126911
85747 89347 126911
126911 85747 89347
128009 137554 143892
143892 128009 137554
137554 128009 143892
44578 64331 76280
76280 44578 64331
64331 44578 76280
114692 99892 123553
99892 114692 123553
123553 99892 114692
44319 48307 56165
56165 44319 48307
48307 44319 56165
85725 42536 145968
42536 85725 145968
145968 42536 85725
1763 60295 128536
128536 1763 60295
60295 1763 128536
146486 48551 90403
48551 90403 146486
90403 48551 146486
102024 16510 108645
108645 16510 102024
16510 102024 108645
75004 39979 56480
39979 56480 75004
56480 39979 75004
123895 48478 105364
48478 105364 123895
105364 48478 123895
5948 2857 17671
2857 5948 17671
17671 2857 5948
137061 33522 80645
80645 33522 137061
33522 80645 137061
144908 49260 124720
49260 124720 144908
124720 49260 144908
93405 93694 123759
123759 93405 93694
93694 93405 123759
