560 285 1374
1374 285 560
285 560 1374
1242 191 1205
1205 191 1242
191 1205 1242
1247 341 1042
341 1042 1247
1042 341 1247
1001 89 349
349 89 1001
89 349 1001
1097 579 1127
579 1097 1127
1127 579 1097
842 480 1264
1264 480 842
480 842 1264
1094 1380 1455
1455 1094 1380
1380 1094 1455
1373 287 540
287 540 1373
540 287 1373
204 922 1234
1234 204 922
922 204 1234
954 374 928
928 374 954
374 928 954
136 11 1180
1180 11 136
11 136 1180
592 632 1279
632 592 1279
1279 592 632
1143 129 169
169 129 1143
129 169 1143
1157 251 820
251 820 1157
820 251 1157
683 103 1310
103 683 1310
1310 103 683
281 4 360
360 4 281
4 281 360
1367 512 1428
1428 512 1367
512 1367 1428
99 835 1497
1497 99 835
835 99 1497
412 829 836
829 412 836
836 412 829
238 913 1283
913 238 1283
1283 238 913
490 326 1320
326 490 1320
1320 326 490
744 740 1046
1046 740 744
740 744 1046
230 711 907
711 230 907
907 230 711
1263 391 1093
391 1093 1263
1093 391 1263
757 609 1399
609 757 1399
1399 609 757
24 701 1081
1081 24 701
701 24 1081
944 1206 1232
1232 944 1206
1206 944 1232
1030 283 1271
283 1030 1271
1271 283 1030
1153 885 998
998 885 1153
885 998 1153
1137 1116 1297
1297 1116 1137
1116 1137 1297
504 1202 1414
1414 504 1202
1202 504 1414
1146 331 477
477 331 1146
331 477 1146
65 767 1294
1294 65 767
767 65 1294
1270 832 1348
1348 832 1270
832 1270 1348
109 446 662
446 109 662
662 109 446
735 41 872
872 41 735
41 735 872
1328 808 1082
1082 808 1328
808 1082 1328
339 479 1118
479 339 1118
1118 339 479
770 261 859
261 770 859
859 261 770
670 661 957
661 670 957
957 661 670
163 63 184
184 63 163
63 163 184
727 290 640
640 290 727
290 640 727
340 8 723
723 8 340
8 340 723
1056 517 792
517 792 1056
792 517 1056
1324 622 971
971 622 1324
622 971 1324
291 790 1454
790 291 1454
1454 291 790
776 158 1226
158 776 1226
1226 158 776
524 421 796
421 524 796
796 421 524
165 144 964
144 165 964
964 144 165
880 156 399
399 156 880
156 399 880
612 1080 1188
1188 612 1080
1080 612 1188
1465 338 1274
1274 338 1465
338 1274 1465
275 733 1458
733 275 1458
1458 275 733
1484 152 1304
152 1304 1484
1304 152 1484
1129 53 83
53 83 1129
83 53 1129
569 67 566
566 67 569
67 566 569
372 1103 1357
1357 372 1103
1103 372 1357
1424 332 714
332 714 1424
714 332 1424
1440 601 720
720 601 1440
601 720 1440
1134 1014 1088
1014 1088 1134
1088 1014 1134
599 22 688
688 22 599
22 599 688
550 306 1102
1102 306 550
306 550 1102
429 590 1049
1049 429 590
590 429 1049
232 933 1037
1037 232 933
933 232 1037
1472 815 1417
815 1417 1472
1417 815 1472
1104 932 1228
1228 932 1104
932 1104 1228
390 280 1305
280 390 1305
1305 280 390
1463 562 693
693 562 1463
562 693 1463
46 227 303
227 46 303
303 46 227
432 318 468
468 318 432
318 432 468
1332 314 1471
1471 314 1332
314 1332 1471
800 240 250
250 240 800
240 250 800
256 564 638
638 256 564
564 256 638
690 311 737
737 311 690
311 690 737
66 910 1456
1456 66 910
910 66 1456
378 799 1175
799 378 1175
1175 378 799
435 186 1452
186 435 1452
1452 186 435
596 844 886
844 596 886
886 596 844
356 789 1435
1435 356 789
789 356 1435
1298 442 529
442 529 1298
529 442 1298
869 633 1090
1090 633 869
633 869 1090
1203 70 1248
70 1203 1248
1248 70 1203
787 143 607
607 143 787
143 607 787
395 86 1071
1071 86 395
86 395 1071
879 317 846
317 846 879
846 317 879
892 17 258
258 17 892
17 258 892
718 137 440
440 137 718
137 440 718
724 534 1142
1142 534 724
534 724 1142
764 6 623
623 6 764
6 623 764
1325 510 1243
1243 510 1325
510 1243 1325
703 203 840
203 703 840
840 203 703
3 895 1396
895 3 1396
1396 3 895
343 190 554
190 343 554
554 190 343
1251 563 993
563 993 1251
993 563 1251
1407 42 1222
1222 42 1407
42 1222 1407
455 577 797
797 455 577
577 455 797
1120 222 500
500 222 1120
222 500 1120
1013 903 1012
903 1012 1013
1012 903 1013
57 752 943
943 57 752
752 57 943
212 518 914
914 212 518
518 212 914
1419 535 1028
535 1028 1419
1028 535 1419
1321 568 1156
568 1156 1321
1156 568 1321
448 35 537
35 448 537
537 35 448
254 69 575
69 254 575
575 69 254
1149 531 1302
1302 531 1149
531 1149 1302
824 300 501
501 300 824
300 501 824
233 1023 1307
1023 233 1307
1307 233 1023
656 91 1495
1495 91 656
91 656 1495
257 64 1461
64 257 1461
1461 64 257
754 380 478
380 478 754
478 380 754
205 995 1408
1408 205 995
995 205 1408
773 887 1488
887 773 1488
1488 773 887
1457 68 1303
68 1303 1457
1303 68 1457
939 1186 1430
1186 939 1430
1430 939 1186
629 675 1163
1163 629 675
675 629 1163
1352 25 1179
25 1179 1352
1179 25 1352
996 536 1231
1231 536 996
536 996 1231
778 7 1078
7 778 1078
1078 7 778
1359 459 634
459 634 1359
634 459 1359
955 624 1194
624 955 1194
1194 624 955
431 5 687
687 5 431
5 431 687
982 756 849
849 756 982
756 849 982
785 453 1221
453 785 1221
1221 453 785
1230 409 1421
1421 409 1230
409 1230 1421
960 546 1167
546 960 1167
1167 546 960
406 851 1437
1437 406 851
851 406 1437
217 114 983
983 114 217
114 217 983
941 1034 1217
1034 941 1217
1217 941 1034
748 1256 1489
1256 748 1489
1489 748 1256
433 883 1292
1292 433 883
883 433 1292
355 608 866
608 355 866
866 355 608
1442 116 1041
1041 116 1442
116 1041 1442
819 394 1410
1410 394 819
394 819 1410
297 746 1219
1219 297 746
746 297 1219
491 475 1290
1290 475 491
475 491 1290
175 193 1212
193 175 1212
1212 175 193
1072 823 1191
823 1072 1191
1191 823 1072
704 59 1433
1433 59 704
59 704 1433
207 197 1220
197 207 1220
1220 197 207
1177 936 958
936 958 1177
958 936 1177
350 37 934
37 350 934
934 37 350
405 614 1190
1190 405 614
614 405 1190
1418 198 1308
1308 198 1418
198 1308 1418
631 806 1043
806 631 1043
1043 631 806
1336 511 967
511 967 1336
967 511 1336
182 486 587
486 182 587
587 182 486
888 27 1289
27 888 1289
1289 27 888
506 1130 1254
1130 506 1254
1254 506 1130
1362 775 1366
775 1362 1366
1366 775 1362
1481 121 673
673 121 1481
121 673 1481
646 1379 1445
1445 646 1379
1379 646 1445
1193 58 1019
58 1019 1193
1019 58 1193
13 987 1291
1291 13 987
987 13 1291
831 1227 1363
1227 831 1363
1363 831 1227
126 221 525
525 126 221
221 126 525
1005 822 1044
822 1005 1044
1044 822 1005
1453 817 890
890 817 1453
817 890 1453
682 483 602
483 602 682
602 483 682
713 635 1039
635 713 1039
1039 635 713
248 209 894
209 248 894
894 209 248
1164 759 1122
1122 759 1164
759 1122 1164
870 696 1444
696 870 1444
1444 696 870
1261 401 1170
401 1170 1261
1170 401 1261
60 192 425
192 60 425
425 60 192
386 845 1183
845 386 1183
1183 386 845
1395 231 818
818 231 1395
231 818 1395
259 1077 1314
1314 259 1077
1077 259 1314
715 138 241
138 241 715
241 138 715
189 658 1151
1151 189 658
658 189 1151
1241 359 821
821 359 1241
359 821 1241
908 786 812
786 812 908
812 786 908
1040 181 1158
1158 181 1040
181 1040 1158
426 160 741
160 426 741
741 160 426
293 403 615
615 293 403
403 293 615
538 984 1084
984 538 1084
1084 538 984
521 1168 1478
1168 521 1478
1478 521 1168
1054 1160 1250
1160 1054 1250
1250 1054 1160
1027 488 549
488 549 1027
549 488 1027
309 100 454
100 309 454
454 100 309
1178 541 557
541 557 1178
557 541 1178
716 249 1172
1172 249 716
249 716 1172
1355 456 1269
456 1269 1355
1269 456 1355
1066 816 1258
816 1066 1258
1258 816 1066
702 1074 1480
1074 702 1480
1480 702 1074
705 739 745
745 705 739
739 705 745
1091 482 1135
482 1091 1135
1135 482 1091
769 1144 1451
1451 769 1144
1144 769 1451
235 140 1285
140 235 1285
1285 140 235
200 837 1187
1187 200 837
837 200 1187
1436 28 1473
28 1436 1473
1473 28 1436
1171 672 692
692 672 1171
672 692 1171
736 16 1347
1347 16 736
16 736 1347
1492 810 1107
810 1107 1492
1107 810 1492
533 95 952
95 533 952
952 95 533
520 976 1486
976 520 1486
1486 520 976
1432 196 424
424 196 1432
196 424 1432
417 1057 1485
1057 417 1485
1485 417 1057
553 783 1008
783 553 1008
1008 553 783
1468 627 919
919 627 1468
627 919 1468
591 414 1350
414 591 1350
1350 414 591
949 667 875
667 875 949
875 667 949
1360 255 268
255 268 1360
268 255 1360
605 199 559
199 559 605
559 199 605
1387 357 1159
1159 357 1387
357 1159 1387
153 1098 1403
1098 153 1403
1403 153 1098
603 750 1286
1286 603 750
750 603 1286
49 1089 1402
1402 49 1089
1089 49 1402
669 498 1218
498 669 1218
1218 498 669
106 852 1338
1338 106 852
852 106 1338
79 298 1229
1229 79 298
298 79 1229
1434 132 1280
1280 132 1434
132 1280 1434
1397 185 466
185 466 1397
466 185 1397
881 772 1475
772 881 1475
1475 772 881
98 604 1300
1300 98 604
604 98 1300
873 213 1364
1364 213 873
213 873 1364
211 600 911
911 211 600
600 211 911
150 307 1295
307 150 1295
1295 150 307
382 32 244
32 244 382
244 32 382
1385 9 228
228 9 1385
9 228 1385
157 384 1237
1237 157 384
384 157 1237
857 362 508
508 362 857
362 508 857
937 170 777
777 170 937
170 777 937
791 110 1253
110 791 1253
1253 110 791
874 467 961
961 467 874
467 874 961
906 383 899
383 899 906
899 383 906
176 111 565
565 111 176
111 176 565
572 334 1306
1306 334 572
334 572 1306
304 628 966
628 304 966
966 304 628
985 418 586
418 586 985
586 418 985
1257 781 1323
781 1257 1323
1323 781 1257
149 474 1266
474 149 1266
1266 149 474
2 239 1470
1470 2 239
239 2 1470
1047 925 1412
1412 925 1047
925 1047 1412
337 34 1165
1165 34 337
34 337 1165
1498 216 389
389 216 1498
216 389 1498
385 625 1299
625 385 1299
1299 385 625
1108 47 1060
47 1060 1108
1060 47 1108
52 218 267
267 52 218
218 52 267
652 272 1086
272 652 1086
1086 272 652
1406 1356 1409
1409 1356 1406
1356 1406 1409
320 1133 1281
1133 320 1281
1281 320 1133
1337 335 1199
1199 335 1337
335 1199 1337
80 706 896
896 80 706
706 80 896
992 18 1265
18 992 1265
1265 18 992
225 876 917
876 225 917
917 225 876
1344 315 1317
315 1317 1344
1317 315 1344
532 365 1276
1276 365 532
365 532 1276
679 113 1029
113 679 1029
1029 113 679
82 81 523
81 82 523
523 81 82
620 284 1176
1176 284 620
284 620 1176
514 330 472
330 472 514
472 330 514
476 324 570
324 476 570
570 324 476
319 1105 1197
1105 319 1197
1197 319 1105
439 40 1100
40 439 1100
1100 40 439
867 697 1058
697 867 1058
1058 697 867
589 726 951
951 589 726
726 589 951
370 15 278
278 15 370
15 278 370
1411 44 542
542 44 1411
44 542 1411
1162 551 804
804 551 1162
551 804 1162
1309 266 460
266 460 1309
460 266 1309
97 1003 1443
1003 97 1443
1443 97 1003
1361 680 1069
1069 680 1361
680 1069 1361
1022 313 678
313 678 1022
678 313 1022
929 1006 1062
1062 929 1006
1006 929 1062
1439 505 1341
505 1341 1439
1341 505 1439
1371 124 1252
124 1252 1371
1252 124 1371
408 74 666
666 74 408
74 408 666
1166 464 470
464 470 1166
470 464 1166
544 443 889
889 443 544
443 544 889
947 793 902
793 902 947
902 793 947
694 659 1238
659 694 1238
1238 659 694
798 1184 1213
1184 798 1213
1213 798 1184
721 1004 1010
1004 721 1010
1010 721 1004
92 173 979
979 92 173
173 92 979
19 689 1245
1245 19 689
689 19 1245
1132 347 1154
1154 347 1132
347 1132 1154
978 657 994
657 978 994
994 657 978
329 373 527
373 329 527
527 329 373
884 210 1268
210 884 1268
1268 210 884
276 194 1011
194 276 1011
1011 194 276
946 617 1147
1147 617 946
617 946 1147
931 871 938
871 931 938
938 871 931
457 795 1173
795 457 1173
1173 457 795
771 12 751
12 751 771
751 12 771
774 761 1404
1404 761 774
761 774 1404
556 55 463
463 55 556
55 463 556
1260 289 1052
1052 289 1260
289 1052 1260
677 243 434
243 434 677
434 243 677
288 864 1500
1500 288 864
864 288 1500
1139 269 441
269 441 1139
441 269 1139
1119 1045 1353
1353 1045 1119
1045 1119 1353
654 77 848
77 654 848
848 77 654
112 747 1405
747 112 1405
1405 112 747
48 78 838
838 48 78
78 48 838
179 1322 1339
1339 179 1322
1322 179 1339
1207 461 487
487 461 1207
461 487 1207
159 445 574
445 159 574
574 159 445
503 452 1131
1131 452 503
452 503 1131
1450 485 1210
1210 485 1450
485 1210 1450
473 807 1192
1192 473 807
807 473 1192
134 118 229
229 118 134
118 134 229
649 825 1016
825 649 1016
1016 649 825
245 743 1354
1354 245 743
743 245 1354
878 154 1182
1182 154 878
154 878 1182
671 959 1181
1181 671 959
959 671 1181
891 271 581
271 581 891
581 271 891
583 105 286
286 105 583
105 286 583
1198 841 1287
1287 841 1198
841 1198 1287
45 660 691
660 45 691
691 45 660
576 980 1239
980 576 1239
1239 576 980
471 916 1334
916 471 1334
1334 471 916
1096 348 619
619 348 1096
348 619 1096
1400 1335 1342
1342 1335 1400
1335 1342 1400
1026 502 558
558 502 1026
502 558 1026
352 616 1499
1499 352 616
616 352 1499
923 700 1185
1185 700 923
700 923 1185
1346 167 1224
167 1224 1346
1224 167 1346
1235 898 1343
898 1235 1343
1343 898 1235
1114 484 1487
484 1114 1487
1487 484 1114
981 758 1155
1155 758 981
758 981 1155
345 1036 1138
1036 345 1138
1138 345 1036
921 96 1391
96 921 1391
1391 96 921
369 1215 1494
1215 369 1494
1494 369 1215
20 127 1330
127 20 1330
1330 20 127
1196 728 909
728 909 1196
909 728 1196
742 214 1312
1312 214 742
214 742 1312
375 530 588
588 375 530
530 375 588
768 223 396
396 223 768
223 396 768
1381 924 1425
1425 924 1381
924 1381 1425
336 698 1068
1068 336 698
698 336 1068
125 893 1331
893 125 1331
1331 125 893
854 861 1431
861 854 1431
1431 854 861
354 555 1384
555 354 1384
1384 354 555
1278 639 1490
1490 639 1278
639 1278 1490
901 246 1148
1148 246 901
246 901 1148
273 411 595
411 273 595
595 273 411
392 813 963
963 392 813
813 392 963
1349 1117 1358
1117 1349 1358
1358 1117 1349
814 410 858
410 814 858
858 410 814
1301 645 708
708 645 1301
645 708 1301
927 765 1009
765 927 1009
1009 765 927
991 224 507
507 224 991
224 507 991
1095 279 1413
1413 279 1095
279 1095 1413
366 407 1195
407 366 1195
1195 366 407
1496 430 940
940 430 1496
430 940 1496
1007 321 397
397 321 1007
321 397 1007
1087 1438 1474
1438 1087 1474
1474 1087 1438
400 302 1401
1401 302 400
302 400 1401
709 10 513
10 513 709
513 10 709
1376 493 1038
1038 493 1376
493 1038 1376
1236 123 427
123 427 1236
427 123 1236
1318 567 1386
567 1318 1386
1386 567 1318
420 85 707
85 420 707
707 85 420
1372 51 148
148 51 1372
51 148 1372
1415 274 968
968 274 1415
274 968 1415
316 930 1491
930 316 1491
1491 316 930
986 419 833
419 833 986
833 419 986
1483 164 312
164 312 1483
312 164 1483
1223 1340 1390
1340 1223 1390
1390 1223 1340
308 598 681
598 308 681
681 308 598
780 1025 1065
1025 780 1065
1065 780 1025
1477 398 926
926 398 1477
398 926 1477
208 674 828
674 208 828
828 208 674
1083 1109 1420
1109 1083 1420
1420 1083 1109
1115 262 1365
262 1115 1365
1365 262 1115
458 206 580
580 206 458
206 458 580
444 131 1002
131 444 1002
1002 131 444
912 547 621
621 547 912
547 621 912
784 62 738
62 738 784
738 62 784
1284 26 725
26 725 1284
725 26 1284
948 183 1277
183 948 1277
1277 183 948
990 584 664
664 584 990
584 664 990
1033 1392 1416
1392 1033 1416
1416 1033 1392
87 545 1296
545 87 1296
1296 87 545
962 122 1441
122 962 1441
1441 122 962
516 371 999
999 371 516
371 516 999
277 402 1113
402 277 1113
1113 277 402
1121 161 1174
161 1121 1174
1174 161 1121
1150 571 651
571 651 1150
651 571 1150
1216 655 1426
1426 655 1216
655 1216 1426
1460 43 226
43 226 1460
226 43 1460
294 120 1273
1273 120 294
120 294 1273
219 94 469
94 219 469
469 94 219
237 178 900
178 237 900
900 178 237
499 90 597
597 90 499
90 499 597
450 496 643
496 450 643
643 450 496
1061 573 1369
1369 573 1061
573 1061 1369
528 108 965
108 528 965
965 108 528
637 762 1092
762 637 1092
1092 637 762
918 93 1189
93 918 1189
1189 93 918
650 61 1267
1267 61 650
61 650 1267
327 84 1161
1161 84 327
84 327 1161
561 1050 1448
1050 561 1448
1448 561 1050
265 676 1388
676 265 1388
1388 265 676
393 361 367
367 361 393
361 367 393
147 130 1079
1079 130 147
130 147 1079
1288 38 578
578 38 1288
38 578 1288
1 363 695
695 1 363
363 1 695
782 346 1020
1020 346 782
346 782 1020
413 415 904
415 413 904
904 413 415
328 301 416
301 328 416
416 301 328
71 322 526
322 71 526
526 71 322
1482 353 1169
353 1169 1482
1169 353 1482
1214 436 1031
436 1031 1214
1031 436 1214
447 428 1382
428 447 1382
1382 428 447
242 133 847
133 242 847
847 133 242
593 719 1293
1293 593 719
719 593 1293
481 515 663
515 481 663
663 481 515
830 522 856
522 830 856
856 522 830
766 187 1326
187 766 1326
1326 187 766
1048 155 611
611 155 1048
155 611 1048
1282 75 247
75 247 1282
247 75 1282
653 668 734
668 653 734
734 653 668
686 88 422
88 422 686
422 88 686
1240 850 945
945 850 1240
850 945 1240
1467 760 956
956 760 1467
760 956 1467
1063 172 1377
1377 172 1063
172 1063 1377
146 1059 1423
1059 146 1423
1423 146 1059
749 641 763
641 749 763
763 641 749
33 76 953
76 33 953
953 33 76
1126 935 970
970 935 1126
935 970 1126
1459 712 1389
712 1389 1459
1389 712 1459
1244 492 582
582 492 1244
492 582 1244
1429 102 497
497 102 1429
102 497 1429
168 234 388
388 168 234
234 168 388
381 310 977
977 310 381
310 381 977
539 805 1311
1311 539 805
805 539 1311
1479 717 1272
717 1272 1479
1272 717 1479
215 166 260
166 215 260
260 166 215
23 333 969
333 23 969
969 23 333
803 648 826
826 648 803
648 803 826
1209 1085 1141
1141 1085 1209
1085 1141 1209
1015 451 1099
1099 451 1015
451 1015 1099
377 809 972
972 377 809
809 377 972
299 358 404
358 299 404
404 299 358
1055 585 647
647 585 1055
585 647 1055
101 151 543
151 101 543
543 101 151
1233 915 1493
1493 915 1233
915 1233 1493
1021 1204 1394
1204 1021 1394
1394 1021 1204
72 142 423
423 72 142
142 72 423
1128 177 202
177 202 1128
202 177 1128
139 897 1464
1464 139 897
897 139 1464
174 115 606
115 174 606
606 115 174
495 264 438
438 264 495
264 438 495
1275 282 1446
1446 282 1275
282 1275 1446
868 351 853
853 351 868
351 853 868
548 882 1136
882 548 1136
1136 548 882
613 862 1375
1375 613 862
862 613 1375
710 685 1316
685 710 1316
1316 685 710
1262 201 1032
1032 201 1262
201 1032 1262
699 305 1315
1315 305 699
305 699 1315
519 50 802
50 519 802
802 50 519
942 253 1329
253 942 1329
1329 253 942
1051 31 1249
31 1051 1249
1249 31 1051
997 323 731
731 323 997
323 731 997
1259 753 811
753 811 1259
811 753 1259
730 292 834
834 292 730
292 730 834
630 1024 1152
1024 630 1152
1152 630 1024
722 368 974
368 722 974
974 368 722
1112 379 1125
379 1112 1125
1125 379 1112
270 128 1345
1345 128 270
128 270 1345
1466 29 107
107 29 1466
29 107 1466
1393 56 877
56 877 1393
877 56 1393
950 117 387
117 387 950
387 117 950
865 180 1053
180 865 1053
1053 180 865
1370 636 860
636 860 1370
860 636 1370
1106 610 1469
1469 610 1106
610 1106 1469
1462 135 618
618 135 1462
135 618 1462
462 236 1351
236 462 1351
1351 236 462
729 732 1319
1319 729 732
732 729 1319
188 195 1035
1035 188 195
195 188 1035
1124 1201 1378
1378 1124 1201
1201 1124 1378
1000 1327 1383
1327 1000 1383
1383 1000 1327
1246 162 296
296 162 1246
162 296 1246
1208 141 1073
1073 141 1208
141 1073 1208
252 30 1064
30 252 1064
1064 30 252
1067 145 1111
1111 145 1067
145 1067 1111
1333 920 1211
1211 920 1333
920 1211 1333
437 325 344
344 325 437
325 344 437
863 295 1018
1018 295 863
295 863 1018
1422 801 839
839 801 1422
801 839 1422
788 36 1140
1140 36 788
36 788 1140
21 489 644
644 21 489
489 21 644
989 642 1076
1076 642 989
642 989 1076
1123 465 1200
465 1123 1200
1200 465 1123
973 73 827
73 827 973
827 73 973
1427 449 1476
449 1427 1476
1476 449 1427
779 119 1368
1368 119 779
119 779 1368
1447 1225 1313
1225 1313 1447
1313 1225 1447
1017 684 988
684 988 1017
988 684 1017
1070 39 1255
39 1070 1255
1255 39 1070
594 14 509
509 14 594
14 509 594
104 1145 1449
1449 104 1145
1145 104 1449
494 843 975
843 494 975
975 494 843
263 54 794
794 54 263
54 263 794
342 855 1101
1101 342 855
855 342 1101
1110 755 1075
1075 755 1110
755 1075 1110
905 552 665
552 665 905
665 552 905
1398 376 626
376 626 1398
626 376 1398
220 171 364
171 220 364
364 171 220
