2184 4126 14413
14413 2184 4126
4126 2184 14413
1241 11478 14981
14981 1241 11478
11478 1241 14981
332 4238 4378
4378 332 4238
4238 332 4378
11194 6888 11872
6888 11194 11872
11872 6888 11194
8384 4883 6138
4883 6138 8384
6138 4883 8384
8264 4654 5938
5938 4654 8264
4654 5938 8264
4432 7721 9720
9720 4432 7721
7721 4432 9720
1397 4675 6596
4675 1397 6596
6596 1397 4675
14425 3143 8058
3143 8058 14425
8058 3143 14425
4077 563 1113
1113 563 4077
563 1113 4077
7907 9730 13965
13965 7907 9730
9730 7907 13965
9314 11349 14191
11349 9314 14191
14191 9314 11349
2168 4721 5929
4721 2168 5929
5929 2168 4721
8897 741 12364
741 8897 12364
12364 741 8897
1519 5173 12072
5173 1519 12072
12072 1519 5173
6091 819 1358
1358 819 6091
819 1358 6091
3743 4529 12157
12157 3743 4529
4529 3743 12157
2641 4536 10031
4536 2641 10031
10031 2641 4536
6609 6197 10219
10219 6197 6609
6197 6609 10219
12385 3859 12812
12812 3859 12385
3859 12385 12812
4130 683 4274
683 4130 4274
4274 683 4130
12427 9371 12059
12059 9371 12427
9371 12059 12427
11291 7771 7845
7771 7845 11291
7845 7771 11291
11848 3128 5847
5847 3128 11848
3128 5847 11848
4145 993 7394
7394 993 4145
993 4145 7394
13700 4051 12807
4051 12807 13700
12807 4051 13700
9510 9166 12256
12256 9166 9510
9166 9510 12256
14154 4750 6217
4750 6217 14154
6217 4750 14154
1345 4284 5665
4284 1345 5665
5665 1345 4284
956 9824 11276
9824 956 11276
11276 956 9824
4669 6723 11737
6723 4669 11737
11737 4669 6723
9819 3382 13830
3382 9819 13830
13830 3382 9819
5584 364 7322
7322 364 5584
364 5584 7322
5329 2687 14436
2687 5329 14436
14436 2687 5329
4096 279 11487
11487 279 4096
279 4096 11487
9955 3767 14364
14364 3767 9955
3767 9955 14364
13911 1418 5212
1418 5212 13911
5212 1418 13911
7903 108 6398
108 6398 7903
6398 108 7903
14964 8857 12919
8857 12919 14964
12919 8857 14964
9109 605 9012
9012 605 9109
605 9012 9109
7526 1136 8504
8504 1136 7526
1136 7526 8504
11238 8840 11322
8840 11238 11322
11322 8840 11238
7354 4611 10064
4611 7354 10064
10064 4611 7354
14798 4664 10991
4664 10991 14798
10991 4664 14798
1917 2520 14690
14690 1917 2520
2520 1917 14690
14837 10128 10908
10128 10908 14837
10908 10128 14837
4704 29 479
29 479 4704
479 29 4704
3988 7171 13467
7171 3988 13467
13467 3988 7171
6354 2501 3340
3340 2501 6354
2501 3340 6354
8012 187 5637
5637 187 8012
187 5637 8012
1986 5444 14167
14167 1986 5444
5444 1986 14167
4019 9200 14289
14289 4019 9200
9200 4019 14289
8324 3002 12432
3002 8324 12432
12432 3002 8324
3409 14 2491
14 2491 3409
2491 14 3409
11740 6165 10631
10631 6165 11740
6165 10631 11740
6076 2473 10095
2473 6076 10095
10095 2473 6076
13699 12272 14714
12272 13699 14714
14714 12272 13699
3433 11775 13140
13140 3433 11775
11775 3433 13140
14536 997 14890
14890 997 14536
997 14536 14890
4860 6725 12255
6725 4860 12255
12255 4860 6725
7594 1455 11489
1455 7594 11489
11489 1455 7594
12409 2776 10685
10685 2776 12409
2776 10685 12409
4501 2618 9156
9156 2618 4501
2618 4501 9156
3871 24 8464
24 3871 8464
8464 24 3871
13771 7860 10829
7860 10829 13771
10829 7860 13771
9094 1586 9306
1586 9094 9306
9306 1586 9094
11718 581 1531
1531 581 11718
581 1531 11718
388 526 10016
526 388 10016
10016 388 526
1638 3545 11338
3545 1638 11338
11338 1638 3545
12394 7545 13499
13499 7545 12394
7545 12394 13499
9747 4231 8871
8871 4231 9747
4231 8871 9747
14945 6944 7769
6944 7769 14945
7769 6944 14945
7181 2323 13573
2323 7181 13573
13573 2323 7181
3577 10391 12152
10391 3577 12152
12152 3577 10391
10004 543 11227
543 10004 11227
11227 543 10004
11043 2188 11252
2188 11043 11252
11252 2188 11043
1353 1163 2261
2261 1163 1353
1163 1353 2261
1328 1566 14257
14257 1328 1566
1566 1328 14257
8677 6184 9515
6184 8677 9515
9515 6184 8677
14080 5896 9463
9463 5896 14080
5896 9463 14080
1836 12165 12670
12165 1836 12670
12670 1836 12165
1511 9451 9587
9451 1511 9587
9587 1511 9451
8574 10224 10759
10759 8574 10224
10224 8574 10759
10978 9606 12779
9606 10978 12779
12779 9606 10978
3768 2055 2743
2743 2055 3768
2055 2743 3768
13808 5610 6404
5610 6404 13808
6404 5610 13808
5685 5481 10880
10880 5481 5685
5481 5685 10880
1084 68 9197
9197 68 1084
68 1084 9197
9909 6747 13887
13887 6747 9909
6747 9909 13887
6222 2352 3133
3133 2352 6222
2352 3133 6222
6261 4807 6381
4807 6261 6381
6381 4807 6261
2786 6899 13286
13286 2786 6899
6899 2786 13286
11271 1740 2639
2639 1740 11271
1740 2639 11271
1577 1845 3821
1845 1577 3821
3821 1577 1845
11914 7453 12505
12505 7453 11914
7453 11914 12505
2709 13028 14558
13028 2709 14558
14558 2709 13028
6713 570 10995
10995 570 6713
570 6713 10995
3775 2376 13056
13056 2376 3775
2376 3775 13056
9902 1922 10606
1922 9902 10606
10606 1922 9902
9205 134 13611
134 9205 13611
13611 134 9205
7798 4093 4461
4461 4093 7798
4093 4461 7798
9161 634 10933
10933 634 9161
634 9161 10933
131 9920 13339
9920 131 13339
13339 131 9920
6046 7865 10843
10843 6046 7865
7865 6046 10843
869 9278 12340
9278 869 12340
12340 869 9278
5580 3044 3562
3562 3044 5580
3044 3562 5580
4582 2860 8322
8322 2860 4582
2860 4582 8322
2760 5749 14451
14451 2760 5749
5749 2760 14451
2926 681 5699
5699 681 2926
681 2926 5699
10274 2358 10471
10471 2358 10274
2358 10274 10471
14764 1335 9469
1335 9469 14764
9469 1335 14764
1972 5 12868
5 1972 12868
12868 5 1972
13060 1004 6482
1004 6482 13060
6482 1004 13060
2493 562 11926
11926 562 2493
562 2493 11926
6465 8913 11014
11014 6465 8913
8913 6465 11014
8480 5144 7192
7192 5144 8480
5144 7192 8480
8032 7097 7474
7097 7474 8032
7474 7097 8032
738 8483 9991
8483 738 9991
9991 738 8483
1422 5754 11492
11492 1422 5754
5754 1422 11492
1854 1557 5525
5525 1557 1854
1557 1854 5525
5655 6865 10431
6865 5655 10431
10431 5655 6865
9479 1609 7003
7003 1609 9479
1609 7003 9479
5927 790 3250
3250 790 5927
790 3250 5927
11632 812 13682
812 11632 13682
13682 812 11632
13835 3603 5127
5127 3603 13835
3603 5127 13835
10855 8140 13867
13867 8140 10855
8140 10855 13867
11156 3111 14011
3111 11156 14011
14011 3111 11156
13031 752 1819
752 1819 13031
1819 752 13031
13172 5502 11932
11932 5502 13172
5502 11932 13172
8915 4094 6143
6143 4094 8915
4094 6143 8915
9707 2787 9528
2787 9528 9707
9528 2787 9707
5374 6211 7233
7233 5374 6211
6211 5374 7233
1655 12039 14845
12039 1655 14845
14845 1655 12039
12053 10664 14232
10664 12053 14232
14232 10664 12053
11052 1094 9115
9115 1094 11052
1094 9115 11052
8474 5515 11009
5515 8474 11009
11009 5515 8474
3643 6067 12816
12816 3643 6067
6067 3643 12816
7789 2804 5437
2804 5437 7789
5437 2804 7789
86 3006 7293
7293 86 3006
3006 86 7293
2929 13187 14406
13187 2929 14406
14406 2929 13187
8741 1230 11095
11095 1230 8741
1230 8741 11095
10645 1835 12760
1835 10645 12760
12760 1835 10645
10800 3737 6984
3737 6984 10800
6984 3737 10800
6248 2739 7662
2739 6248 7662
7662 2739 6248
7621 5450 6055
5450 6055 7621
6055 5450 7621
6552 7481 9760
7481 6552 9760
9760 6552 7481
12396 4257 12736
4257 12396 12736
12736 4257 12396
5553 3693 5341
3693 5341 5553
5341 3693 5553
5124 2431 11511
2431 5124 11511
11511 2431 5124
9773 1636 3784
3784 1636 9773
1636 3784 9773
13094 1725 11939
1725 11939 13094
11939 1725 13094
7462 3632 11378
11378 3632 7462
3632 7462 11378
2306 1905 8405
8405 1905 2306
1905 2306 8405
13678 10080 14454
10080 13678 14454
14454 10080 13678
380 12817 14749
14749 380 12817
12817 380 14749
10832 727 8260
727 8260 10832
8260 727 10832
4507 9152 13674
13674 4507 9152
9152 4507 13674
10336 5785 13249
5785 10336 13249
13249 5785 10336
1941 4884 7560
7560 1941 4884
4884 1941 7560
6864 903 12881
903 6864 12881
12881 903 6864
4535 4478 6707
6707 4478 4535
4478 4535 6707
3317 4124 11221
4124 3317 11221
11221 3317 4124
7075 3361 13768
3361 7075 13768
13768 3361 7075
10304 12719 14954
12719 10304 14954
14954 10304 12719
5183 8310 12631
8310 5183 12631
12631 5183 8310
12246 2836 6084
2836 6084 12246
6084 2836 12246
8771 8806 10097
10097 8771 8806
8806 8771 10097
12166 1053 14879
1053 12166 14879
14879 1053 12166
1547 3206 11829
11829 1547 3206
3206 1547 11829
2416 11581 14579
11581 2416 14579
14579 2416 11581
9187 3212 4647
4647 3212 9187
3212 4647 9187
9117 754 5867
5867 754 9117
754 5867 9117
11196 5201 8081
5201 8081 11196
8081 5201 11196
10365 210 7750
210 7750 10365
7750 210 10365
3798 3110 6298
3110 3798 6298
6298 3110 3798
2526 4283 6735
6735 2526 4283
4283 2526 6735
9938 4168 14439
14439 4168 9938
4168 9938 14439
4064 8577 11113
11113 4064 8577
8577 4064 11113
2771 5399 12047
5399 2771 12047
12047 2771 5399
11340 7112 7362
7362 7112 11340
7112 7362 11340
3284 3503 13532
13532 3284 3503
3503 3284 13532
8231 2324 8643
2324 8231 8643
8643 2324 8231
11901 8485 13828
13828 8485 11901
8485 11901 13828
11170 4332 7954
7954 4332 11170
4332 7954 11170
8906 1002 11077
1002 8906 11077
11077 1002 8906
9178 765 12614
12614 765 9178
765 9178 12614
1117 1322 1427
1322 1117 1427
1427 1117 1322
8118 4076 4974
4076 4974 8118
4974 4076 8118
1750 6146 7634
6146 1750 7634
7634 1750 6146
12051 7 3423
3423 7 12051
7 3423 12051
118 11053 12511
12511 118 11053
11053 118 12511
8584 5624 11592
5624 8584 11592
11592 5624 8584
1594 1426 12856
1426 1594 12856
12856 1426 1594
221 1099 4685
4685 221 1099
1099 221 4685
8234 1115 12264
12264 1115 8234
1115 8234 12264
1969 3027 5978
3027 1969 5978
5978 1969 3027
4865 428 881
428 881 4865
881 428 4865
7600 171 1822
1822 171 7600
171 1822 7600
1543 6266 10955
10955 1543 6266
6266 1543 10955
10726 1282 8147
8147 1282 10726
1282 8147 10726
8354 4502 14694
14694 4502 8354
4502 8354 14694
10544 11241 13695
11241 10544 13695
13695 10544 11241
8793 13 4226
13 4226 8793
4226 13 8793
12065 4005 4298
4005 4298 12065
4298 4005 12065
1349 7036 12679
7036 1349 12679
12679 1349 7036
9614 6501 13388
13388 6501 9614
6501 9614 13388
619 1832 12026
1832 619 12026
12026 619 1832
2199 14190 14194
14194 2199 14190
14190 2199 14194
3026 3325 5356
3325 3026 5356
5356 3026 3325
13127 1172 10381
1172 10381 13127
10381 1172 13127
11611 875 9607
9607 875 11611
875 9607 11611
10347 5674 7021
5674 7021 10347
7021 5674 10347
14874 12808 13580
12808 13580 14874
13580 12808 14874
10212 219 13139
219 10212 13139
13139 219 10212
3592 10216 11868
11868 3592 10216
10216 3592 11868
7728 4848 7624
4848 7624 7728
7624 4848 7728
14942 1824 11381
1824 11381 14942
11381 1824 14942
14092 1825 7735
7735 1825 14092
1825 7735 14092
3097 12081 12689
12081 3097 12689
12689 3097 12081
7268 1704 7577
7577 1704 7268
1704 7268 7577
1715 11083 14833
11083 1715 14833
14833 1715 11083
3518 7754 10286
10286 3518 7754
7754 3518 10286
11213 9394 11437
11437 9394 11213
9394 11213 11437
8149 5194 5663
5194 5663 8149
5663 5194 8149
4400 7501 8829
8829 4400 7501
7501 4400 8829
9844 250 4009
250 4009 9844
4009 250 9844
1402 6331 14397
14397 1402 6331
6331 1402 14397
3566 806 10081
10081 806 3566
806 3566 10081
10706 290 14557
290 10706 14557
14557 290 10706
12974 1448 13723
13723 1448 12974
1448 12974 13723
4394 94 8445
94 4394 8445
8445 94 4394
13874 5143 12982
5143 12982 13874
12982 5143 13874
9733 10296 14018
14018 9733 10296
10296 9733 14018
6632 4975 7434
4975 6632 7434
7434 4975 6632
14229 8783 9619
8783 9619 14229
9619 8783 14229
11175 5777 6884
6884 5777 11175
5777 6884 11175
14383 842 1465
842 1465 14383
1465 842 14383
11538 8309 10330
8309 10330 11538
10330 8309 11538
7236 8158 13192
13192 7236 8158
8158 7236 13192
9506 1814 7459
7459 1814 9506
1814 7459 9506
14717 9677 12966
12966 9677 14717
9677 12966 14717
2322 928 10758
10758 928 2322
928 2322 10758
5080 1028 10267
1028 5080 10267
10267 1028 5080
12668 284 4176
284 4176 12668
4176 284 12668
13130 1303 11730
11730 1303 13130
1303 11730 13130
1132 5627 8015
5627 1132 8015
8015 1132 5627
9682 2007 5915
2007 5915 9682
5915 2007 9682
10309 4482 14923
14923 4482 10309
4482 10309 14923
3807 3386 14761
14761 3386 3807
3386 3807 14761
12463 6605 12937
12937 6605 12463
6605 12463 12937
2050 5849 14465
5849 2050 14465
14465 2050 5849
14505 4349 9880
4349 9880 14505
9880 4349 14505
12926 3197 13612
13612 3197 12926
3197 12926 13612
8998 13487 14113
14113 8998 13487
13487 8998 14113
5344 7449 7675
7449 5344 7675
7675 5344 7449
4122 9975 11576
11576 4122 9975
9975 4122 11576
10003 601 1471
1471 601 10003
601 1471 10003
10836 2270 10098
2270 10098 10836
10098 2270 10836
3932 2852 4066
4066 2852 3932
2852 3932 4066
4002 8093 10673
10673 4002 8093
8093 4002 10673
14393 3373 5224
3373 5224 14393
5224 3373 14393
4345 1477 2237
1477 2237 4345
2237 1477 4345
215 379 7240
379 215 7240
7240 215 379
7902 10355 14144
10355 7902 14144
14144 7902 10355
13751 5597 12632
5597 12632 13751
12632 5597 13751
14652 3771 5631
5631 3771 14652
3771 5631 14652
2732 7038 7051
7038 2732 7051
7051 2732 7038
9361 4438 6041
6041 4438 9361
4438 6041 9361
2600 1382 5295
1382 2600 5295
5295 1382 2600
3646 4215 5845
5845 3646 4215
4215 3646 5845
323 953 9258
9258 323 953
953 323 9258
1413 4747 7337
7337 1413 4747
4747 1413 7337
7775 8492 9145
9145 7775 8492
8492 7775 9145
14516 4523 12954
4523 12954 14516
12954 4523 14516
9297 6350 6643
6350 6643 9297
6643 6350 9297
6631 2642 8753
8753 2642 6631
2642 6631 8753
2 2208 6892
2208 2 6892
6892 2 2208
7927 2349 14185
2349 7927 14185
14185 2349 7927
9604 11216 12365
12365 9604 11216
11216 9604 12365
7510 6364 8332
6364 7510 8332
8332 6364 7510
2059 5077 9929
5077 2059 9929
9929 2059 5077
1877 7591 7979
7591 1877 7979
7979 1877 7591
1998 4639 12595
12595 1998 4639
4639 1998 12595
4469 3866 8590
3866 4469 8590
8590 3866 4469
614 5893 6703
5893 614 6703
6703 614 5893
975 5759 10102
10102 975 5759
5759 975 10102
1347 6996 12170
6996 1347 12170
12170 1347 6996
11792 6800 10359
6800 10359 11792
10359 6800 11792
5116 1127 11404
11404 1127 5116
1127 5116 11404
11124 3598 4008
4008 3598 11124
3598 4008 11124
7670 643 13420
643 7670 13420
13420 643 7670
1431 12543 12661
12543 1431 12661
12661 1431 12543
11484 8898 11908
11908 8898 11484
8898 11484 11908
4371 1876 6611
1876 4371 6611
6611 1876 4371
10802 2136 10380
10380 2136 10802
2136 10380 10802
2924 297 2394
2394 297 2924
297 2394 2924
2159 7959 12138
7959 2159 12138
12138 2159 7959
11821 1753 4266
4266 1753 11821
1753 4266 11821
11153 800 2842
800 2842 11153
2842 800 11153
6842 1493 3553
1493 3553 6842
3553 1493 6842
3193 6073 12176
6073 3193 12176
12176 3193 6073
10681 7508 8885
7508 8885 10681
8885 7508 10681
14996 13331 14643
14643 13331 14996
13331 14643 14996
6157 3374 4334
3374 4334 6157
4334 3374 6157
9423 764 1460
1460 764 9423
764 1460 9423
8623 7988 10959
7988 8623 10959
10959 7988 8623
6336 8777 12058
12058 6336 8777
8777 6336 12058
10435 2864 3540
3540 2864 10435
2864 3540 10435
5240 2421 12793
2421 5240 12793
12793 2421 5240
4584 733 963
733 963 4584
963 733 4584
2910 1780 4169
1780 2910 4169
4169 1780 2910
5058 650 12263
12263 650 5058
650 5058 12263
9277 524 1315
1315 524 9277
524 1315 9277
12024 9259 10839
9259 10839 12024
10839 9259 12024
5910 2965 9384
9384 2965 5910
2965 5910 9384
13820 7976 11536
11536 7976 13820
7976 11536 13820
12164 1359 11970
1359 11970 12164
11970 1359 12164
12802 2443 13201
13201 2443 12802
2443 12802 13201
10601 3537 10710
10710 3537 10601
3537 10601 10710
202 5430 9722
5430 202 9722
9722 202 5430
5957 3232 13306
13306 3232 5957
3232 5957 13306
14097 3129 14494
3129 14097 14494
14494 3129 14097
4114 7210 11456
7210 4114 11456
11456 4114 7210
4583 3664 11450
3664 4583 11450
11450 3664 4583
13375 6977 11239
11239 6977 13375
6977 11239 13375
9064 495 7906
7906 495 9064
495 7906 9064
8220 7267 13093
13093 7267 8220
7267 8220 13093
1732 3727 12985
12985 1732 3727
3727 1732 12985
7702 2302 8653
8653 2302 7702
2302 7702 8653
1371 726 14183
726 1371 14183
14183 726 1371
1688 3776 13189
13189 1688 3776
3776 1688 13189
794 6670 12459
12459 794 6670
6670 794 12459
9763 2427 5708
5708 2427 9763
2427 5708 9763
4977 3364 14440
14440 3364 4977
3364 4977 14440
2116 1692 10153
10153 1692 2116
1692 2116 10153
5369 1912 4018
4018 1912 5369
1912 4018 5369
11427 745 13670
745 11427 13670
13670 745 11427
2560 2585 3961
3961 2560 2585
2585 2560 3961
13133 2887 5859
5859 2887 13133
2887 5859 13133
9494 870 5248
870 5248 9494
5248 870 9494
9634 3406 4989
3406 4989 9634
4989 3406 9634
2796 5110 10675
10675 2796 5110
5110 2796 10675
4900 11768 14556
11768 4900 14556
14556 4900 11768
9999 11951 14193
14193 9999 11951
11951 9999 14193
13451 6096 12535
12535 6096 13451
6096 12535 13451
10905 6012 14083
6012 10905 14083
14083 6012 10905
11855 10157 14597
14597 10157 11855
10157 11855 14597
7598 26 6950
26 6950 7598
6950 26 7598
3667 9623 11079
11079 3667 9623
9623 3667 11079
9899 4629 13206
13206 4629 9899
4629 9899 13206
11086 7263 14337
7263 11086 14337
14337 7263 11086
14802 6975 12499
12499 6975 14802
6975 12499 14802
3453 3541 8838
8838 3453 3541
3541 3453 8838
1898 8899 10399
8899 1898 10399
10399 1898 8899
977 329 14421
14421 329 977
329 977 14421
5497 1201 3754
1201 3754 5497
3754 1201 5497
395 3571 9624
3571 395 9624
9624 395 3571
1419 9016 11258
11258 1419 9016
9016 1419 11258
13039 5340 14180
14180 5340 13039
5340 13039 14180
10942 5611 14975
14975 5611 10942
5611 10942 14975
4752 3368 5824
3368 4752 5824
5824 3368 4752
10289 8170 13650
8170 10289 13650
13650 8170 10289
3233 7231 7282
7282 3233 7231
7231 3233 7282
4158 10515 13299
13299 4158 10515
10515 4158 13299
10278 3668 14707
14707 3668 10278
3668 10278 14707
9684 9532 13069
13069 9532 9684
9532 9684 13069
13317 7155 8007
8007 7155 13317
7155 8007 13317
4816 222 13437
222 4816 13437
13437 222 4816
10669 1850 12925
12925 1850 10669
1850 10669 12925
9500 6133 8542
6133 8542 9500
8542 6133 9500
12967 6254 9021
9021 6254 12967
6254 9021 12967
14904 5041 7486
7486 5041 14904
5041 7486 14904
5320 7667 10358
7667 5320 10358
10358 5320 7667
3489 9225 14992
9225 3489 14992
14992 3489 9225
14132 2871 6281
6281 2871 14132
2871 6281 14132
8558 8601 9830
9830 8558 8601
8601 8558 9830
8928 7321 12990
7321 8928 12990
12990 7321 8928
2928 4789 9378
9378 2928 4789
4789 2928 9378
4374 8759 12243
8759 4374 12243
12243 4374 8759
10207 2930 12407
12407 2930 10207
2930 10207 12407
5595 11614 13034
13034 5595 11614
11614 5595 13034
9079 5029 14280
5029 9079 14280
14280 5029 9079
14514 4952 13940
4952 13940 14514
13940 4952 14514
7718 7129 9898
7129 7718 9898
9898 7129 7718
1846 2933 13894
2933 1846 13894
13894 1846 2933
1340 4940 4955
4955 1340 4940
4940 1340 4955
14089 1378 2747
1378 2747 14089
2747 1378 14089
12509 6039 6385
6385 6039 12509
6039 6385 12509
12086 4581 12514
4581 12086 12514
12514 4581 12086
88 1153 12110
1153 88 12110
12110 88 1153
13202 6144 13116
6144 13116 13202
13116 6144 13202
12245 3892 4594
4594 3892 12245
3892 4594 12245
2107 709 13439
709 2107 13439
13439 709 2107
12049 3387 14131
14131 3387 12049
3387 12049 14131
11504 2597 3883
2597 3883 11504
3883 2597 11504
5892 7982 14544
14544 5892 7982
7982 5892 14544
1991 1602 5118
1602 1991 5118
5118 1602 1991
11955 396 6507
396 6507 11955
6507 396 11955
6511 555 4301
4301 555 6511
555 4301 6511
6389 3144 5407
5407 3144 6389
3144 5407 6389
2033 699 8413
8413 699 2033
699 2033 8413
4624 6600 11199
11199 4624 6600
6600 4624 11199
5573 5262 13354
5262 5573 13354
13354 5262 5573
2611 10061 11763
11763 2611 10061
10061 2611 11763
5662 7296 10324
10324 5662 7296
7296 5662 10324
7841 11958 13387
11958 7841 13387
13387 7841 11958
10165 4197 9022
9022 4197 10165
4197 9022 10165
6912 433 7833
7833 433 6912
433 6912 7833
13641 2001 12377
2001 12377 13641
12377 2001 13641
10518 5825 14187
5825 10518 14187
14187 5825 10518
52 3091 4903
4903 52 3091
3091 52 4903
9714 594 4143
4143 594 9714
594 4143 9714
1144 43 10199
10199 43 1144
43 1144 10199
13444 3606 8553
3606 8553 13444
8553 3606 13444
3351 9637 14843
9637 3351 14843
14843 3351 9637
5215 2320 7620
7620 2320 5215
2320 5215 7620
12160 12280 14891
14891 12160 12280
12280 12160 14891
14916 11541 14114
14114 11541 14916
11541 14114 14916
9699 5022 13011
5022 9699 13011
13011 5022 9699
6383 4616 14099
4616 6383 14099
14099 4616 6383
10672 685 13665
13665 685 10672
685 10672 13665
9913 3399 14148
3399 9913 14148
14148 3399 9913
4810 3857 11264
11264 3857 4810
3857 4810 11264
10912 358 1524
358 1524 10912
1524 358 10912
11897 312 10542
10542 312 11897
312 10542 11897
8097 8182 13077
8182 8097 13077
13077 8097 8182
2968 4986 9557
4986 2968 9557
9557 2968 4986
13485 618 3070
618 3070 13485
3070 618 13485
12163 2452 5324
5324 2452 12163
2452 5324 12163
6434 7241 7762
7762 6434 7241
7241 6434 7762
6906 3533 13068
3533 6906 13068
13068 3533 6906
11237 1435 3285
1435 3285 11237
3285 1435 11237
584 2233 13732
13732 584 2233
2233 584 13732
6400 10887 14028
10887 6400 14028
14028 6400 10887
28 8346 8618
8618 28 8346
8346 28 8618
13430 150 655
655 150 13430
150 655 13430
11458 3966 11819
11819 3966 11458
3966 11458 11819
4421 2269 9726
9726 2269 4421
2269 4421 9726
14030 7672 8084
7672 8084 14030
8084 7672 14030
11038 3216 6296
3216 6296 11038
6296 3216 11038
6307 2995 4136
2995 4136 6307
4136 2995 6307
12378 1590 6006
1590 6006 12378
6006 1590 12378
4087 4621 8307
8307 4087 4621
4621 4087 8307
6962 11669 13492
11669 6962 13492
13492 6962 11669
3556 10502 12028
12028 3556 10502
10502 3556 12028
5263 3113 8792
8792 3113 5263
3113 5263 8792
10866 7139 10203
7139 10203 10866
10203 7139 10866
5731 3585 3739
3739 3585 5731
3585 3739 5731
9459 10012 11578
11578 9459 10012
10012 9459 11578
2870 4457 11583
11583 2870 4457
4457 2870 11583
886 2019 3170
3170 886 2019
2019 886 3170
8686 155 12583
12583 155 8686
155 8686 12583
10073 9148 11040
11040 9148 10073
9148 10073 11040
1210 2505 10554
10554 1210 2505
2505 1210 10554
12506 11240 11645
11645 11240 12506
11240 11645 12506
414 13589 14107
13589 414 14107
14107 414 13589
9417 4823 10623
10623 4823 9417
4823 9417 10623
10677 556 6161
6161 556 10677
556 6161 10677
4339 724 13647
13647 724 4339
724 4339 13647
3323 3488 12624
12624 3323 3488
3488 3323 12624
4812 4475 9385
4475 4812 9385
9385 4475 4812
14801 8351 9734
9734 8351 14801
8351 9734 14801
10626 8651 12749
8651 10626 12749
12749 8651 10626
4036 400 6153
400 4036 6153
6153 400 4036
158 978 5547
978 158 5547
5547 158 978
5615 5256 11896
11896 5256 5615
5256 5615 11896
8133 992 9847
9847 992 8133
992 8133 9847
12744 746 11928
746 11928 12744
11928 746 12744
4414 7648 10050
7648 4414 10050
10050 4414 7648
9979 8276 9354
8276 9354 9979
9354 8276 9979
13086 2869 7612
7612 2869 13086
2869 7612 13086
11233 2545 2884
2884 2545 11233
2545 2884 11233
2214 2336 8622
2336 2214 8622
8622 2214 2336
9691 9353 10185
10185 9353 9691
9353 9691 10185
13898 2981 9582
2981 9582 13898
9582 2981 13898
7803 8549 9024
8549 7803 9024
9024 7803 8549
10107 5773 10657
5773 10107 10657
10657 5773 10107
9666 1844 14625
14625 1844 9666
1844 9666 14625
7137 12177 13755
12177 7137 13755
13755 7137 12177
1078 121 12066
121 1078 12066
12066 121 1078
5280 7356 14691
7356 5280 14691
14691 5280 7356
14487 8756 12956
12956 8756 14487
8756 12956 14487
6045 3582 7226
3582 6045 7226
7226 3582 6045
920 10700 13989
13989 920 10700
10700 920 13989
13952 2808 10867
2808 10867 13952
10867 2808 13952
13553 1003 9848
1003 9848 13553
9848 1003 13553
9645 1961 11190
11190 1961 9645
1961 9645 11190
5883 550 2377
2377 550 5883
550 2377 5883
8711 6823 11012
11012 6823 8711
6823 8711 11012
7878 1985 9295
9295 1985 7878
1985 7878 9295
7487 8141 9860
8141 7487 9860
9860 7487 8141
8516 1042 14820
14820 1042 8516
1042 8516 14820
3614 6924 9928
9928 3614 6924
6924 3614 9928
10025 1661 12969
12969 1661 10025
1661 10025 12969
14003 3922 5415
3922 5415 14003
5415 3922 14003
12705 2442 13536
13536 2442 12705
2442 12705 13536
6630 6538 10364
10364 6538 6630
6538 6630 10364
2400 6862 7331
6862 2400 7331
7331 2400 6862
212 5645 14001
5645 212 14001
14001 212 5645
3844 3531 4859
3531 3844 4859
4859 3531 3844
13770 830 11187
830 11187 13770
11187 830 13770
13289 2766 12688
2766 12688 13289
12688 2766 13289
13229 1916 8746
8746 1916 13229
1916 8746 13229
9420 2219 14228
2219 9420 14228
14228 2219 9420
288 3203 4942
4942 288 3203
3203 288 4942
5429 12027 12084
12027 5429 12084
12084 5429 12027
3041 4115 10382
10382 3041 4115
4115 3041 10382
3042 5784 12404
5784 3042 12404
12404 3042 5784
6927 3600 5069
3600 5069 6927
5069 3600 6927
1615 9919 12890
9919 1615 12890
12890 1615 9919
3707 7622 10265
10265 3707 7622
7622 3707 10265
2476 9571 11157
11157 2476 9571
9571 2476 11157
781 2035 11041
11041 781 2035
2035 781 11041
5046 5764 9301
9301 5046 5764
5764 5046 9301
3139 8114 12095
12095 3139 8114
8114 3139 12095
6169 2274 6992
2274 6169 6992
6992 2274 6169
1060 7599 8056
8056 1060 7599
7599 1060 8056
4680 915 11761
915 4680 11761
11761 915 4680
6619 2605 13897
2605 6619 13897
13897 2605 6619
13032 8458 12756
12756 8458 13032
8458 12756 13032
12501 5673 12145
5673 12145 12501
12145 5673 12501
11960 2703 12029
12029 2703 11960
2703 11960 12029
1217 897 5760
5760 897 1217
897 1217 5760
10910 12198 12504
12198 10910 12504
12504 10910 12198
12523 9525 10294
10294 9525 12523
9525 10294 12523
11123 1069 9992
1069 9992 11123
9992 1069 11123
2161 1138 6458
6458 1138 2161
1138 2161 6458
9711 11555 12527
12527 9711 11555
11555 9711 12527
14914 481 6978
481 6978 14914
6978 481 14914
2770 1552 6487
6487 1552 2770
1552 2770 6487
11754 5241 12064
5241 11754 12064
12064 5241 11754
8735 8119 12200
8119 8735 12200
12200 8119 8735
12314 10229 12794
10229 12314 12794
12794 10229 12314
12196 1962 13696
13696 1962 12196
1962 12196 13696
8004 2975 14196
2975 8004 14196
14196 2975 8004
6947 4741 8683
8683 4741 6947
4741 6947 8683
5443 2990 12493
2990 5443 12493
12493 2990 5443
14302 2327 9116
2327 9116 14302
9116 2327 14302
1601 1644 5970
1644 1601 5970
5970 1601 1644
11747 6009 14865
6009 11747 14865
14865 6009 11747
2132 5140 5771
5771 2132 5140
5140 2132 5771
13109 1152 10940
10940 1152 13109
1152 10940 13109
9346 6757 14997
14997 6757 9346
6757 9346 14997
1821 1789 14292
1789 1821 14292
14292 1789 1821
7757 10349 13636
13636 7757 10349
10349 7757 13636
2141 2195 7446
2195 2141 7446
7446 2141 2195
11131 2602 4058
2602 4058 11131
4058 2602 11131
13914 7302 10124
7302 10124 13914
10124 7302 13914
3482 4732 13534
4732 3482 13534
13534 3482 4732
9411 1005 4091
1005 4091 9411
4091 1005 9411
2715 3001 4288
4288 2715 3001
3001 2715 4288
8494 2448 9727
9727 2448 8494
2448 8494 9727
4915 9058 13310
9058 4915 13310
13310 4915 9058
14395 5335 13831
13831 5335 14395
5335 13831 14395
12568 1355 8671
1355 8671 12568
8671 1355 12568
2304 1166 13014
1166 2304 13014
13014 1166 2304
7883 10956 14993
14993 7883 10956
10956 7883 14993
10366 4876 5105
5105 4876 10366
4876 5105 10366
2768 11145 12700
11145 2768 12700
12700 2768 11145
3495 12406 12918
12406 3495 12918
12918 3495 12406
11755 65 1495
65 1495 11755
1495 65 11755
2273 2825 12813
2825 2273 12813
12813 2273 2825
3088 7491 14859
7491 3088 14859
14859 3088 7491
5449 3718 10376
10376 3718 5449
3718 5449 10376
844 6326 10239
6326 844 10239
10239 844 6326
9511 9235 13285
13285 9235 9511
9235 9511 13285
8669 7047 8779
8779 7047 8669
7047 8669 8779
3261 5045 6000
6000 3261 5045
5045 3261 6000
11036 4518 13545
4518 11036 13545
13545 4518 11036
8042 1445 3757
1445 3757 8042
3757 1445 8042
7519 1621 8534
1621 7519 8534
8534 1621 7519
2974 10353 12399
12399 2974 10353
10353 2974 12399
6837 10624 11105
10624 6837 11105
11105 6837 10624
927 448 8612
8612 448 927
448 927 8612
3422 5227 5574
5574 3422 5227
5227 3422 5574
3090 2089 7879
7879 2089 3090
2089 3090 7879
11648 2070 14376
14376 2070 11648
2070 11648 14376
14161 4468 9957
9957 4468 14161
4468 9957 14161
492 7793 11627
11627 492 7793
7793 492 11627
1420 637 6098
637 1420 6098
6098 637 1420
13821 6286 14559
14559 6286 13821
6286 13821 14559
11517 1700 11909
11909 1700 11517
1700 11517 11909
13023 3645 7452
3645 7452 13023
7452 3645 13023
6348 6847 12606
6847 6348 12606
12606 6348 6847
3939 7890 11663
7890 3939 11663
11663 3939 7890
4835 3501 12996
3501 4835 12996
12996 3501 4835
12212 2480 3832
2480 3832 12212
3832 2480 12212
10546 3215 7811
7811 3215 10546
3215 7811 10546
402 4551 5576
5576 402 4551
4551 402 5576
697 1897 13230
1897 697 13230
13230 697 1897
11058 14483 14925
14483 11058 14925
14925 11058 14483
12619 1356 4875
1356 4875 12619
4875 1356 12619
2915 3401 9120
3401 2915 9120
9120 2915 3401
1391 282 5517
282 1391 5517
5517 282 1391
9563 7627 13125
13125 7627 9563
7627 9563 13125
14920 9593 13570
13570 9593 14920
9593 13570 14920
8768 5243 14271
5243 8768 14271
14271 5243 8768
7310 12055 13044
12055 7310 13044
13044 7310 12055
13892 8972 13376
13376 8972 13892
8972 13376 13892
5590 3348 10567
10567 3348 5590
3348 5590 10567
12663 6681 11304
11304 6681 12663
6681 11304 12663
4541 10902 11616
10902 4541 11616
11616 4541 10902
13036 10325 14149
10325 13036 14149
14149 10325 13036
8489 8278 8695
8695 8278 8489
8278 8489 8695
6761 5899 14583
5899 6761 14583
14583 5899 6761
4191 2572 10373
2572 4191 10373
10373 2572 4191
835 8047 12184
12184 835 8047
8047 835 12184
1479 114 2976
2976 114 1479
114 1479 2976
33 9428 12127
9428 33 12127
12127 33 9428
5298 4911 6312
4911 5298 6312
6312 4911 5298
8117 2802 13465
2802 8117 13465
13465 2802 8117
7288 12931 13891
12931 7288 13891
13891 7288 12931
5445 4618 4837
4618 4837 5445
4837 4618 5445
10629 9017 14639
9017 10629 14639
14639 9017 10629
1589 3279 13378
13378 1589 3279
3279 1589 13378
12001 4080 14695
14695 4080 12001
4080 12001 14695
11971 6740 8146
6740 8146 11971
8146 6740 11971
9527 6809 7447
6809 7447 9527
7447 6809 9527
1504 3914 12358
3914 1504 12358
12358 1504 3914
6883 3895 7157
7157 3895 6883
3895 6883 7157
13191 4017 12069
4017 12069 13191
12069 4017 13191
8961 139 1904
1904 139 8961
139 1904 8961
7704 755 10132
755 7704 10132
10132 755 7704
1043 3056 6815
3056 1043 6815
6815 1043 3056
13930 10506 11992
10506 11992 13930
11992 10506 13930
13740 7311 12231
7311 12231 13740
12231 7311 13740
5130 7824 10499
10499 5130 7824
7824 5130 10499
8565 2823 8971
2823 8565 8971
8971 2823 8565
1966 9374 13572
9374 1966 13572
13572 1966 9374
12644 3682 14490
14490 3682 12644
3682 12644 14490
13081 2940 12750
12750 2940 13081
2940 12750 13081
9679 1677 3621
3621 1677 9679
1677 3621 9679
13797 4067 11122
4067 11122 13797
11122 4067 13797
4460 9307 12241
9307 4460 12241
12241 4460 9307
9685 3974 9218
9218 3974 9685
3974 9218 9685
2595 230 8524
8524 230 2595
230 2595 8524
11803 2866 5377
5377 2866 11803
2866 5377 11803
10020 4856 5074
4856 5074 10020
5074 4856 10020
8726 3125 10195
3125 8726 10195
10195 3125 8726
6620 3239 11183
3239 6620 11183
11183 3239 6620
943 5780 12249
5780 943 12249
12249 943 5780
5051 1759 4570
1759 4570 5051
4570 1759 5051
6791 4632 10150
10150 4632 6791
4632 6791 10150
13757 11209 14315
14315 11209 13757
11209 13757 14315
6513 6498 11294
11294 6498 6513
6498 6513 11294
5186 8017 14427
8017 5186 14427
14427 5186 8017
807 4832 11849
11849 807 4832
4832 807 11849
10987 2599 10816
2599 10816 10987
10816 2599 10987
3149 2644 6714
6714 2644 3149
2644 3149 6714
11167 11573 14876
14876 11167 11573
11573 11167 14876
7751 4958 5753
5753 4958 7751
4958 5753 7751
10475 3000 11296
3000 10475 11296
11296 3000 10475
3935 11944 14849
14849 3935 11944
11944 3935 14849
1120 5822 13239
13239 1120 5822
5822 1120 13239
54 9705 9841
9841 54 9705
9705 54 9841
2343 2205 7103
2205 2343 7103
7103 2205 2343
10416 3705 13235
13235 3705 10416
3705 10416 13235
7120 2086 4144
2086 4144 7120
4144 2086 7120
8294 7402 9937
9937 7402 8294
7402 8294 9937
14661 9522 12016
9522 12016 14661
12016 9522 14661
11257 4573 11552
4573 11257 11552
11552 4573 11257
6560 6580 11405
6580 6560 11405
11405 6560 6580
1474 7753 8070
7753 1474 8070
8070 1474 7753
13163 1796 5972
1796 5972 13163
5972 1796 13163
349 6657 8487
8487 349 6657
6657 349 8487
14401 14158 14793
14793 14158 14401
14158 14401 14793
6655 10592 14688
10592 6655 14688
14688 6655 10592
12352 12481 13184
12481 12352 13184
13184 12352 12481
8143 4042 10698
10698 4042 8143
4042 8143 10698
2314 9807 13211
13211 2314 9807
9807 2314 13211
7877 7203 13961
7203 7877 13961
13961 7203 7877
5543 5284 11985
11985 5284 5543
5284 5543 11985
9908 4579 8237
4579 8237 9908
8237 4579 9908
9829 1101 10869
10869 1101 9829
1101 9829 10869
13842 874 6546
874 6546 13842
6546 874 13842
9309 110 5587
110 5587 9309
5587 110 9309
2999 3480 13315
3480 2999 13315
13315 2999 3480
7569 5877 6859
5877 6859 7569
6859 5877 7569
9768 5132 6651
6651 5132 9768
5132 6651 9768
13247 6770 13498
13498 6770 13247
6770 13247 13498
7090 514 13599
514 7090 13599
13599 514 7090
2425 5187 8404
5187 2425 8404
8404 2425 5187
5998 1434 13067
1434 5998 13067
13067 1434 5998
8271 1026 6330
1026 6330 8271
6330 1026 8271
14606 549 5396
549 5396 14606
5396 549 14606
3769 8834 14955
14955 3769 8834
8834 3769 14955
12182 999 10322
10322 999 12182
999 10322 12182
12799 9275 10787
10787 9275 12799
9275 10787 12799
13794 4491 13903
4491 13794 13903
13903 4491 13794
6755 6786 11699
6786 6755 11699
11699 6755 6786
4533 5410 13550
5410 4533 13550
13550 4533 5410
11601 8428 12709
12709 8428 11601
8428 11601 12709
5813 982 8372
982 5813 8372
8372 982 5813
3697 4456 8299
8299 3697 4456
4456 3697 8299
4260 5552 5969
5969 4260 5552
5552 4260 5969
343 7200 8532
7200 343 8532
8532 343 7200
3527 241 434
241 434 3527
434 241 3527
8479 10797 11051
11051 8479 10797
10797 8479 11051
7490 4230 6634
4230 6634 7490
6634 4230 7490
353 4676 14128
14128 353 4676
4676 353 14128
11454 5059 10110
10110 5059 11454
5059 10110 11454
4270 13788 14435
14435 4270 13788
13788 4270 14435
3047 1318 10312
10312 1318 3047
1318 3047 10312
10297 12202 14979
12202 10297 14979
14979 10297 12202
8443 3321 6639
6639 3321 8443
3321 6639 8443
11734 8157 9052
9052 8157 11734
8157 9052 11734
6789 521 3192
521 3192 6789
3192 521 6789
2973 431 13773
13773 431 2973
431 2973 13773
13042 3543 10541
3543 10541 13042
10541 3543 13042
8002 3567 10999
3567 8002 10999
10999 3567 8002
2916 10576 14368
14368 2916 10576
10576 2916 14368
14234 9630 14725
14725 9630 14234
9630 14234 14725
272 1932 8859
8859 272 1932
1932 272 8859
8282 12073 13457
13457 8282 12073
12073 8282 13457
1321 867 8249
867 1321 8249
8249 867 1321
9687 1628 9273
1628 9273 9687
9273 1628 9687
7009 698 12563
698 7009 12563
12563 698 7009
2310 1131 9222
1131 2310 9222
9222 1131 2310
11964 1135 14637
14637 1135 11964
1135 11964 14637
7743 508 1645
508 1645 7743
1645 508 7743
14762 986 6817
6817 986 14762
986 6817 14762
2756 6796 8286
6796 2756 8286
8286 2756 6796
13368 6702 11499
11499 6702 13368
6702 11499 13368
4756 5142 7277
7277 4756 5142
5142 4756 7277
12544 5019 8352
8352 5019 12544
5019 8352 12544
12786 281 12517
12517 281 12786
281 12517 12786
6136 13129 13541
13129 6136 13541
13541 6136 13129
361 3657 14235
3657 361 14235
14235 361 3657
9752 2508 5511
2508 5511 9752
5511 2508 9752
9164 2979 8340
2979 8340 9164
8340 2979 9164
12482 2542 11913
2542 11913 12482
11913 2542 12482
12384 5314 6785
5314 6785 12384
6785 5314 12384
11860 2319 9382
9382 2319 11860
2319 9382 11860
12943 243 5061
5061 243 12943
243 5061 12943
5694 504 2231
2231 504 5694
504 2231 5694
1025 2837 3336
3336 1025 2837
2837 1025 3336
128 2373 10068
2373 128 10068
10068 128 2373
6114 9608 11826
11826 6114 9608
9608 6114 11826
12784 2889 14880
14880 2889 12784
2889 12784 14880
5332 10210 11621
11621 5332 10210
10210 5332 11621
14032 1894 9182
1894 9182 14032
9182 1894 14032
14703 2751 4362
2751 4362 14703
4362 2751 14703
12300 6068 10443
10443 6068 12300
6068 10443 12300
946 7502 12258
12258 946 7502
7502 946 12258
2782 1443 8730
8730 1443 2782
1443 2782 8730
6793 770 13329
13329 770 6793
770 6793 13329
14137 4532 8903
4532 8903 14137
8903 4532 14137
6645 11703 11724
11724 6645 11703
11703 6645 11724
7093 6227 8847
8847 6227 7093
6227 7093 8847
10614 10285 10716
10285 10614 10716
10716 10285 10614
2485 3213 13833
13833 2485 3213
3213 2485 13833
1238 6106 6668
6106 1238 6668
6668 1238 6106
2364 11345 11582
11582 2364 11345
11345 2364 11582
13936 11702 12223
11702 12223 13936
12223 11702 13936
2051 8284 10848
10848 2051 8284
8284 2051 10848
13087 1050 3794
3794 1050 13087
1050 3794 13087
1994 11184 11353
11353 1994 11184
11184 1994 11353
12426 1383 6174
1383 6174 12426
6174 1383 12426
11431 5684 10540
10540 5684 11431
5684 10540 11431
12296 6205 13393
13393 6205 12296
6205 12296 13393
12367 7053 7971
7971 7053 12367
7053 7971 12367
9997 7219 12146
7219 9997 12146
12146 7219 9997
6590 8886 11470
11470 6590 8886
8886 6590 11470
1568 9812 9854
9854 1568 9812
9812 1568 9854
10315 612 2347
612 2347 10315
2347 612 10315
2536 11000 12293
12293 2536 11000
11000 2536 12293
8603 4645 13642
4645 8603 13642
13642 4645 8603
4932 6238 11809
6238 4932 11809
11809 4932 6238
12205 3258 9488
9488 3258 12205
3258 9488 12205
8304 9547 14791
14791 8304 9547
9547 8304 14791
12603 459 6107
459 6107 12603
6107 459 12603
4286 9028 10186
10186 4286 9028
9028 4286 10186
9329 1690 1955
1955 1690 9329
1690 1955 9329
6901 2827 3025
2827 3025 6901
3025 2827 6901
11509 11211 14539
11211 11509 14539
14539 11211 11509
571 7646 14697
14697 571 7646
7646 571 14697
9756 3983 12879
3983 9756 12879
12879 3983 9756
8705 6492 10782
10782 6492 8705
6492 8705 10782
4062 3956 9954
3956 4062 9954
9954 3956 4062
1168 8568 11606
8568 1168 11606
11606 1168 8568
8397 7703 13581
13581 7703 8397
7703 8397 13581
4867 5807 9359
5807 4867 9359
9359 4867 5807
11743 7817 11282
7817 11282 11743
11282 7817 11743
13691 3924 9392
9392 3924 13691
3924 9392 13691
13631 416 10334
416 10334 13631
10334 416 13631
5021 9882 14897
9882 5021 14897
14897 5021 9882
5039 3380 11350
11350 3380 5039
3380 5039 11350
3558 4161 6629
4161 3558 6629
6629 3558 4161
3550 9788 12439
9788 3550 12439
12439 3550 9788
3191 4979 13908
13908 3191 4979
4979 3191 13908
12617 3734 5326
3734 5326 12617
5326 3734 12617
1010 829 2847
829 1010 2847
2847 829 1010
3574 7450 7567
7567 3574 7450
7450 3574 7567
3177 7930 12934
12934 3177 7930
7930 3177 12934
7680 8697 14118
14118 7680 8697
8697 7680 14118
1522 3108 4937
3108 1522 4937
4937 1522 3108
7029 10844 12060
12060 7029 10844
10844 7029 12060
11067 3841 14343
14343 3841 11067
3841 11067 14343
5421 7430 11506
7430 5421 11506
11506 5421 7430
14599 9341 13584
9341 13584 14599
13584 9341 14599
5721 11865 13223
11865 5721 13223
13223 5721 11865
13255 3226 10438
10438 3226 13255
3226 10438 13255
777 789 2898
789 777 2898
2898 777 789
8958 1073 10654
10654 1073 8958
1073 8958 10654
9615 321 11059
321 9615 11059
11059 321 9615
294 4445 5476
5476 294 4445
4445 294 5476
7554 606 14290
606 7554 14290
14290 606 7554
11514 268 7961
7961 268 11514
268 7961 11514
2951 4322 8436
4322 2951 8436
8436 2951 4322
6268 6112 12207
6112 6268 12207
12207 6112 6268
14224 7441 14143
14143 7441 14224
7441 14143 14224
11846 913 3789
913 3789 11846
3789 913 11846
4220 4342 8589
8589 4220 4342
4342 4220 8589
13818 1752 13121
1752 13121 13818
13121 1752 13818
8614 381 10135
381 8614 10135
10135 381 8614
9620 3062 12755
12755 3062 9620
3062 9620 12755
10531 3278 6469
6469 3278 10531
3278 6469 10531
9487 7169 12412
7169 9487 12412
12412 7169 9487
2077 5197 13259
13259 2077 5197
5197 2077 13259
437 12284 14147
12284 437 14147
14147 437 12284
2379 5383 8995
8995 2379 5383
5383 2379 8995
6777 8400 11205
8400 6777 11205
11205 6777 8400
9123 2387 12447
12447 2387 9123
2387 9123 12447
4186 8983 10170
8983 4186 10170
10170 4186 8983
8851 5578 9701
9701 5578 8851
5578 8851 9701
12188 1768 3937
3937 1768 12188
1768 3937 12188
1191 4454 13210
13210 1191 4454
4454 1191 13210
3479 3419 7572
3419 3479 7572
7572 3419 3479
8872 9513 13436
9513 8872 13436
13436 8872 9513
2650 721 6994
6994 721 2650
721 2650 6994
9457 567 14900
14900 567 9457
567 9457 14900
5924 3492 4444
4444 3492 5924
3492 4444 5924
6728 8168 11402
11402 6728 8168
8168 6728 11402
12076 1711 2263
2263 1711 12076
1711 2263 12076
9577 5333 12630
12630 5333 9577
5333 9577 12630
12651 887 5591
887 5591 12651
5591 887 12651
12916 1943 6231
1943 6231 12916
6231 1943 12916
149 10273 14325
10273 149 14325
14325 149 10273
501 5984 13587
13587 501 5984
5984 501 13587
586 11708 12906
11708 586 12906
12906 586 11708
10750 10269 11969
10269 10750 11969
11969 10269 10750
11274 13595 14917
13595 11274 14917
14917 11274 13595
2970 8011 13634
8011 2970 13634
13634 2970 8011
1118 7518 9071
9071 1118 7518
7518 1118 9071
11638 748 4021
4021 748 11638
748 4021 11638
13858 3694 12189
3694 12189 13858
12189 3694 13858
