76 570 1020
570 76 1020
1020 76 570
952 818 1292
818 952 1292
1292 818 952
571 488 1253
1253 488 571
488 571 1253
326 1086 1215
1215 326 1086
1086 326 1215
95 362 779
362 95 779
779 95 362
722 49 1107
49 722 1107
1107 49 722
1124 347 1388
347 1124 1388
1388 347 1124
1069 60 1463
60 1069 1463
1463 60 1069
715 421 1072
1072 421 715
421 715 1072
1049 945 1096
945 1049 1096
1096 945 1049
90 1044 1310
1044 90 1310
1310 90 1044
1186 174 1114
174 1114 1186
1114 174 1186
1306 832 1238
1238 832 1306
832 1238 1306
1289 236 732
236 732 1289
732 236 1289
1486 660 1143
1143 660 1486
660 1143 1486
978 746 1043
1043 746 978
746 978 1043
797 206 479
479 206 797
206 479 797
564 48 459
459 48 564
48 459 564
237 972 1436
972 237 1436
1436 237 972
652 256 1378
1378 256 652
256 652 1378
845 315 974
974 315 845
315 845 974
908 98 1140
1140 98 908
98 908 1140
790 274 944
274 790 944
944 274 790
155 62 860
62 155 860
860 62 155
1431 545 1218
545 1218 1431
1218 545 1431
852 526 1120
526 852 1120
1120 526 852
642 799 1099
799 642 1099
1099 642 799
168 1206 1351
1206 168 1351
1351 168 1206
260 490 727
490 260 727
727 260 490
1110 997 1131
1131 997 1110
997 1110 1131
1487 303 951
303 951 1487
951 303 1487
814 606 1500
1500 606 814
606 814 1500
1445 574 636
574 636 1445
636 574 1445
1286 162 896
896 162 1286
162 896 1286
449 404 1252
404 449 1252
1252 404 449
610 1111 1305
1305 610 1111
1111 610 1305
637 64 1336
64 637 1336
1336 64 637
850 340 461
340 461 850
461 340 850
712 1025 1456
1025 712 1456
1456 712 1025
1211 601 634
601 634 1211
634 601 1211
319 203 1202
1202 203 319
203 319 1202
1075 264 1443
264 1075 1443
1443 264 1075
892 1130 1459
1459 892 1130
1130 892 1459
1396 384 1001
1001 384 1396
384 1001 1396
645 52 1460
52 645 1460
1460 52 645
1157 782 907
782 907 1157
907 782 1157
58 395 583
395 58 583
583 58 395
870 822 1054
1054 822 870
822 870 1054
554 65 1147
65 554 1147
1147 65 554
1204 71 804
804 71 1204
71 804 1204
529 122 1102
1102 122 529
122 529 1102
1394 193 1006
1006 193 1394
193 1006 1394
713 458 1183
458 713 1183
1183 458 713
295 1426 1437
1437 295 1426
1426 295 1437
204 426 854
854 204 426
426 204 854
1177 189 1268
189 1177 1268
1268 189 1177
248 9 588
588 9 248
9 248 588
287 801 1373
801 287 1373
1373 287 801
269 191 215
191 215 269
215 191 269
126 1000 1092
1092 126 1000
1000 126 1092
963 181 717
181 717 963
717 181 963
1357 142 1142
1142 142 1357
142 1142 1357
1137 140 341
341 140 1137
140 341 1137
148 456 812
812 148 456
456 148 812
1098 594 1119
1119 594 1098
594 1098 1119
1261 483 1225
1225 483 1261
483 1225 1261
786 943 1153
943 786 1153
1153 786 943
989 877 1132
877 989 1132
1132 877 989
869 580 1371
1371 580 869
580 869 1371
498 563 773
773 498 563
563 498 773
682 875 1203
1203 682 875
875 682 1203
497 118 1355
1355 118 497
118 497 1355
1217 699 1318
1318 699 1217
699 1217 1318
207 1322 1417
1417 207 1322
1322 207 1417
684 435 789
789 435 684
435 684 789
57 414 1484
1484 57 414
414 57 1484
530 935 1115
1115 530 935
935 530 1115
278 3 68
68 3 278
3 68 278
298 1094 1349
1094 298 1349
1349 298 1094
99 747 910
910 99 747
747 99 910
125 312 1492
1492 125 312
312 125 1492
630 84 905
905 84 630
84 630 905
809 423 1287
1287 423 809
423 809 1287
194 352 1141
352 194 1141
1141 194 352
794 762 1042
762 794 1042
1042 762 794
840 560 1057
560 840 1057
1057 560 840
391 356 1359
1359 356 391
356 391 1359
894 424 914
424 894 914
914 424 894
1267 211 1470
211 1267 1470
1470 211 1267
1185 1481 1496
1481 1185 1496
1496 1185 1481
851 263 290
290 263 851
263 290 851
353 15 1226
1226 15 353
15 353 1226
408 399 696
399 408 696
696 399 408
984 1065 1406
1406 984 1065
1065 984 1406
1430 581 626
581 626 1430
626 581 1430
736 401 477
401 477 736
477 401 736
454 51 1468
1468 51 454
51 454 1468
925 693 1345
693 925 1345
1345 693 925
723 239 970
970 239 723
239 723 970
680 230 763
230 680 763
763 230 680
890 100 242
242 100 890
100 242 890
56 987 990
990 56 987
987 56 990
309 307 1376
1376 307 309
307 309 1376
531 950 1419
950 531 1419
1419 531 950
1085 117 1033
1033 117 1085
117 1033 1085
318 39 909
909 39 318
39 318 909
97 694 1038
1038 97 694
694 97 1038
1291 339 451
339 451 1291
451 339 1291
1150 190 197
197 190 1150
190 197 1150
1275 150 977
150 977 1275
977 150 1275
1374 163 584
163 584 1374
584 163 1374
616 234 1059
1059 234 616
234 616 1059
615 137 688
688 137 615
137 615 688
510 293 386
293 386 510
386 293 510
1018 1017 1104
1017 1018 1104
1104 1017 1018
1126 555 1199
1199 555 1126
555 1126 1199
187 1034 1242
1242 187 1034
1034 187 1242
648 208 1295
208 648 1295
1295 208 648
26 20 1404
1404 20 26
20 26 1404
774 331 1311
1311 331 774
331 774 1311
1383 413 1056
1056 413 1383
413 1056 1383
1133 540 760
760 540 1133
540 760 1133
55 262 1466
262 55 1466
1466 55 262
888 335 536
536 335 888
335 536 888
1332 595 1123
595 1123 1332
1123 595 1332
101 392 1197
392 101 1197
1197 101 392
1039 1161 1316
1316 1039 1161
1161 1039 1316
1296 223 1302
223 1296 1302
1302 223 1296
856 1241 1361
1361 856 1241
1241 856 1361
947 107 549
549 107 947
107 549 947
338 371 858
858 338 371
371 338 858
147 770 958
958 147 770
770 147 958
1370 596 1254
596 1254 1370
1254 596 1370
1127 412 903
412 903 1127
903 412 1127
166 857 1160
1160 166 857
857 166 1160
635 1195 1422
1422 635 1195
1195 635 1422
807 29 1350
29 807 1350
1350 29 807
388 940 1416
940 388 1416
1416 388 940
750 31 646
646 31 750
31 646 750
446 202 1108
202 446 1108
1108 202 446
227 134 934
134 227 934
934 134 227
468 720 1405
1405 468 720
720 468 1405
43 37 507
37 43 507
507 37 43
105 35 768
768 35 105
35 105 768
1284 112 409
112 409 1284
409 112 1284
901 500 1026
500 901 1026
1026 500 901
1341 254 959
254 959 1341
959 254 1341
103 734 1334
1334 103 734
734 103 1334
304 953 1348
1348 304 953
953 304 1348
1263 301 1113
1113 301 1263
301 1113 1263
1237 396 1040
396 1040 1237
1040 396 1237
116 983 1243
983 116 1243
1243 116 983
629 1076 1129
1129 629 1076
1076 629 1129
480 132 1335
1335 132 480
132 480 1335
853 641 1030
641 853 1030
1030 641 853
700 1209 1288
1288 700 1209
1209 700 1288
1458 484 562
484 562 1458
562 484 1458
1298 848 1091
848 1091 1298
1091 848 1298
519 470 1228
470 519 1228
1228 470 519
719 904 949
904 719 949
949 719 904
265 75 1356
75 265 1356
1356 75 265
721 528 823
823 528 721
528 721 823
11 418 1188
1188 11 418
418 11 1188
1231 735 1325
735 1231 1325
1325 735 1231
558 158 655
158 558 655
655 158 558
623 18 865
18 623 865
865 18 623
448 217 1428
217 448 1428
1428 217 448
827 83 620
620 83 827
83 620 827
769 72 622
72 622 769
622 72 769
1051 698 1149
1149 698 1051
698 1051 1149
1100 1078 1403
1078 1100 1403
1403 1078 1100
1163 420 879
420 879 1163
879 420 1163
973 686 1205
686 973 1205
1205 686 973
1213 124 1093
1093 124 1213
124 1093 1213
1103 82 643
643 82 1103
82 643 1103
1081 437 1112
1112 437 1081
437 1081 1112
348 1 1315
1 348 1315
1315 1 348
1182 937 1277
1277 937 1182
937 1182 1277
567 525 609
525 567 609
609 525 567
767 322 1441
322 767 1441
1441 322 767
450 149 1151
1151 149 450
149 450 1151
4 157 336
336 4 157
157 4 336
294 928 1046
1046 294 928
928 294 1046
861 681 1172
1172 681 861
681 861 1172
1485 251 697
251 697 1485
697 251 1485
433 738 1058
738 433 1058
1058 433 738
1453 1330 1473
1330 1453 1473
1473 1330 1453
1285 96 472
472 96 1285
96 472 1285
417 740 979
740 417 979
979 417 740
1494 314 327
314 327 1494
327 314 1494
1320 1089 1246
1089 1246 1320
1246 1089 1320
1398 135 1008
135 1008 1398
1008 135 1398
415 85 360
85 360 415
360 85 415
946 133 829
829 133 946
133 829 946
1294 261 1158
261 1158 1294
1158 261 1294
463 1331 1489
1489 463 1331
1331 463 1489
444 902 1088
1088 444 902
902 444 1088
1281 141 330
330 141 1281
141 330 1281
1050 378 1480
378 1050 1480
1480 378 1050
462 10 156
156 10 462
10 156 462
1402 139 460
139 460 1402
460 139 1402
710 873 1308
1308 710 873
873 710 1308
523 785 841
785 523 841
841 523 785
373 597 1312
1312 373 597
597 373 1312
1352 967 1454
967 1352 1454
1454 967 1352
923 544 593
544 593 923
593 544 923
679 625 1031
1031 625 679
625 679 1031
243 70 1068
70 243 1068
1068 70 243
374 924 1249
1249 374 924
924 374 1249
377 277 475
475 277 377
277 377 475
1181 5 1499
1499 5 1181
5 1181 1499
80 766 1293
1293 80 766
766 80 1293
422 253 1342
1342 253 422
253 422 1342
1180 365 1239
365 1180 1239
1239 365 1180
494 268 1476
268 494 1476
1476 268 494
579 834 981
981 579 834
834 579 981
817 46 164
164 46 817
46 164 817
969 27 91
27 91 969
91 27 969
161 16 897
897 16 161
16 161 897
482 988 1381
1381 482 988
988 482 1381
1116 849 1451
1451 849 1116
849 1116 1451
707 244 566
566 244 707
244 566 707
758 152 302
302 152 758
152 302 758
1109 120 225
225 120 1109
120 225 1109
880 640 1273
640 880 1273
1273 640 880
1164 183 792
183 792 1164
792 183 1164
919 706 725
725 706 919
706 725 919
47 406 541
406 47 541
541 47 406
179 427 1210
427 179 1210
1210 179 427
119 863 1023
863 119 1023
1023 119 863
1190 604 1323
604 1190 1323
1323 604 1190
1167 13 224
13 224 1167
224 13 1167
828 266 654
266 654 828
654 266 828
898 240 718
718 240 898
240 718 898
891 882 1379
1379 882 891
882 891 1379
1169 54 667
667 54 1169
54 667 1169
1386 1012 1055
1012 1055 1386
1055 1012 1386
886 745 1235
745 886 1235
1235 745 886
878 608 796
796 608 878
608 796 878
506 88 469
88 469 506
469 88 506
602 672 802
672 602 802
802 602 672
986 145 1064
1064 145 986
145 986 1064
846 600 1234
600 846 1234
1234 600 846
36 513 1201
513 36 1201
1201 36 513
855 689 843
843 689 855
689 843 855
522 1015 1022
1022 522 1015
1015 522 1022
1073 129 1016
129 1016 1073
1016 129 1073
926 993 1259
993 926 1259
1259 926 993
534 430 936
430 534 936
936 430 534
233 205 213
205 213 233
213 205 233
985 186 1380
186 985 1380
1380 186 985
87 631 1410
631 87 1410
1410 87 631
1080 115 638
638 115 1080
115 638 1080
757 1400 1414
1414 757 1400
1400 757 1414
618 954 1174
954 618 1174
1174 618 954
1401 372 915
915 372 1401
372 915 1401
1490 40 381
381 40 1490
40 381 1490
1290 474 752
474 752 1290
752 474 1290
104 218 520
520 104 218
218 104 520
337 1314 1411
1314 337 1411
1411 337 1314
994 313 1194
313 994 1194
1194 313 994
1337 169 308
169 308 1337
308 169 1337
501 730 1391
1391 501 730
730 501 1391
355 89 765
89 355 765
765 89 355
1032 1184 1474
1184 1032 1474
1474 1032 1184
160 568 808
808 160 568
568 160 808
165 411 1010
411 165 1010
1010 165 411
8 286 1138
1138 8 286
286 8 1138
1450 231 1425
1425 231 1450
231 1425 1450
170 316 780
316 170 780
780 170 316
1027 229 481
481 229 1027
229 481 1027
487 833 1423
1423 487 833
833 487 1423
178 999 1171
999 178 1171
1171 178 999
708 847 1475
847 708 1475
1475 708 847
452 131 1498
131 452 1498
1498 131 452
1248 271 844
271 844 1248
844 271 1248
299 86 836
836 86 299
86 299 836
653 826 1278
1278 653 826
826 653 1278
955 467 1230
1230 467 955
467 955 1230
1375 668 1415
1415 668 1375
668 1375 1415
111 171 996
996 111 171
171 111 996
442 198 598
198 442 598
598 198 442
1003 349 1258
1258 349 1003
349 1003 1258
674 297 511
511 297 674
297 511 674
311 259 1165
1165 259 311
259 311 1165
868 247 1135
247 868 1135
1135 247 868
1409 917 1343
917 1343 1409
1343 917 1409
661 279 1256
279 661 1256
1256 279 661
1019 146 1444
146 1019 1444
1444 146 1019
1152 703 1467
1467 703 1152
703 1152 1467
1326 252 842
842 252 1326
252 842 1326
1360 175 1067
175 1067 1360
1067 175 1360
127 455 1446
1446 127 455
455 127 1446
739 741 1083
741 739 1083
1083 739 741
1433 151 1198
1198 151 1433
151 1198 1433
486 350 1420
350 486 1420
1420 350 486
273 748 1079
748 273 1079
1079 273 748
663 1270 1384
1270 663 1384
1384 663 1270
1082 1166 1260
1260 1082 1166
1166 1082 1260
502 603 1004
1004 502 603
603 502 1004
1469 621 676
621 676 1469
676 621 1469
410 521 871
521 410 871
871 410 521
173 476 1283
1283 173 476
476 173 1283
443 749 982
749 443 982
982 443 749
524 1216 1304
1304 524 1216
1216 524 1304
24 250 539
539 24 250
250 24 539
465 383 557
557 383 465
383 465 557
428 22 212
22 212 428
212 22 428
1002 172 1367
1367 172 1002
172 1002 1367
1317 291 1449
291 1317 1449
1449 291 1317
1274 329 675
675 329 1274
329 675 1274
1309 1036 1192
1036 1192 1309
1192 1036 1309
624 153 756
153 624 756
756 153 624
23 1077 1452
1452 23 1077
1077 23 1452
19 764 889
889 19 764
764 19 889
79 354 887
354 79 887
887 79 354
775 816 1187
1187 775 816
816 775 1187
692 1035 1219
1219 692 1035
1035 692 1219
657 272 1144
1144 272 657
272 657 1144
30 772 991
772 30 991
991 30 772
614 108 1340
1340 108 614
108 614 1340
66 128 235
235 66 128
128 66 235
859 343 1471
343 859 1471
1471 343 859
121 535 1224
1224 121 535
535 121 1224
1313 590 1090
1090 590 1313
590 1090 1313
709 966 1389
966 709 1389
1389 709 966
753 393 1128
1128 393 753
393 753 1128
556 332 726
726 332 556
332 556 726
478 495 537
537 478 495
495 478 537
228 123 1440
123 228 1440
1440 123 228
788 781 1362
781 788 1362
1362 781 788
1447 633 1118
1118 633 1447
633 1118 1447
599 729 1236
729 599 1236
1236 599 729
419 346 542
346 419 542
542 346 419
1455 2 941
2 941 1455
941 2 1455
201 466 1448
1448 201 466
466 201 1448
1207 778 1329
1329 778 1207
778 1207 1329
776 258 1491
258 776 1491
1491 258 776
691 50 81
50 81 691
81 50 691
41 695 1045
1045 41 695
695 41 1045
683 1424 1462
1462 683 1424
1424 683 1462
1007 320 508
320 508 1007
508 320 1007
811 920 1465
920 811 1465
1465 811 920
73 810 998
998 73 810
810 73 998
1393 238 1250
238 1250 1393
1250 238 1393
385 872 1221
1221 385 872
872 385 1221
1121 962 1344
962 1121 1344
1344 962 1121
830 1193 1366
1193 830 1366
1366 830 1193
53 61 939
939 53 61
61 53 939
1105 25 787
25 787 1105
787 25 1105
895 154 436
154 436 895
436 154 895
34 222 1037
1037 34 222
222 34 1037
1247 425 964
964 425 1247
425 964 1247
576 1257 1442
1442 576 1257
1257 576 1442
685 1328 1483
1328 685 1483
1483 685 1328
1052 167 1279
167 1052 1279
1279 167 1052
440 102 438
102 438 440
438 102 440
1227 669 777
669 777 1227
777 669 1227
800 226 453
453 226 800
226 453 800
1095 367 400
367 400 1095
400 367 1095
492 177 241
177 241 492
241 177 492
922 464 1125
464 922 1125
1125 464 922
144 77 771
77 144 771
771 77 144
59 885 968
885 59 968
968 59 885
1368 416 1269
1269 416 1368
416 1269 1368
995 283 1024
1024 283 995
283 995 1024
429 276 514
514 276 429
276 429 514
1307 1062 1479
1062 1307 1479
1479 1062 1307
795 368 906
368 795 906
906 368 795
803 473 913
473 803 913
913 473 803
1251 912 1074
912 1074 1251
1074 912 1251
185 306 389
389 185 306
306 185 389
671 1101 1122
1122 671 1101
1101 671 1122
296 742 1299
742 296 1299
1299 296 742
1477 257 1175
1175 257 1477
257 1175 1477
971 445 1145
1145 445 971
445 971 1145
957 249 1472
1472 249 957
249 957 1472
737 916 1266
1266 737 916
916 737 1266
496 932 1435
932 496 1435
1435 496 932
1222 28 791
28 791 1222
791 28 1222
617 113 1084
113 617 1084
1084 113 617
798 899 1392
899 798 1392
1392 798 899
1047 310 575
310 575 1047
575 310 1047
366 42 63
63 42 366
42 63 366
805 45 929
929 45 805
45 805 929
220 517 1212
517 220 1212
1212 220 517
933 867 1232
867 933 1232
1232 867 933
471 305 591
305 471 591
591 305 471
275 184 824
184 275 824
824 184 275
1364 659 1053
659 1053 1364
1053 659 1364
1418 357 1255
1255 357 1418
357 1255 1418
1272 32 864
864 32 1272
32 864 1272
1162 930 1385
930 1162 1385
1385 930 1162
607 921 1061
921 607 1061
1061 607 921
1009 110 960
960 110 1009
110 960 1009
784 1264 1300
1264 784 1300
1300 784 1264
1179 1063 1208
1063 1179 1208
1208 1063 1179
613 344 1148
344 613 1148
1148 344 613
14 245 405
405 14 245
245 14 405
363 6 1387
1387 6 363
6 363 1387
1245 407 1005
1005 407 1245
407 1005 1245
370 219 561
219 370 561
561 219 370
658 457 1041
457 658 1041
1041 457 658
605 214 649
649 214 605
214 605 649
1382 434 1461
434 1382 1461
1461 434 1382
1070 839 1333
839 1070 1333
1333 839 1070
553 515 1478
515 553 1478
1478 515 553
585 199 1262
1262 199 585
199 585 1262
714 78 559
78 559 714
559 78 714
321 358 1338
1338 321 358
358 321 1338
733 369 724
369 724 733
724 369 733
876 432 1220
1220 432 876
432 876 1220
938 569 639
569 639 938
639 569 938
711 288 884
288 711 884
884 288 711
759 282 1214
282 759 1214
1214 282 759
289 200 1407
1407 200 289
200 289 1407
284 837 1297
837 284 1297
1297 284 837
592 342 992
342 592 992
992 342 592
44 838 1421
838 44 1421
1421 44 838
1439 1363 1372
1363 1372 1439
1372 1363 1439
325 489 665
665 325 489
489 325 665
664 1154 1346
1346 664 1154
1154 664 1346
1021 106 192
192 106 1021
106 192 1021
1497 1011 1176
1011 1176 1497
1176 1011 1497
382 491 1429
1429 382 491
491 382 1429
1339 1233 1240
1233 1240 1339
1240 1233 1339
379 582 1014
1014 379 582
582 379 1014
883 394 1244
1244 394 883
394 883 1244
375 1280 1397
1397 375 1280
1280 375 1397
965 948 1276
1276 948 965
948 965 1276
267 1353 1493
1353 267 1493
1493 267 1353
587 512 547
547 512 587
512 547 587
942 439 647
647 439 942
439 647 942
1282 538 578
578 538 1282
538 578 1282
619 527 586
586 527 619
527 586 619
1013 551 881
881 551 1013
551 881 1013
504 69 1427
1427 69 504
69 504 1427
644 677 1358
677 644 1358
1358 644 677
755 285 1191
1191 285 755
285 755 1191
673 815 1324
1324 673 815
815 673 1324
1464 565 701
565 701 1464
701 565 1464
324 109 1087
109 324 1087
1087 109 324
927 12 1178
12 927 1178
1178 12 927
572 216 1060
216 572 1060
1060 216 572
232 806 1495
1495 232 806
806 232 1495
761 93 351
93 351 761
351 93 761
1301 380 744
380 744 1301
744 380 1301
975 1106 1303
1106 975 1303
1303 975 1106
94 813 918
813 94 918
918 94 813
281 7 548
7 281 548
548 7 281
431 92 518
518 92 431
92 431 518
509 611 893
893 509 611
611 509 893
976 345 1271
345 976 1271
1271 345 976
1413 270 1066
270 1066 1413
1066 270 1413
397 1170 1399
1170 397 1399
1399 397 1170
1319 323 1390
1390 323 1319
323 1319 1390
1229 956 1395
1395 956 1229
956 1229 1395
176 33 334
334 33 176
33 176 334
1365 221 687
687 221 1365
221 687 1365
246 300 552
300 246 552
552 246 300
820 662 666
666 662 820
662 666 820
1408 612 670
670 612 1408
612 670 1408
1139 317 589
589 317 1139
317 589 1139
1327 911 1200
1200 911 1327
911 1200 1327
138 702 1136
702 138 1136
1136 138 702
821 573 731
573 731 821
731 573 821
1488 280 1028
1028 280 1488
280 1028 1488
532 825 1347
825 532 1347
1347 532 825
546 182 1097
182 546 1097
1097 182 546
1159 651 1377
651 1159 1377
1377 651 1159
328 255 577
255 328 577
577 255 328
705 390 819
819 390 705
390 705 819
359 38 533
38 359 533
533 38 359
1354 17 403
403 17 1354
17 403 1354
835 783 1457
783 835 1457
1457 783 835
656 114 862
862 114 656
114 656 862
130 704 1134
1134 130 704
704 130 1134
678 485 1071
485 678 1071
1071 485 678
543 74 398
398 74 543
74 398 543
1434 650 1168
1168 650 1434
650 1168 1434
292 1196 1482
1482 292 1196
1196 292 1482
716 180 793
793 180 716
180 716 793
550 1189 1321
1321 550 1189
1189 550 1321
499 21 376
21 376 499
376 21 499
728 188 210
210 188 728
188 210 728
961 136 866
866 136 961
136 866 961
447 628 1432
1432 447 628
628 447 1432
1117 627 1029
1029 627 1117
627 1029 1117
1223 67 196
196 67 1223
67 196 1223
1155 143 195
143 195 1155
195 143 1155
1156 387 931
387 931 1156
931 387 1156
1265 505 1173
505 1173 1265
1173 505 1265
493 364 1146
364 493 1146
1146 364 493
831 402 1048
402 831 1048
1048 402 831
159 209 754
754 159 209
209 159 754
874 441 980
441 874 980
980 441 874
1412 690 743
690 743 1412
743 690 1412
1438 361 632
632 361 1438
361 632 1438
900 751 1369
1369 751 900
751 900 1369
333 503 516
516 333 503
503 333 516
