158 31 1088
1088 31 158
31 158 1088
295 974 1146
1146 295 974
974 295 1146
225 860 1459
1459 225 860
860 225 1459
412 484 841
484 412 841
841 412 484
1100 1010 1404
1404 1010 1100
1010 1100 1404
1472 676 1396
676 1396 1472
1396 676 1472
788 119 1215
119 788 1215
1215 119 788
1055 61 517
517 61 1055
61 517 1055
218 438 1035
438 218 1035
1035 218 438
790 862 1379
862 790 1379
1379 790 862
537 595 773
595 537 773
773 537 595
818 585 829
585 818 829
829 585 818
22 545 1098
545 22 1098
1098 22 545
504 637 1221
1221 504 637
637 504 1221
875 683 1076
1076 683 875
683 875 1076
24 1020 1179
1020 24 1179
1179 24 1020
1014 800 1265
800 1014 1265
1265 800 1014
695 480 622
480 622 695
622 480 695
1106 247 1416
247 1106 1416
1416 247 1106
845 374 1223
374 845 1223
1223 374 845
598 1321 1358
1321 598 1358
1358 598 1321
653 91 659
91 653 659
659 91 653
466 285 725
725 285 466
285 466 725
1314 428 678
428 678 1314
678 428 1314
1165 201 771
771 201 1165
201 771 1165
1393 267 550
267 550 1393
550 267 1393
209 1225 1313
1225 209 1313
1313 209 1225
485 690 1242
690 485 1242
1242 485 690
794 241 1171
1171 241 794
241 794 1171
882 256 648
648 256 882
256 648 882
661 724 1158
1158 661 724
724 661 1158
1150 239 607
607 239 1150
239 607 1150
1148 616 824
616 824 1148
824 616 1148
977 220 1184
1184 220 977
220 977 1184
448 106 124
106 124 448
124 106 448
1143 668 1049
1049 668 1143
668 1049 1143
1172 529 1500
529 1172 1500
1500 529 1172
813 250 421
250 421 813
421 250 813
1259 408 778
778 408 1259
408 778 1259
839 704 1199
1199 704 839
704 839 1199
583 1305 1417
1305 583 1417
1417 583 1305
265 465 1210
1210 265 465
465 265 1210
510 1239 1315
1239 510 1315
1315 510 1239
344 175 1317
1317 175 344
175 344 1317
150 169 1202
1202 150 169
169 150 1202
748 70 1498
70 748 1498
1498 70 748
636 693 1386
1386 636 693
693 636 1386
340 166 634
166 340 634
634 166 340
1063 741 784
784 741 1063
741 784 1063
137 346 715
715 137 346
346 137 715
511 313 1134
1134 313 511
313 511 1134
1473 698 721
721 698 1473
698 721 1473
871 652 920
920 652 871
652 871 920
1029 702 1312
702 1029 1312
1312 702 1029
1294 734 916
916 734 1294
734 916 1294
110 73 603
73 110 603
603 73 110
772 193 1432
1432 193 772
193 772 1432
902 352 396
352 396 902
396 352 902
1494 156 307
156 307 1494
307 156 1494
1166 755 1270
755 1166 1270
1270 755 1166
1436 738 1446
738 1436 1446
1446 738 1436
857 580 1015
1015 580 857
580 857 1015
832 223 888
888 223 832
223 832 888
1116 249 1028
249 1028 1116
1028 249 1116
620 563 1173
563 620 1173
1173 563 620
243 379 548
379 243 548
548 243 379
415 780 805
780 415 805
805 415 780
713 900 1248
900 713 1248
1248 713 900
1318 707 1064
707 1064 1318
1064 707 1318
1395 273 673
273 673 1395
673 273 1395
981 547 551
547 551 981
551 547 981
762 333 671
671 333 762
333 671 762
787 851 1191
851 787 1191
1191 787 851
931 718 1104
1104 718 931
718 931 1104
29 67 1137
67 29 1137
1137 29 67
1227 303 1442
303 1227 1442
1442 303 1227
531 526 559
559 526 531
526 531 559
970 688 799
688 799 970
799 688 970
823 646 803
646 803 823
803 646 823
15 576 1169
576 15 1169
1169 15 576
1112 457 1232
1232 457 1112
457 1112 1232
1224 44 1264
44 1224 1264
1264 44 1224
919 72 272
72 272 919
272 72 919
720 588 1138
1138 588 720
588 720 1138
302 133 450
450 133 302
133 302 450
1204 611 924
611 924 1204
924 611 1204
231 1330 1390
1390 231 1330
1330 231 1390
1487 605 1190
605 1190 1487
1190 605 1487
625 468 709
709 468 625
468 625 709
1431 334 425
425 334 1431
334 425 1431
1443 197 1300
197 1300 1443
1300 197 1443
92 434 775
434 92 775
775 92 434
309 68 922
922 68 309
68 309 922
655 573 1381
573 655 1381
1381 573 655
1250 746 947
746 947 1250
947 746 1250
401 213 1360
213 401 1360
1360 213 401
907 959 1129
1129 907 959
959 907 1129
293 1000 1369
1369 293 1000
1000 293 1369
284 1120 1428
1428 284 1120
1120 284 1428
269 769 1297
1297 269 769
769 269 1297
859 413 1012
1012 413 859
413 859 1012
388 54 391
391 54 388
54 388 391
1193 286 306
306 286 1193
286 306 1193
1427 176 530
176 530 1427
530 176 1427
1257 460 766
460 766 1257
766 460 1257
1455 777 1462
777 1455 1462
1462 777 1455
1046 1350 1365
1350 1046 1365
1365 1046 1350
206 76 1266
76 206 1266
1266 76 206
1117 145 1368
145 1117 1368
1368 145 1117
292 116 1400
116 292 1400
1400 116 292
1448 455 835
455 835 1448
835 455 1448
255 84 1247
1247 84 255
84 255 1247
254 89 1485
89 254 1485
1485 89 254
147 593 1268
593 147 1268
1268 147 593
33 25 507
507 25 33
25 33 507
1090 443 613
613 443 1090
443 613 1090
152 570 610
570 152 610
610 152 570
200 94 1219
94 200 1219
1219 94 200
101 850 1325
1325 101 850
850 101 1325
1097 706 1474
1474 706 1097
706 1097 1474
367 64 631
631 64 367
64 367 631
393 299 1244
1244 299 393
299 393 1244
194 87 93
93 87 194
87 93 194
288 230 275
275 230 288
230 275 288
639 18 689
18 639 689
689 18 639
1411 167 953
953 167 1411
167 953 1411
1409 402 1095
402 1095 1409
1095 402 1409
3 446 1160
446 3 1160
1160 3 446
691 271 783
271 691 783
783 271 691
77 742 1167
742 77 1167
1167 77 742
1320 234 645
234 645 1320
645 234 1320
1418 681 906
681 906 1418
906 681 1418
1245 111 183
111 183 1245
183 111 1245
990 569 1136
1136 569 990
569 990 1136
192 98 385
385 98 192
98 192 385
458 252 1274
252 458 1274
1274 252 458
216 697 1475
697 216 1475
1475 216 697
57 677 1429
677 57 1429
1429 57 677
1457 955 956
955 956 1457
956 955 1457
1185 552 1130
1130 552 1185
552 1130 1185
386 419 1027
419 386 1027
1027 386 419
179 47 513
47 179 513
513 47 179
965 609 992
609 965 992
992 609 965
113 1156 1339
1339 113 1156
1156 113 1339
667 437 1308
437 667 1308
1308 437 667
1222 796 826
826 796 1222
796 826 1222
494 381 522
522 381 494
381 494 522
470 1077 1309
1077 470 1309
1309 470 1077
1233 679 1031
1031 679 1233
679 1031 1233
85 349 567
567 85 349
349 85 567
786 359 579
579 359 786
359 579 786
502 217 1118
1118 217 502
217 502 1118
518 489 958
958 489 518
489 518 958
586 48 923
923 48 586
48 586 923
535 99 767
99 535 767
767 99 535
253 394 1196
394 253 1196
1196 253 394
1283 384 1236
1236 384 1283
384 1236 1283
966 363 1412
1412 363 966
363 966 1412
886 82 628
628 82 886
82 628 886
980 165 785
785 165 980
165 785 980
66 129 587
129 66 587
587 66 129
45 463 999
463 45 999
999 45 463
453 909 1001
909 453 1001
1001 453 909
120 739 1383
739 120 1383
1383 120 739
594 1212 1234
1212 594 1234
1234 594 1212
893 1192 1240
1192 893 1240
1240 893 1192
1467 635 1343
635 1343 1467
1343 635 1467
812 283 930
283 812 930
930 283 812
657 338 1355
1355 338 657
338 657 1355
887 1006 1271
1271 887 1006
1006 887 1271
11 649 666
666 11 649
649 11 666
1238 696 1366
1366 696 1238
696 1238 1366
42 319 1493
1493 42 319
319 42 1493
1403 1 1004
1004 1 1403
1 1004 1403
1085 774 1362
774 1085 1362
1362 774 1085
1226 163 212
163 212 1226
212 163 1226
747 23 227
227 23 747
23 227 747
426 62 911
62 426 911
911 62 426
601 219 544
219 544 601
544 219 601
809 804 927
927 804 809
804 809 927
486 1398 1424
1424 486 1398
1398 486 1424
190 1032 1052
1032 190 1052
1052 190 1032
398 112 1060
1060 112 398
112 398 1060
814 983 1203
1203 814 983
983 814 1203
843 868 1078
868 843 1078
1078 843 868
118 75 1488
75 118 1488
1488 75 118
474 140 478
478 140 474
140 474 478
1262 817 1252
817 1252 1262
1252 817 1262
130 1053 1380
1053 130 1380
1380 130 1053
1406 354 389
354 389 1406
389 354 1406
488 819 1161
819 488 1161
1161 488 819
1345 159 515
515 159 1345
159 515 1345
1195 378 913
378 913 1195
913 378 1195
245 521 723
723 245 521
521 245 723
542 525 1284
525 542 1284
1284 525 542
890 556 754
754 556 890
556 754 890
1241 95 831
831 95 1241
95 831 1241
1357 186 1127
1127 186 1357
186 1127 1357
1361 933 1149
933 1149 1361
1149 933 1361
1445 680 1329
1329 680 1445
680 1329 1445
1304 597 1258
597 1258 1304
1258 597 1304
1492 361 669
361 669 1492
669 361 1492
447 793 1042
1042 447 793
793 447 1042
86 30 49
49 30 86
30 49 86
328 182 855
182 328 855
855 182 328
765 261 274
274 261 765
261 274 765
750 232 532
232 532 750
532 232 750
606 566 662
566 606 662
662 566 606
476 1101 1490
1101 476 1490
1490 476 1101
571 473 1034
1034 473 571
473 571 1034
1039 80 282
80 282 1039
282 80 1039
341 146 1483
146 341 1483
1483 146 341
496 629 1348
1348 496 629
629 496 1348
781 731 1002
731 781 1002
1002 731 781
503 682 1178
682 503 1178
1178 503 682
235 973 1327
1327 235 973
973 235 1327
928 170 686
686 170 928
170 686 928
464 1026 1306
1026 464 1306
1306 464 1026
960 392 435
435 392 960
392 435 960
205 204 719
719 204 205
204 205 719
353 1177 1421
1421 353 1177
1177 353 1421
493 538 987
538 493 987
987 493 538
1410 763 1465
763 1410 1465
1465 763 1410
1186 278 1099
1099 278 1186
278 1099 1186
1056 568 1231
1231 568 1056
568 1056 1231
97 371 1279
371 97 1279
1279 97 371
520 615 758
758 520 615
615 520 758
52 126 372
372 52 126
126 52 372
1151 427 512
512 427 1151
427 512 1151
557 808 1110
808 557 1110
1110 557 808
572 540 822
540 572 822
822 540 572
1144 881 1480
881 1144 1480
1480 881 1144
1415 905 1387
905 1387 1415
1387 905 1415
821 109 506
109 506 821
506 109 821
957 861 1419
1419 861 957
861 957 1419
921 658 1209
1209 658 921
658 921 1209
1332 131 342
342 131 1332
131 342 1332
475 536 1394
536 475 1394
1394 475 536
852 770 885
885 770 852
770 852 885
834 365 1180
1180 365 834
365 834 1180
650 90 945
945 90 650
90 650 945
117 297 1152
1152 117 297
297 117 1152
264 195 1050
195 264 1050
1050 195 264
1017 918 1336
1336 918 1017
918 1017 1336
497 331 375
331 375 497
375 331 497
768 828 1163
828 768 1163
1163 768 828
1461 895 962
895 962 1461
962 895 1461
519 898 1371
1371 519 898
898 519 1371
78 71 1456
1456 71 78
71 78 1456
1071 151 222
222 151 1071
151 222 1071
53 869 1458
869 53 1458
1458 53 869
8 236 716
236 8 716
716 8 236
864 575 994
994 575 864
575 864 994
1175 316 1080
1080 316 1175
316 1080 1175
684 996 1399
1399 684 996
996 684 1399
596 395 643
395 596 643
643 395 596
1389 12 32
32 12 1389
12 32 1389
1007 332 802
802 332 1007
332 802 1007
305 171 1426
171 305 1426
1426 171 305
276 357 1370
357 276 1370
1370 276 357
926 196 467
467 196 926
196 467 926
915 827 1481
1481 827 915
827 915 1481
1111 1082 1277
1277 1082 1111
1082 1111 1277
366 1073 1174
1073 366 1174
1174 366 1073
477 1295 1335
1295 477 1335
1335 477 1295
791 132 221
132 221 791
221 132 791
752 940 1147
1147 752 940
940 752 1147
700 562 1479
1479 562 700
562 700 1479
630 17 904
904 17 630
17 630 904
246 102 139
102 139 246
139 102 246
543 51 914
914 51 543
51 543 914
892 1038 1460
1460 892 1038
1038 892 1460
377 362 891
891 362 377
362 377 891
641 483 1331
1331 483 641
483 641 1331
173 69 1200
1200 69 173
69 173 1200
50 624 1433
1433 50 624
624 50 1433
896 172 866
172 866 896
866 172 896
1108 1072 1145
1145 1072 1108
1072 1108 1145
672 121 187
121 187 672
187 121 672
1296 1068 1189
1068 1189 1296
1189 1068 1296
404 651 991
651 404 991
991 404 651
238 184 315
315 184 238
184 238 315
753 34 259
259 34 753
34 259 753
1281 280 969
280 969 1281
969 280 1281
554 627 836
836 554 627
627 554 836
638 943 1033
943 638 1033
1033 638 943
198 685 1463
685 198 1463
1463 198 685
416 135 322
135 322 416
322 135 416
424 104 699
104 424 699
699 104 424
432 614 1074
614 432 1074
1074 432 614
291 694 789
694 291 789
789 291 694
632 337 944
944 337 632
337 632 944
903 74 174
74 174 903
174 74 903
324 20 1337
1337 20 324
20 324 1337
1092 440 833
833 440 1092
440 833 1092
1119 335 665
665 335 1119
335 665 1119
298 134 674
674 134 298
134 298 674
937 199 1482
1482 199 937
199 937 1482
1290 524 1030
1030 524 1290
524 1030 1290
516 842 1140
1140 516 842
842 516 1140
1391 143 1269
143 1269 1391
1269 143 1391
215 308 878
878 215 308
308 215 878
617 574 1084
1084 574 617
574 617 1084
853 14 1352
1352 14 853
14 853 1352
168 329 917
329 168 917
917 168 329
1401 912 982
912 982 1401
982 912 1401
63 500 564
500 63 564
564 63 500
988 37 1450
1450 37 988
37 988 1450
727 1347 1382
1347 727 1382
1382 727 1347
968 162 740
740 162 968
162 740 968
185 13 1176
1176 13 185
13 185 1176
534 876 1354
876 534 1354
1354 534 876
743 1003 1057
1003 743 1057
1057 743 1003
27 954 1047
1047 27 954
954 27 1047
840 136 1083
136 840 1083
1083 136 840
795 9 397
397 9 795
9 397 795
1464 123 153
153 123 1464
123 153 1464
100 711 1363
1363 100 711
711 100 1363
1364 202 1440
202 1364 1440
1440 202 1364
967 79 654
79 654 967
654 79 967
380 281 296
281 296 380
296 281 380
312 38 347
347 38 312
38 312 347
321 4 149
149 4 321
4 149 321
1107 558 963
558 963 1107
963 558 1107
369 314 846
314 369 846
846 314 369
1471 986 1124
1124 986 1471
986 1124 1471
1037 21 148
21 148 1037
148 21 1037
687 382 1218
382 687 1218
1218 382 687
180 1334 1439
1334 180 1439
1439 180 1334
257 83 816
83 257 816
816 83 257
1489 759 1438
1438 759 1489
759 1438 1489
929 210 744
744 210 929
210 744 929
1405 142 1054
142 1054 1405
1054 142 1405
732 418 899
418 732 899
899 418 732
410 1094 1207
1207 410 1094
1094 410 1207
108 600 1447
600 108 1447
1447 108 600
1220 825 1413
825 1220 1413
1413 825 1220
1114 16 703
703 16 1114
16 703 1114
565 327 863
327 565 863
863 327 565
1211 376 1303
1303 376 1211
376 1211 1303
411 405 806
806 405 411
405 411 806
1470 1008 1198
1198 1008 1470
1008 1198 1470
1256 972 1392
972 1256 1392
1392 972 1256
591 993 1253
993 591 1253
1253 591 993
1408 364 1205
364 1205 1408
1205 364 1408
358 729 872
872 358 729
729 358 872
1373 942 1486
942 1373 1486
1486 942 1373
830 462 894
894 462 830
462 830 894
103 207 277
277 103 207
207 103 277
1045 867 1070
867 1045 1070
1070 867 1045
55 897 1293
1293 55 897
897 55 1293
1278 811 1302
811 1278 1302
1302 811 1278
1444 345 471
345 471 1444
471 345 1444
950 251 640
640 251 950
251 640 950
400 279 1162
1162 279 400
279 400 1162
258 399 618
618 258 399
399 258 618
949 714 1260
714 949 1260
1260 714 949
28 237 1402
1402 28 237
237 28 1402
487 619 1385
619 487 1385
1385 487 619
1170 1154 1307
1307 1154 1170
1154 1170 1307
492 1298 1333
1333 492 1298
1298 492 1333
546 300 1089
300 546 1089
1089 300 546
1159 1018 1187
1187 1018 1159
1018 1159 1187
1282 270 730
270 730 1282
730 270 1282
423 1422 1468
1468 423 1422
1422 423 1468
310 81 1139
81 310 1139
1139 81 310
1484 125 733
125 733 1484
733 125 1484
1425 589 1340
1340 589 1425
589 1340 1425
527 35 849
35 527 849
849 35 527
523 975 1286
975 523 1286
1286 523 975
722 1122 1441
1122 722 1441
1441 722 1122
430 908 1346
908 430 1346
1346 430 908
1153 459 979
979 459 1153
459 979 1153
998 1213 1288
1213 998 1288
1288 998 1213
436 360 1125
1125 360 436
360 436 1125
1109 224 749
749 224 1109
224 749 1109
633 181 323
323 181 633
181 323 633
1367 612 1011
612 1011 1367
1011 612 1367
311 1051 1435
1435 311 1051
1051 311 1435
1430 469 1102
1102 469 1430
469 1102 1430
370 356 735
356 370 735
735 356 370
1066 65 373
65 373 1066
373 65 1066
880 294 491
294 491 880
491 294 880
228 5 1478
5 228 1478
1478 5 228
262 708 1048
1048 262 708
708 262 1048
189 555 995
995 189 555
555 189 995
1255 757 1319
757 1255 1319
1319 757 1255
122 934 1243
1243 122 934
934 122 1243
1133 177 647
647 177 1133
177 647 1133
533 1155 1229
1229 533 1155
1155 533 1229
1254 1025 1075
1025 1075 1254
1075 1025 1254
705 390 1476
390 705 1476
1476 390 705
889 59 1280
59 889 1280
1280 59 889
854 1058 1267
1267 854 1058
1058 854 1267
348 336 1491
1491 336 348
336 348 1491
745 776 1181
776 745 1181
1181 745 776
128 472 1342
472 128 1342
1342 128 472
879 56 670
56 670 879
670 56 879
810 451 1449
1449 451 810
451 810 1449
764 157 495
495 157 764
157 495 764
779 414 751
751 414 779
414 751 779
1377 838 1351
1351 838 1377
838 1351 1377
41 1081 1344
1344 41 1081
1081 41 1344
36 350 939
939 36 350
350 36 939
1453 792 1407
1407 792 1453
792 1407 1453
482 528 798
798 482 528
528 482 798
1289 509 1356
509 1289 1356
1356 509 1289
710 138 317
138 317 710
317 138 710
873 429 1452
1452 429 873
429 873 1452
1079 26 1499
1499 26 1079
26 1079 1499
1061 1273 1353
1273 1061 1353
1353 1061 1273
1322 141 325
141 325 1322
325 141 1322
837 144 539
144 539 837
539 144 837
1093 40 1374
1374 40 1093
40 1093 1374
1285 208 1263
1263 208 1285
208 1263 1285
1316 417 1201
1201 417 1316
417 1201 1316
756 498 952
952 498 756
498 756 952
1310 452 1023
1023 452 1310
452 1023 1310
433 736 1194
1194 433 736
736 433 1194
801 39 584
39 584 801
584 39 801
508 368 1495
1495 368 508
368 508 1495
301 46 964
46 301 964
964 46 301
984 1217 1261
1261 984 1217
1217 984 1261
1372 712 948
948 712 1372
712 948 1372
1397 505 1414
1414 505 1397
505 1397 1414
248 10 1420
10 248 1420
1420 10 248
7 590 1246
590 7 1246
1246 7 590
58 581 1135
1135 58 581
581 58 1135
608 560 910
910 560 608
560 608 910
127 229 1105
229 127 1105
1105 127 229
1311 240 935
935 240 1311
240 935 1311
1036 1067 1326
1326 1036 1067
1067 1036 1326
191 244 1272
1272 191 244
244 191 1272
114 263 883
263 114 883
883 114 263
289 260 1338
1338 260 289
260 289 1338
164 938 1237
1237 164 938
938 164 1237
1206 1123 1126
1126 1123 1206
1123 1126 1206
1423 383 553
553 383 1423
383 553 1423
820 409 1019
409 820 1019
1019 409 820
1121 233 664
664 233 1121
233 664 1121
1349 577 1005
1005 577 1349
577 1005 1349
431 343 1328
1328 343 431
343 431 1328
96 1013 1062
1013 96 1062
1062 96 1013
1216 226 847
226 847 1216
847 226 1216
161 541 1497
1497 161 541
541 161 1497
1437 422 439
422 439 1437
439 422 1437
1183 660 663
663 660 1183
660 663 1183
214 976 1324
1324 214 976
976 214 1324
1128 387 449
387 449 1128
449 387 1128
406 925 1228
925 406 1228
1228 406 925
1230 407 445
407 445 1230
445 407 1230
626 178 582
178 582 626
582 178 626
604 848 1214
1214 604 848
848 604 1214
444 865 1388
1388 444 865
865 444 1388
760 155 1113
1113 155 760
155 760 1113
1469 339 761
761 339 1469
339 761 1469
1384 320 1087
1087 320 1384
320 1087 1384
1131 88 815
88 815 1131
815 88 1131
6 19 1164
1164 6 19
19 6 1164
43 490 642
490 43 642
642 43 490
160 623 932
932 160 623
623 160 932
420 844 1434
1434 420 844
844 420 1434
1378 514 726
726 514 1378
514 726 1378
599 941 1009
941 599 1009
1009 599 941
936 797 1341
797 936 1341
1341 797 936
107 602 1376
1376 107 602
602 107 1376
355 874 1142
874 355 1142
1142 355 874
1235 115 1141
1141 115 1235
115 1141 1235
1022 592 978
978 592 1022
592 978 1022
856 330 454
330 454 856
454 330 856
675 1275 1451
1275 675 1451
1451 675 1275
961 1043 1103
1103 961 1043
1043 961 1103
499 1208 1287
1208 499 1287
1287 499 1208
479 1091 1292
1091 479 1292
1292 479 1091
946 326 1069
1069 326 946
326 946 1069
1359 951 1299
1299 951 1359
951 1299 1359
1059 1021 1291
1021 1059 1291
1291 1021 1059
1323 188 1301
188 1301 1323
1301 188 1323
621 989 1375
989 621 1375
1375 621 989
1040 858 1249
858 1040 1249
1249 858 1040
561 154 441
154 441 561
441 154 561
2 290 304
290 2 304
304 2 290
1251 60 351
60 351 1251
351 60 1251
1477 549 644
644 549 1477
549 644 1477
461 242 1466
242 461 1466
1466 242 461
971 1132 1276
1132 971 1276
1276 971 1132
501 656 1044
656 501 1044
1044 501 656
578 403 1168
1168 403 578
403 578 1168
737 105 442
105 442 737
442 105 737
807 456 728
728 456 807
456 728 807
717 287 481
287 481 717
481 287 717
1197 701 985
985 701 1197
701 985 1197
782 203 1041
1041 203 782
203 782 1041
268 266 1188
1188 266 268
266 268 1188
1024 1096 1157
1096 1024 1157
1157 1024 1096
870 901 1016
1016 870 901
901 870 1016
211 877 1454
1454 211 877
877 211 1454
1115 318 1182
1182 318 1115
318 1115 1182
1086 692 1496
1496 692 1086
692 1086 1496
997 884 1065
884 997 1065
1065 884 997
