13561 7780 9507
7780 9507 13561
9507 7780 13561
9399 3684 12756
3684 9399 12756
12756 3684 9399
9696 99 2018
2018 99 9696
99 2018 9696
10188 5140 12628
5140 10188 12628
12628 5140 10188
1030 7791 9941
7791 1030 9941
9941 1030 7791
8358 9517 11434
11434 8358 9517
9517 8358 11434
9067 12183 14091
12183 9067 14091
14091 9067 12183
7708 4361 14643
4361 7708 14643
14643 4361 7708
2840 3804 7202
3804 2840 7202
7202 2840 3804
11241 2718 9908
9908 2718 11241
2718 9908 11241
7934 5640 12738
12738 5640 7934
5640 7934 12738
842 5091 13627
13627 842 5091
5091 842 13627
7541 10992 11814
11814 7541 10992
10992 7541 11814
5896 1546 13061
13061 1546 5896
1546 5896 13061
1230 2581 11980
2581 1230 11980
11980 1230 2581
10344 5154 13908
13908 5154 10344
5154 10344 13908
2025 8007 13116
13116 2025 8007
8007 2025 13116
7144 3129 10653
3129 7144 10653
10653 3129 7144
2784 870 13935
870 2784 13935
13935 870 2784
6588 6435 14000
14000 6435 6588
6435 6588 14000
10484 3284 5288
5288 3284 10484
3284 5288 10484
6479 810 12579
810 6479 12579
12579 810 6479
12244 5890 7534
7534 5890 12244
5890 7534 12244
5679 6381 9349
6381 5679 9349
9349 5679 6381
771 7191 10953
10953 771 7191
7191 771 10953
13123 9345 12288
9345 12288 13123
12288 9345 13123
2813 2891 11960
2891 2813 11960
11960 2813 2891
1157 6144 12987
6144 1157 12987
12987 1157 6144
6625 3496 5929
5929 3496 6625
3496 5929 6625
3152 1364 4526
1364 3152 4526
4526 1364 3152
6215 6307 14497
6307 6215 14497
14497 6215 6307
2617 3534 6950
6950 2617 3534
3534 2617 6950
2215 2126 13083
2126 2215 13083
13083 2126 2215
1022 4182 4411
4411 1022 4182
4182 1022 4411
9753 1868 5000
5000 1868 9753
1868 5000 9753
1572 8377 10371
8377 1572 10371
10371 1572 8377
5410 9733 12077
9733 5410 12077
12077 5410 9733
1862 2257 3451
2257 1862 3451
3451 1862 2257
10042 7772 9449
7772 9449 10042
9449 7772 10042
4579 2628 12505
2628 4579 12505
12505 2628 4579
5433 6787 7228
7228 5433 6787
6787 5433 7228
11356 5798 8345
5798 8345 11356
8345 5798 11356
14921 7657 9579
9579 7657 14921
7657 9579 14921
7830 5499 6732
6732 5499 7830
5499 6732 7830
10802 5357 6286
5357 6286 10802
6286 5357 10802
11381 10393 12996
12996 10393 11381
10393 11381 12996
3991 7920 9183
7920 3991 9183
9183 3991 7920
3749 688 4465
4465 688 3749
688 3749 4465
7526 1853 7123
1853 7123 7526
7123 1853 7526
10621 8287 10008
10008 8287 10621
8287 10008 10621
10501 3073 13648
3073 10501 13648
13648 3073 10501
235 3292 14044
14044 235 3292
3292 235 14044
3803 9542 14681
14681 3803 9542
9542 3803 14681
14276 5962 12404
5962 12404 14276
12404 5962 14276
880 5468 10193
5468 880 10193
10193 880 5468
3511 7716 8987
7716 3511 8987
8987 3511 7716
2364 6975 13120
6975 2364 13120
13120 2364 6975
1014 5107 9835
5107 1014 9835
9835 1014 5107
14258 869 11961
869 11961 14258
11961 869 14258
7849 11310 12255
12255 7849 11310
11310 7849 12255
8755 1244 2323
1244 2323 8755
2323 1244 8755
1433 1694 10320
1694 1433 10320
10320 1433 1694
12752 5348 5878
5878 5348 12752
5348 5878 12752
6380 956 4396
956 4396 6380
4396 956 6380
2363 331 9870
331 2363 9870
9870 331 2363
5149 3406 9029
3406 5149 9029
9029 3406 5149
11222 5082 13182
5082 11222 13182
13182 5082 11222
4513 16 1860
1860 16 4513
16 1860 4513
7078 459 12671
459 7078 12671
12671 459 7078
175 7016 7051
7051 175 7016
7016 175 7051
6415 13203 14789
14789 6415 13203
13203 6415 14789
11857 5886 8812
8812 5886 11857
5886 8812 11857
13838 4861 12943
12943 4861 13838
4861 12943 13838
1851 7930 8768
7930 1851 8768
8768 1851 7930
10420 82 14844
14844 82 10420
82 10420 14844
12050 6227 12117
6227 12050 12117
12117 6227 12050
8591 395 7787
395 7787 8591
7787 395 8591
6053 6550 7606
7606 6053 6550
6550 6053 7606
2532 2274 8859
2274 2532 8859
8859 2274 2532
2111 1348 3275
1348 2111 3275
3275 1348 2111
8985 3267 4150
3267 4150 8985
4150 3267 8985
1099 2562 3424
2562 1099 3424
3424 1099 2562
10376 1440 10081
10081 1440 10376
1440 10081 10376
9608 2314 8619
2314 8619 9608
8619 2314 9608
4158 2871 10636
2871 4158 10636
10636 2871 4158
5206 2492 2786
2492 2786 5206
2786 2492 5206
13965 7244 12108
12108 7244 13965
7244 12108 13965
11334 6959 14573
14573 6959 11334
6959 11334 14573
12820 6283 9013
9013 6283 12820
6283 9013 12820
11338 9826 11392
11392 9826 11338
9826 11338 11392
9891 1841 2472
1841 2472 9891
2472 1841 9891
10473 5851 6406
6406 5851 10473
5851 6406 10473
8162 11440 14636
11440 8162 14636
14636 8162 11440
12494 1287 9039
9039 1287 12494
1287 9039 12494
14532 2470 8889
2470 8889 14532
8889 2470 14532
6679 781 11627
781 6679 11627
11627 781 6679
6621 7868 14383
7868 6621 14383
14383 6621 7868
14773 1263 8726
1263 8726 14773
8726 1263 14773
14193 3695 12247
12247 3695 14193
3695 12247 14193
9314 5255 6076
5255 6076 9314
6076 5255 9314
409 7688 11212
7688 409 11212
11212 409 7688
12146 2848 12546
2848 12146 12546
12546 2848 12146
1080 12720 13280
13280 1080 12720
12720 1080 13280
10776 2789 9682
2789 9682 10776
9682 2789 10776
11963 9467 14260
14260 9467 11963
9467 11963 14260
454 2746 5315
2746 454 5315
5315 454 2746
326 2051 12590
12590 326 2051
2051 326 12590
7057 3522 10416
10416 3522 7057
3522 7057 10416
12929 11314 12055
11314 12055 12929
12055 11314 12929
2252 1246 9034
1246 2252 9034
9034 1246 2252
14561 6627 12135
12135 6627 14561
6627 12135 14561
8713 6083 10563
6083 8713 10563
10563 6083 8713
8635 678 1719
1719 678 8635
678 1719 8635
8004 6100 9704
9704 6100 8004
6100 8004 9704
9911 4132 8153
8153 4132 9911
4132 8153 9911
9111 7986 10291
7986 9111 10291
10291 7986 9111
13579 276 11759
11759 276 13579
276 11759 13579
11748 4779 14325
4779 11748 14325
14325 4779 11748
6722 14515 14562
14515 6722 14562
14562 6722 14515
1517 12591 14655
14655 1517 12591
12591 1517 14655
2418 2397 13641
13641 2397 2418
2397 2418 13641
13112 4875 5593
4875 5593 13112
5593 4875 13112
12319 4739 13179
13179 4739 12319
4739 12319 13179
4570 5144 12139
12139 4570 5144
5144 4570 12139
1487 9218 13509
9218 1487 13509
13509 1487 9218
5013 3649 4726
3649 4726 5013
4726 3649 5013
3471 1600 14519
1600 3471 14519
14519 1600 3471
12958 730 13923
13923 730 12958
730 12958 13923
10947 1674 4725
4725 1674 10947
1674 4725 10947
9625 5151 9490
5151 9490 9625
9490 5151 9625
6363 4993 13515
13515 4993 6363
4993 6363 13515
13349 1281 13681
1281 13349 13681
13681 1281 13349
260 8569 14321
8569 260 14321
14321 260 8569
791 4128 14252
14252 791 4128
4128 791 14252
8531 13408 13958
13408 8531 13958
13958 8531 13408
10100 2899 6562
2899 6562 10100
6562 2899 10100
2881 1666 7512
1666 2881 7512
7512 1666 2881
8589 4916 7435
4916 7435 8589
7435 4916 8589
6757 368 6966
6966 368 6757
368 6757 6966
10173 6251 8743
8743 6251 10173
6251 8743 10173
2725 1184 6590
1184 2725 6590
6590 1184 2725
11956 11946 13058
13058 11946 11956
11946 11956 13058
2190 7548 8093
8093 2190 7548
7548 2190 8093
10182 2446 9726
2446 9726 10182
9726 2446 10182
1061 7648 8242
8242 1061 7648
7648 1061 8242
10232 10204 11444
11444 10204 10232
10204 10232 11444
11653 7536 13635
13635 7536 11653
7536 11653 13635
3778 7275 10289
10289 3778 7275
7275 3778 10289
5259 2703 5331
2703 5259 5331
5331 2703 5259
1318 2388 5177
5177 1318 2388
2388 1318 5177
9302 3814 11495
3814 9302 11495
11495 3814 9302
13440 2979 10747
2979 10747 13440
10747 2979 13440
4855 133 6245
133 4855 6245
6245 133 4855
12468 8494 11266
11266 8494 12468
8494 11266 12468
5786 441 2376
2376 441 5786
441 2376 5786
913 1761 11410
1761 913 11410
11410 913 1761
9060 7339 13560
13560 7339 9060
7339 9060 13560
8024 10928 11492
11492 8024 10928
10928 8024 11492
11453 13426 13464
13426 11453 13464
13464 11453 13426
14048 4757 4968
4757 4968 14048
4968 4757 14048
7749 2468 5802
2468 5802 7749
5802 2468 7749
9581 6530 9153
9153 6530 9581
6530 9153 9581
5307 2900 10664
2900 5307 10664
10664 2900 5307
8083 8637 11587
11587 8083 8637
8637 8083 11587
5999 11254 13806
11254 5999 13806
13806 5999 11254
881 56 9868
9868 56 881
56 881 9868
6504 7310 11208
7310 6504 11208
11208 6504 7310
10494 8175 11471
11471 8175 10494
8175 10494 11471
1807 1149 1723
1149 1723 1807
1723 1149 1807
9538 526 11470
526 9538 11470
11470 526 9538
2493 4124 4372
4372 2493 4124
4124 2493 4372
3241 8621 11801
8621 3241 11801
11801 3241 8621
723 878 9106
9106 723 878
878 723 9106
7728 4086 6709
4086 6709 7728
6709 4086 7728
4483 5950 13226
13226 4483 5950
5950 4483 13226
1495 1009 12917
1009 1495 12917
12917 1009 1495
4336 7905 11642
7905 4336 11642
11642 4336 7905
14026 513 10482
513 10482 14026
10482 513 14026
957 11110 14846
11110 957 14846
14846 957 11110
6691 2808 7725
7725 2808 6691
2808 6691 7725
2862 1311 5198
5198 1311 2862
1311 2862 5198
856 10540 11573
10540 856 11573
11573 856 10540
11597 676 14322
14322 676 11597
676 11597 14322
903 12291 14667
14667 903 12291
12291 903 14667
7006 1365 3753
1365 3753 7006
3753 1365 7006
2028 8375 13759
13759 2028 8375
8375 2028 13759
8781 537 4903
537 4903 8781
4903 537 8781
11221 4711 7332
4711 7332 11221
7332 4711 11221
2085 2361 14230
2361 2085 14230
14230 2085 2361
993 173 12308
173 993 12308
12308 173 993
1008 10792 11369
11369 1008 10792
10792 1008 11369
14281 6432 8019
6432 8019 14281
8019 6432 14281
2120 5478 8948
8948 2120 5478
5478 2120 8948
6980 1429 4227
4227 1429 6980
1429 4227 6980
10874 5695 6454
5695 6454 10874
6454 5695 10874
6270 648 7129
648 6270 7129
7129 648 6270
3535 11941 14144
14144 3535 11941
11941 3535 14144
3456 2927 6852
2927 3456 6852
6852 2927 3456
1464 643 9381
643 1464 9381
9381 643 1464
7147 2432 3779
3779 2432 7147
2432 3779 7147
8663 2799 9846
9846 2799 8663
2799 8663 9846
4258 634 7977
7977 634 4258
634 4258 7977
14004 10534 10869
10534 10869 14004
10869 10534 14004
4574 1292 14995
1292 4574 14995
14995 1292 4574
14962 5676 11919
11919 5676 14962
5676 11919 14962
7515 2554 10657
10657 2554 7515
2554 7515 10657
2724 311 13128
311 2724 13128
13128 311 2724
10818 3092 11269
3092 10818 11269
11269 3092 10818
6726 1663 4042
1663 4042 6726
4042 1663 6726
1557 5972 14717
14717 1557 5972
5972 1557 14717
8818 9310 12129
12129 8818 9310
9310 8818 12129
10296 2516 3206
2516 3206 10296
3206 2516 10296
6238 2998 3069
2998 3069 6238
3069 2998 6238
5416 2444 9396
2444 5416 9396
9396 2444 5416
11042 2737 8592
8592 2737 11042
2737 8592 11042
10707 3607 4969
4969 3607 10707
3607 4969 10707
13279 1869 8451
1869 8451 13279
8451 1869 13279
13723 4259 10954
4259 10954 13723
10954 4259 13723
5129 2303 14234
14234 2303 5129
2303 5129 14234
11083 5236 14968
14968 5236 11083
5236 11083 14968
9372 7710 8626
7710 8626 9372
8626 7710 9372
13911 3455 5118
3455 5118 13911
5118 3455 13911
51 9192 10553
10553 51 9192
9192 51 10553
8291 4190 14294
4190 8291 14294
14294 4190 8291
12179 4567 11100
4567 11100 12179
11100 4567 12179
6611 3976 4590
3976 4590 6611
4590 3976 6611
3245 5069 7954
7954 3245 5069
5069 3245 7954
10742 764 6171
6171 764 10742
764 6171 10742
14777 4180 9623
9623 4180 14777
4180 9623 14777
13711 6935 14513
6935 13711 14513
14513 6935 13711
1316 658 5066
5066 658 1316
658 1316 5066
10729 3342 14336
14336 3342 10729
3342 10729 14336
10609 2131 9052
2131 9052 10609
9052 2131 10609
4584 5651 6498
5651 4584 6498
6498 4584 5651
2089 273 9182
9182 273 2089
273 2089 9182
13926 11319 12048
12048 11319 13926
11319 12048 13926
8913 47 1088
47 1088 8913
1088 47 8913
2616 4161 8161
4161 2616 8161
8161 2616 4161
4357 2359 6034
2359 4357 6034
6034 2359 4357
6186 5109 8806
5109 6186 8806
8806 5109 6186
7853 4208 8369
8369 4208 7853
4208 7853 8369
13097 5127 9728
5127 9728 13097
9728 5127 13097
722 7319 9055
7319 722 9055
9055 722 7319
755 4893 13308
13308 755 4893
4893 755 13308
7841 2029 11806
2029 7841 11806
11806 2029 7841
439 10520 14305
14305 439 10520
10520 439 14305
5017 2860 7037
2860 5017 7037
7037 2860 5017
5803 1278 3859
1278 3859 5803
3859 1278 5803
14209 4217 8474
8474 4217 14209
4217 8474 14209
6569 7717 13858
13858 6569 7717
7717 6569 13858
1553 7611 9480
9480 1553 7611
7611 1553 9480
209 1949 7761
7761 209 1949
1949 209 7761
10512 4068 8517
4068 8517 10512
8517 4068 10512
14522 542 6458
542 6458 14522
6458 542 14522
6593 4499 6221
6221 4499 6593
4499 6221 6593
813 3270 8390
8390 813 3270
3270 813 8390
5905 3982 8168
8168 3982 5905
3982 5905 8168
8117 7880 11590
7880 8117 11590
11590 7880 8117
8927 2 6965
6965 2 8927
2 6965 8927
10843 3617 7628
7628 3617 10843
3617 7628 10843
5586 9633 10771
10771 5586 9633
9633 5586 10771
14501 1443 5570
1443 5570 14501
5570 1443 14501
13762 1031 4637
4637 1031 13762
1031 4637 13762
5174 6799 9864
9864 5174 6799
6799 5174 9864
6330 155 8293
8293 155 6330
155 6330 8293
3465 12569 13501
13501 3465 12569
12569 3465 13501
3462 6496 10218
6496 3462 10218
10218 3462 6496
4920 8056 13969
8056 4920 13969
13969 4920 8056
3690 3942 13575
13575 3690 3942
3942 3690 13575
13531 5528 8264
5528 8264 13531
8264 5528 13531
11079 11784 12788
12788 11079 11784
11784 11079 12788
5849 3322 7643
7643 3322 5849
3322 5849 7643
14268 5090 13074
5090 13074 14268
13074 5090 14268
13660 6070 14231
6070 13660 14231
14231 6070 13660
6642 2100 2960
2960 2100 6642
2100 2960 6642
2024 1922 4088
1922 2024 4088
4088 1922 2024
9871 3512 7198
7198 3512 9871
3512 7198 9871
9588 2766 13291
13291 2766 9588
2766 9588 13291
1219 7252 11681
11681 1219 7252
7252 1219 11681
13621 5724 12272
12272 5724 13621
5724 12272 13621
3508 4337 5673
5673 3508 4337
4337 3508 5673
2923 1356 12186
12186 1356 2923
1356 2923 12186
3037 4265 13448
4265 3037 13448
13448 3037 4265
4979 2861 3917
3917 2861 4979
2861 3917 4979
2793 4172 11971
11971 2793 4172
4172 2793 11971
941 10804 13876
13876 941 10804
10804 941 13876
5658 4405 11285
11285 4405 5658
4405 5658 11285
1667 1615 11671
11671 1615 1667
1615 1667 11671
12740 1398 5845
1398 5845 12740
5845 1398 12740
13084 7616 8184
8184 7616 13084
7616 8184 13084
14818 12101 12180
12180 12101 14818
12101 12180 14818
11175 10584 13824
13824 10584 11175
10584 11175 13824
13766 6366 14384
6366 13766 14384
14384 6366 13766
8908 714 13487
13487 714 8908
714 8908 13487
14807 13339 14438
13339 14438 14807
14438 13339 14807
12285 5032 9847
9847 5032 12285
5032 9847 12285
479 292 734
292 479 734
734 292 479
1524 1467 3761
3761 1467 1524
1467 1524 3761
13651 9300 14780
14780 9300 13651
9300 13651 14780
13720 5455 9003
9003 5455 13720
5455 9003 13720
12719 2530 10551
10551 2530 12719
2530 10551 12719
4017 2672 13788
2672 4017 13788
13788 2672 4017
7859 5827 12298
5827 7859 12298
12298 5827 7859
8789 6397 10499
6397 8789 10499
10499 6397 8789
5068 8773 12439
12439 5068 8773
8773 5068 12439
3856 6220 10012
6220 3856 10012
10012 3856 6220
1322 8813 11161
11161 1322 8813
8813 1322 11161
8349 3407 4154
3407 4154 8349
4154 3407 8349
2739 6687 8086
8086 2739 6687
6687 2739 8086
2897 5884 12258
5884 2897 12258
12258 2897 5884
3647 140 3880
3880 140 3647
140 3647 3880
6577 3012 8762
8762 3012 6577
3012 6577 8762
7157 2696 4679
2696 4679 7157
4679 2696 7157
1774 1695 14129
14129 1695 1774
1695 1774 14129
7044 1103 5675
5675 1103 7044
1103 5675 7044
2622 9287 10911
9287 2622 10911
10911 2622 9287
8421 4539 5402
4539 5402 8421
5402 4539 8421
6690 1621 8925
1621 6690 8925
8925 1621 6690
9042 8215 9267
8215 9042 9267
9267 8215 9042
13791 4715 6822
6822 4715 13791
4715 6822 13791
11472 6916 8292
6916 8292 11472
8292 6916 11472
9453 1639 11108
1639 9453 11108
11108 1639 9453
10099 7034 12946
12946 7034 10099
7034 10099 12946
7220 885 12651
885 7220 12651
12651 885 7220
7423 4330 8866
8866 4330 7423
4330 7423 8866
4326 6184 10157
10157 4326 6184
6184 4326 10157
5959 12670 13347
13347 5959 12670
12670 5959 13347
7156 7308 7906
7308 7156 7906
7906 7156 7308
12340 6560 10023
10023 6560 12340
6560 10023 12340
5463 8082 14782
14782 5463 8082
8082 5463 14782
13778 2660 14772
14772 2660 13778
2660 13778 14772
14841 707 13601
13601 707 14841
707 13601 14841
7864 8625 13735
13735 7864 8625
8625 7864 13735
5097 62 10701
10701 62 5097
62 5097 10701
6540 4378 6257
6257 4378 6540
4378 6257 6540
1334 9661 11581
11581 1334 9661
9661 1334 11581
2995 5548 11527
11527 2995 5548
5548 2995 11527
4382 2509 10333
2509 4382 10333
10333 2509 4382
14273 8464 9078
9078 8464 14273
8464 9078 14273
11030 3541 8974
8974 3541 11030
3541 8974 11030
11172 4 3210
4 3210 11172
3210 4 11172
11775 3311 10412
10412 3311 11775
3311 10412 11775
2926 1610 4682
1610 2926 4682
4682 1610 2926
14352 5382 7907
7907 5382 14352
5382 7907 14352
12266 1919 13148
13148 1919 12266
1919 12266 13148
9712 12528 14324
14324 9712 12528
12528 9712 14324
1185 8779 9040
9040 1185 8779
8779 1185 9040
7842 3074 4859
3074 4859 7842
4859 3074 7842
8087 1758 6236
1758 6236 8087
6236 1758 8087
6570 2358 13470
13470 2358 6570
2358 6570 13470
13562 5483 13658
13658 5483 13562
5483 13562 13658
12503 4733 8386
4733 8386 12503
8386 4733 12503
13918 2079 4039
4039 2079 13918
2079 4039 13918
7809 7287 7776
7776 7287 7809
7287 7776 7809
1587 11646 14292
14292 1587 11646
11646 1587 14292
8550 14100 14210
14100 8550 14210
14210 8550 14100
10545 6134 12942
6134 10545 12942
12942 6134 10545
12461 7065 7148
7065 7148 12461
7148 7065 12461
12394 882 11931
882 11931 12394
11931 882 12394
8613 12924 14817
12924 8613 14817
14817 8613 12924
1381 8574 9921
9921 1381 8574
8574 1381 9921
3101 523 10109
523 3101 10109
10109 523 3101
1940 8848 11640
11640 1940 8848
8848 1940 11640
6261 2210 14956
2210 6261 14956
14956 2210 6261
14851 3332 13514
3332 13514 14851
13514 3332 14851
13894 9744 11605
11605 9744 13894
9744 11605 13894
4795 2578 5196
5196 2578 4795
2578 4795 5196
6754 53 10897
10897 53 6754
53 6754 10897
9860 4389 10349
10349 4389 9860
4389 9860 10349
7884 11926 14546
14546 7884 11926
11926 7884 14546
14961 3429 14544
14544 3429 14961
3429 14544 14961
1962 10310 14518
10310 1962 14518
14518 1962 10310
5163 1670 12315
12315 1670 5163
1670 5163 12315
1412 2518 10847
2518 1412 10847
10847 1412 2518
11017 4740 7092
4740 7092 11017
7092 4740 11017
13252 2845 14414
2845 13252 14414
14414 2845 13252
3669 5797 13264
5797 3669 13264
13264 3669 5797
4919 2313 4603
4603 2313 4919
2313 4603 4919
11339 11984 14249
11984 11339 14249
14249 11339 11984
7585 3383 13305
3383 7585 13305
13305 3383 7585
13583 1789 9402
1789 9402 13583
9402 1789 13583
5240 1607 4426
4426 1607 5240
1607 4426 5240
5232 1273 9934
1273 5232 9934
9934 1273 5232
11761 2520 12643
12643 2520 11761
2520 11761 12643
13373 11503 13754
13754 11503 13373
11503 13373 13754
7270 904 12125
904 7270 12125
12125 904 7270
8580 434 9898
9898 434 8580
434 8580 9898
1550 245 10725
245 1550 10725
10725 245 1550
14729 2621 12318
12318 2621 14729
2621 12318 14729
10472 5271 12619
12619 5271 10472
5271 10472 12619
1567 1026 3871
1026 1567 3871
3871 1026 1567
1327 5687 10053
10053 1327 5687
5687 1327 10053
11085 2495 9970
2495 9970 11085
9970 2495 11085
14523 5631 10363
10363 5631 14523
5631 10363 14523
10354 4476 6527
4476 6527 10354
6527 4476 10354
2484 8495 13086
8495 2484 13086
13086 2484 8495
12577 1324 3362
3362 1324 12577
1324 3362 12577
9079 9071 9971
9971 9071 9079
9071 9079 9971
14927 2642 14574
2642 14574 14927
14574 2642 14927
4002 8136 11276
11276 4002 8136
8136 4002 11276
12294 11533 13982
11533 12294 13982
13982 11533 12294
4139 12293 14895
14895 4139 12293
12293 4139 14895
11346 7194 14855
7194 11346 14855
14855 7194 11346
7484 4981 8341
8341 4981 7484
4981 7484 8341
12031 3551 8875
3551 8875 12031
8875 3551 12031
13490 6373 8504
8504 6373 13490
6373 8504 13490
1898 8802 9440
9440 1898 8802
8802 1898 9440
5061 4674 6925
6925 4674 5061
4674 5061 6925
10946 5831 11546
5831 10946 11546
11546 5831 10946
3180 5778 13439
13439 3180 5778
5778 3180 13439
9574 920 14626
920 9574 14626
14626 920 9574
2588 496 9718
496 2588 9718
9718 496 2588
2140 4791 8975
4791 2140 8975
8975 2140 4791
5715 11134 13537
11134 5715 13537
13537 5715 11134
1345 3448 10370
10370 1345 3448
3448 1345 10370
3121 2678 2952
2678 2952 3121
2952 2678 3121
2909 11679 14904
14904 2909 11679
11679 2909 14904
3763 4256 11452
4256 3763 11452
11452 3763 4256
1240 6686 14154
6686 1240 14154
14154 1240 6686
13297 8187 8949
8187 8949 13297
8949 8187 13297
6071 5648 12368
12368 5648 6071
5648 6071 12368
7762 5292 12127
5292 7762 12127
12127 5292 7762
8959 2742 13472
13472 2742 8959
2742 8959 13472
7049 790 6615
6615 790 7049
790 6615 7049
12502 5784 10430
10430 5784 12502
5784 10430 12502
6503 724 8534
724 6503 8534
8534 724 6503
13170 7476 9586
7476 9586 13170
9586 7476 13170
2137 1757 12881
12881 1757 2137
1757 2137 12881
1943 419 9085
9085 419 1943
419 1943 9085
5934 6768 11425
6768 5934 11425
11425 5934 6768
12110 617 10761
617 10761 12110
10761 617 12110
12517 5602 7026
5602 7026 12517
7026 5602 12517
806 5088 8771
5088 806 8771
8771 806 5088
8811 3738 4490
4490 3738 8811
3738 4490 8811
12287 4721 13176
4721 12287 13176
13176 4721 12287
8125 818 14192
818 8125 14192
14192 818 8125
3061 1058 9657
1058 3061 9657
9657 1058 3061
13774 9246 12714
12714 9246 13774
9246 12714 13774
14451 10000 12781
10000 12781 14451
12781 10000 14451
9734 9790 13706
9790 9734 13706
13706 9734 9790
10561 11264 12512
11264 10561 12512
12512 10561 11264
14951 1539 9351
9351 1539 14951
1539 9351 14951
11127 914 7955
914 7955 11127
7955 914 11127
11031 2802 7174
2802 7174 11031
7174 2802 11031
3820 8174 8776
8776 3820 8174
8174 3820 8776
9964 7095 7163
7163 7095 9964
7095 7163 9964
2753 12744 13795
13795 2753 12744
12744 2753 13795
6426 5599 9307
5599 6426 9307
9307 5599 6426
10698 13978 14511
14511 10698 13978
13978 10698 14511
12395 3169 9288
9288 3169 12395
3169 9288 12395
9232 4750 9988
4750 9232 9988
9988 4750 9232
5809 11148 11167
11148 5809 11167
11167 5809 11148
14214 10968 13285
13285 10968 14214
10968 13285 14214
6683 2706 9223
9223 2706 6683
2706 6683 9223
7421 1138 2913
1138 2913 7421
2913 1138 7421
9118 9176 14659
14659 9118 9176
9176 9118 14659
3088 1523 9416
9416 1523 3088
1523 3088 9416
8939 21 918
21 918 8939
918 21 8939
6657 12440 12542
12440 6657 12542
12542 6657 12440
9444 163 14669
14669 163 9444
163 9444 14669
2306 811 2234
2234 811 2306
811 2234 2306
290 4698 4712
4698 290 4712
4712 290 4698
3047 6295 6692
6692 3047 6295
6295 3047 6692
475 7957 9141
7957 475 9141
9141 475 7957
3826 317 5539
317 3826 5539
5539 317 3826
8757 29 123
123 29 8757
29 123 8757
12886 6840 10791
10791 6840 12886
6840 10791 12886
8028 10006 12176
10006 8028 12176
12176 8028 10006
13511 12874 13912
13912 12874 13511
12874 13511 13912
6244 5165 13298
13298 5165 6244
5165 6244 13298
2398 2093 4578
4578 2093 2398
2093 2398 4578
5343 9412 11066
11066 5343 9412
9412 5343 11066
11916 10530 13750
13750 10530 11916
10530 11916 13750
7193 7354 9942
9942 7193 7354
7354 7193 9942
7282 3159 11358
3159 7282 11358
11358 3159 7282
13763 683 14541
683 13763 14541
14541 683 13763
12489 786 14156
786 12489 14156
14156 786 12489
2239 5727 9210
5727 2239 9210
9210 2239 5727
6480 9736 14330
14330 6480 9736
9736 6480 14330
468 2095 13049
2095 468 13049
13049 468 2095
14612 3539 7988
3539 7988 14612
7988 3539 14612
2426 5738 11942
5738 2426 11942
11942 2426 5738
13569 10631 13928
13928 10631 13569
10631 13569 13928
4477 7689 9837
9837 4477 7689
7689 4477 9837
7368 237 4474
237 4474 7368
4474 237 7368
12718 7819 14186
14186 7819 12718
7819 12718 14186
13117 1956 12232
1956 12232 13117
12232 1956 13117
6473 8548 10067
8548 6473 10067
10067 6473 8548
3918 12181 12197
12197 3918 12181
12181 3918 12197
7408 8520 10935
10935 7408 8520
8520 7408 10935
14215 13693 14580
14580 13693 14215
13693 14215 14580
14794 3122 4196
4196 3122 14794
3122 4196 14794
9194 9660 12414
12414 9194 9660
9660 9194 12414
7909 3420 4445
4445 3420 7909
3420 4445 7909
1399 3592 6016
6016 1399 3592
3592 1399 6016
9188 10043 10877
10043 9188 10877
10877 9188 10043
4328 17 5384
17 4328 5384
5384 17 4328
4962 6986 14243
6986 4962 14243
14243 4962 6986
4593 2065 13321
2065 4593 13321
13321 2065 4593
14578 3622 13271
3622 13271 14578
13271 3622 14578
3829 769 10610
10610 769 3829
769 3829 10610
1730 9822 12136
12136 1730 9822
9822 1730 12136
2436 5854 9924
5854 2436 9924
9924 2436 5854
1516 8532 8595
8532 1516 8595
8595 1516 8532
9534 5762 7816
5762 7816 9534
7816 5762 9534
4852 1081 4183
1081 4183 4852
4183 1081 4852
9925 3358 6206
6206 3358 9925
3358 6206 9925
4187 612 14200
612 4187 14200
14200 612 4187
9897 1358 9102
9102 1358 9897
1358 9102 9897
449 9830 11010
11010 449 9830
9830 449 11010
14716 3664 14346
3664 14346 14716
14346 3664 14716
2020 3016 10861
10861 2020 3016
3016 2020 10861
6934 7612 14758
14758 6934 7612
7612 6934 14758
5063 3836 9539
3836 5063 9539
9539 3836 5063
8051 1815 4410
4410 1815 8051
1815 4410 8051
10247 9465 14461
9465 10247 14461
14461 9465 10247
4472 9584 10019
10019 4472 9584
9584 4472 10019
11225 6643 14062
14062 6643 11225
6643 11225 14062
1744 3057 3550
3057 1744 3550
3550 1744 3057
7742 9650 14897
14897 7742 9650
9650 7742 14897
13272 12134 12672
12134 12672 13272
12672 12134 13272
14354 11913 14456
14456 11913 14354
11913 14354 14456
11371 2901 8231
8231 2901 11371
2901 8231 11371
14730 1112 14074
14074 1112 14730
1112 14074 14730
9240 214 601
601 214 9240
214 601 9240
4775 408 6968
408 4775 6968
6968 408 4775
6566 11366 12277
11366 6566 12277
12277 6566 11366
8857 4248 5644
5644 4248 8857
4248 5644 8857
1177 6494 6848
6848 1177 6494
6494 1177 6848
8545 28 1948
28 1948 8545
1948 28 8545
7929 2173 7757
7757 2173 7929
2173 7757 7929
12871 5419 14710
14710 5419 12871
5419 12871 14710
8468 986 8131
986 8131 8468
8131 986 8468
9425 22 2940
22 2940 9425
2940 22 9425
1986 249 9838
249 1986 9838
9838 249 1986
2291 6599 8519
8519 2291 6599
6599 2291 8519
3528 11088 14953
14953 3528 11088
11088 3528 14953
2380 4029 11302
4029 2380 11302
11302 2380 4029
14387 891 5247
891 5247 14387
5247 891 14387
9885 3089 6356
6356 3089 9885
3089 6356 9885
10343 4278 9503
9503 4278 10343
4278 9503 10343
541 6198 8764
8764 541 6198
6198 541 8764
5501 937 1006
937 1006 5501
1006 937 5501
9916 8274 8886
8274 8886 9916
8886 8274 9916
3433 6061 10326
6061 3433 10326
10326 3433 6061
5629 5366 11337
5366 5629 11337
11337 5366 5629
4967 6963 7718
7718 4967 6963
6963 4967 7718
14862 11281 14071
11281 14071 14862
14071 11281 14862
13776 4804 6048
6048 4804 13776
4804 6048 13776
927 3011 7370
3011 927 7370
7370 927 3011
4560 3340 14776
14776 3340 4560
3340 4560 14776
1512 5125 5514
5514 1512 5125
5125 1512 5514
2646 6600 8856
6600 2646 8856
8856 2646 6600
481 898 5532
898 481 5532
5532 481 898
3791 4147 5844
5844 3791 4147
4147 3791 5844
4568 8104 13212
13212 4568 8104
8104 4568 13212
274 1266 8661
1266 274 8661
8661 274 1266
12739 2445 10879
10879 2445 12739
2445 10879 12739
12021 489 6805
489 6805 12021
6805 489 12021
11555 8263 10264
8263 10264 11555
10264 8263 11555
1988 8273 13862
8273 1988 13862
13862 1988 8273
7904 7910 12122
7910 7904 12122
12122 7904 7910
1840 1611 4645
1611 1840 4645
4645 1611 1840
9533 6383 7579
7579 6383 9533
6383 7579 9533
5435 3372 11985
3372 5435 11985
11985 3372 5435
14373 853 11645
11645 853 14373
853 11645 14373
2413 6606 8308
6606 2413 8308
8308 2413 6606
11102 3786 11707
11707 3786 11102
3786 11102 11707
208 9238 10894
9238 208 10894
10894 208 9238
9627 5947 8998
8998 5947 9627
5947 8998 9627
2993 6056 14539
14539 2993 6056
6056 2993 14539
2301 2228 3795
3795 2228 2301
2228 2301 3795
13248 618 7364
618 7364 13248
7364 618 13248
1097 6743 13885
13885 1097 6743
6743 1097 13885
7075 10111 11758
11758 7075 10111
10111 7075 11758
2147 2843 15000
15000 2147 2843
2843 2147 15000
3110 6341 12991
6341 3110 12991
12991 3110 6341
7162 1119 5825
1119 5825 7162
5825 1119 7162
3772 2970 12810
2970 3772 12810
12810 2970 3772
3723 10475 11169
11169 3723 10475
10475 3723 11169
3936 443 5200
5200 443 3936
443 3936 5200
4020 660 11693
660 4020 11693
11693 660 4020
10346 2985 7272
7272 2985 10346
2985 7272 10346
10452 7695 13850
7695 10452 13850
13850 7695 10452
4006 8359 9706
9706 4006 8359
8359 4006 9706
8063 5060 11928
11928 5060 8063
5060 8063 11928
9187 580 4940
580 4940 9187
4940 580 9187
11411 10352 13483
13483 10352 11411
10352 11411 13483
13040 1059 5748
1059 5748 13040
5748 1059 13040
10025 13263 13482
13482 10025 13263
13263 10025 13482
14509 309 2560
2560 309 14509
309 2560 14509
1834 327 3619
327 1834 3619
3619 327 1834
1153 32 10245
32 1153 10245
10245 32 1153
10339 1924 2522
2522 1924 10339
1924 2522 10339
7160 524 4534
4534 524 7160
524 4534 7160
12448 2865 6528
2865 6528 12448
6528 2865 12448
8147 6120 13861
13861 6120 8147
6120 8147 13861
13173 11570 14222
11570 13173 14222
14222 11570 13173
5769 4948 13675
4948 5769 13675
13675 4948 5769
5699 6811 13421
6811 5699 13421
13421 5699 6811
980 7313 14814
14814 980 7313
7313 980 14814
6201 5426 11061
5426 6201 11061
11061 5426 6201
5654 1870 9506
1870 5654 9506
9506 1870 5654
12815 11609 12058
11609 12058 12815
12058 11609 12815
13013 8816 10898
10898 8816 13013
8816 10898 13013
930 847 8209
847 930 8209
8209 847 930
809 2526 9290
2526 809 9290
9290 809 2526
13739 7112 7143
7143 7112 13739
7112 7143 13739
8969 4837 14046
4837 8969 14046
14046 4837 8969
4450 3996 5900
5900 3996 4450
3996 4450 5900
536 2809 6239
6239 536 2809
2809 536 6239
7014 1290 2162
2162 1290 7014
1290 2162 7014
9863 4998 9304
9304 4998 9863
4998 9304 9863
10038 6521 7624
7624 6521 10038
6521 7624 10038
14890 6730 8656
8656 6730 14890
6730 8656 14890
5219 2125 14825
14825 2125 5219
2125 5219 14825
12765 4013 13119
13119 4013 12765
4013 12765 13119
3017 2613 3755
3755 2613 3017
2613 3017 3755
14538 9235 9423
9235 9423 14538
9423 9235 14538
13457 7323 14103
14103 7323 13457
7323 13457 14103
1151 3521 4401
3521 1151 4401
4401 1151 3521
2139 5723 10739
10739 2139 5723
5723 2139 10739
7223 1992 14641
1992 7223 14641
14641 1992 7223
9935 1211 3262
1211 3262 9935
3262 1211 9935
13718 4224 10036
10036 4224 13718
4224 10036 13718
13632 6486 8179
6486 8179 13632
8179 6486 13632
7797 2698 12583
2698 7797 12583
12583 2698 7797
6429 9156 12746
12746 6429 9156
9156 6429 12746
8456 7195 10668
7195 8456 10668
10668 7195 8456
12995 1128 5953
1128 5953 12995
5953 1128 12995
3214 11593 12188
11593 3214 12188
12188 3214 11593
8038 6872 10685
10685 6872 8038
6872 8038 10685
12515 1004 9652
1004 9652 12515
9652 1004 12515
7586 2298 2566
2566 2298 7586
2298 2566 7586
1459 6906 13634
6906 1459 13634
13634 1459 6906
7120 277 12383
12383 277 7120
277 7120 12383
12390 2026 14213
14213 2026 12390
2026 12390 14213
10618 8408 9772
9772 8408 10618
8408 9772 10618
4587 4788 9522
9522 4587 4788
4788 4587 9522
257 8354 9540
9540 257 8354
8354 257 9540
14762 3864 14550
3864 14550 14762
14550 3864 14762
10280 7961 9362
9362 7961 10280
7961 9362 10280
10688 9047 14158
9047 10688 14158
14158 9047 10688
392 10970 11304
10970 392 11304
11304 392 10970
14689 13206 13910
13206 13910 14689
13910 13206 14689
13962 4974 10273
10273 4974 13962
4974 10273 13962
9217 6119 13453
6119 9217 13453
13453 6119 9217
13671 6616 13525
13525 6616 13671
6616 13525 13671
12522 2019 14517
2019 12522 14517
14517 2019 12522
9745 1729 12944
1729 9745 12944
12944 1729 9745
7519 3639 13096
3639 7519 13096
13096 3639 7519
14610 4448 9558
4448 9558 14610
9558 4448 14610
11695 3542 7845
7845 3542 11695
3542 7845 11695
7130 6579 12514
6579 7130 12514
12514 6579 7130
10560 2541 10950
2541 10560 10950
10950 2541 10560
7434 2605 5299
2605 5299 7434
5299 2605 7434
5441 1635 9155
1635 5441 9155
9155 1635 5441
7518 2919 13649
13649 2919 7518
2919 7518 13649
1947 1288 5956
5956 1288 1947
1288 1947 5956
1077 9549 12148
9549 1077 12148
12148 1077 9549
12184 5187 6937
6937 5187 12184
5187 6937 12184
4934 4138 4191
4191 4138 4934
4138 4191 4934
916 44 9877
9877 44 916
44 916 9877
13463 3591 6920
3591 6920 13463
6920 3591 13463
8734 11198 13916
13916 8734 11198
11198 8734 13916
7206 3321 11813
11813 3321 7206
3321 7206 11813
9114 709 12573
709 9114 12573
12573 709 9114
3981 2774 13805
2774 3981 13805
13805 2774 3981
5203 11887 14571
14571 5203 11887
11887 5203 14571
7039 7887 10666
7887 7039 10666
10666 7039 7887
5721 3978 10434
10434 3978 5721
3978 5721 10434
775 823 830
823 775 830
830 775 823
7576 553 11563
11563 553 7576
553 7576 11563
14241 4748 8277
4748 8277 14241
8277 4748 14241
9981 5261 6010
5261 6010 9981
6010 5261 9981
5392 2785 10856
10856 2785 5392
2785 5392 10856
3457 7419 9990
7419 3457 9990
9990 3457 7419
13749 7136 8883
7136 8883 13749
8883 7136 13749
3758 10011 13370
10011 3758 13370
13370 3758 10011
2457 5927 8988
5927 2457 8988
8988 2457 5927
12365 2615 7175
2615 7175 12365
7175 2615 12365
8710 6915 7280
6915 7280 8710
7280 6915 8710
91 6793 14030
14030 91 6793
6793 91 14030
157 4090 11540
4090 157 11540
11540 157 4090
12966 11265 11732
11265 11732 12966
11732 11265 12966
2038 10600 11005
10600 2038 11005
11005 2038 10600
4327 9797 12947
12947 4327 9797
9797 4327 12947
12259 9159 10676
9159 10676 12259
10676 9159 12259
1726 8847 9032
8847 1726 9032
9032 1726 8847
14725 2543 10309
10309 2543 14725
2543 10309 14725
10417 889 10470
10470 889 10417
889 10417 10470
13270 11286 12909
12909 11286 13270
11286 12909 13270
731 10 11870
11870 10 731
10 731 11870
12506 6442 14263
14263 6442 12506
6442 12506 14263
11117 1887 12476
1887 11117 12476
12476 1887 11117
8099 2762 14727
2762 8099 14727
14727 2762 8099
199 1020 1352
1352 199 1020
1020 199 1352
3553 13054 13592
13054 3553 13592
13592 3553 13054
12093 6018 7381
6018 7381 12093
7381 6018 12093
6135 2332 2623
2623 2332 6135
2332 2623 6135
13966 6417 10001
10001 6417 13966
6417 10001 13966
13624 2664 7074
2664 7074 13624
7074 2664 13624
14924 11483 14551
14551 11483 14924
11483 14551 14924
12945 6946 10255
6946 10255 12945
10255 6946 12945
11507 7504 10432
10432 7504 11507
7504 10432 11507
11347 3519 8673
8673 3519 11347
3519 8673 11347
2170 4023 12910
12910 2170 4023
4023 2170 12910
6290 5496 6981
5496 6290 6981
6981 5496 6290
10101 2254 3823
3823 2254 10101
2254 3823 10101
11481 5527 6710
5527 6710 11481
6710 5527 11481
4749 4322 11777
4322 4749 11777
11777 4322 4749
2016 3638 13614
13614 2016 3638
3638 2016 13614
1521 6089 12806
12806 1521 6089
6089 1521 12806
13737 7763 10936
10936 7763 13737
7763 10936 13737
2184 866 4640
866 2184 4640
4640 866 2184
5268 9757 14112
9757 5268 14112
14112 5268 9757
11660 2066 14568
2066 11660 14568
14568 2066 11660
12230 6287 10389
6287 10389 12230
10389 6287 12230
111 4597 11365
4597 111 11365
11365 111 4597
13825 7076 13520
13520 7076 13825
7076 13520 13825
11614 8620 10380
10380 8620 11614
8620 10380 11614
7790 5208 8641
5208 7790 8641
8641 5208 7790
848 6353 9148
9148 848 6353
6353 848 9148
5848 3770 6785
6785 3770 5848
3770 5848 6785
11763 6005 13292
13292 6005 11763
6005 11763 13292
14899 1721 1825
1825 1721 14899
1721 1825 14899
9343 11595 12895
11595 9343 12895
12895 9343 11595
14259 8697 13474
13474 8697 14259
8697 13474 14259
12551 187 7348
187 7348 12551
7348 187 12551
14333 6820 9804
9804 6820 14333
6820 9804 14333
14406 2477 8758
2477 8758 14406
8758 2477 14406
11465 5628 10564
10564 5628 11465
5628 10564 11465
5642 2458 9641
2458 5642 9641
9641 2458 5642
2122 6619 13619
6619 2122 13619
13619 2122 6619
6057 6113 9222
6113 6057 9222
9222 6057 6113
675 15 12246
12246 15 675
15 675 12246
13259 1120 8824
8824 1120 13259
1120 8824 13259
4605 3515 3872
3515 3872 4605
3872 3515 4605
2330 5614 10208
5614 2330 10208
10208 2330 5614
11641 10419 11216
10419 11216 11641
11216 10419 11641
14318 6456 13205
6456 13205 14318
13205 6456 14318
313 1124 10866
1124 313 10866
10866 313 1124
12988 9496 12035
9496 12035 12988
12035 9496 12988
8895 2037 6586
2037 6586 8895
6586 2037 8895
12426 3531 4343
3531 4343 12426
4343 3531 12426
10495 412 4689
4689 412 10495
412 4689 10495
5039 7815 9622
7815 5039 9622
9622 5039 7815
13504 551 5812
551 5812 13504
5812 551 13504
13029 5747 10607
10607 5747 13029
5747 10607 13029
6832 7698 14208
7698 6832 14208
14208 6832 7698
9447 205 1380
205 1380 9447
1380 205 9447
11731 4832 12303
4832 11731 12303
12303 4832 11731
6777 2758 8849
2758 6777 8849
8849 2758 6777
11092 2895 8677
8677 2895 11092
2895 8677 11092
9333 1753 1928
1928 1753 9333
1753 1928 9333
12346 1148 3965
3965 1148 12346
1148 3965 12346
4331 10357 14284
10357 4331 14284
14284 4331 10357
4898 54 7587
7587 54 4898
54 4898 7587
8855 7771 8450
8450 7771 8855
7771 8450 8855
12605 1664 7640
1664 7640 12605
7640 1664 12605
14278 6532 8123
6532 8123 14278
8123 6532 14278
6704 8255 13184
13184 6704 8255
8255 6704 13184
8628 8266 12120
8266 8628 12120
12120 8266 8628
14755 1878 6481
6481 1878 14755
1878 6481 14755
3825 4683 5216
5216 3825 4683
4683 3825 5216
9248 8246 13468
13468 8246 9248
8246 9248 13468
12680 1187 7932
7932 1187 12680
1187 7932 12680
1021 35 6477
35 1021 6477
6477 35 1021
10387 10796 12490
10796 10387 12490
12490 10387 10796
7804 748 10624
10624 748 7804
748 7804 10624
2476 4016 12850
4016 2476 12850
12850 2476 4016
12601 929 11572
11572 929 12601
929 11572 12601
1222 10093 12928
12928 1222 10093
10093 1222 12928
9761 614 6871
614 6871 9761
6871 614 9761
14505 5230 6455
5230 6455 14505
6455 5230 14505
1276 8339 12079
12079 1276 8339
8339 1276 12079
13434 7011 14974
14974 7011 13434
7011 13434 14974
12615 43 10772
43 10772 12615
10772 43 12615
14467 6940 11994
11994 6940 14467
6940 11994 14467
14075 2083 6256
6256 2083 14075
2083 6256 14075
11480 3525 4687
3525 4687 11480
4687 3525 11480
3984 10759 12667
12667 3984 10759
10759 3984 12667
3355 6101 10599
10599 3355 6101
6101 3355 10599
733 5354 10886
10886 733 5354
5354 733 10886
12137 2084 3828
3828 2084 12137
2084 3828 12137
5124 674 5576
5576 674 5124
674 5124 5576
8794 4228 7126
4228 7126 8794
7126 4228 8794
6651 5645 13312
13312 5645 6651
5645 6651 13312
8017 5387 7721
7721 5387 8017
5387 7721 8017
12402 4307 14080
14080 4307 12402
4307 12402 14080
6181 1373 5523
5523 1373 6181
1373 5523 6181
8647 114 2001
114 2001 8647
2001 114 8647
7590 3609 14117
3609 7590 14117
14117 3609 7590
13652 3041 4755
4755 3041 13652
3041 4755 13652
466 184 13235
13235 184 466
184 466 13235
9515 1493 11397
1493 9515 11397
11397 1493 9515
393 2243 13609
2243 393 13609
13609 393 2243
14169 2949 5143
2949 5143 14169
5143 2949 14169
6974 3578 11174
3578 6974 11174
11174 3578 6974
8785 9552 12422
12422 8785 9552
9552 8785 12422
4393 1996 9583
9583 1996 4393
1996 4393 9583
3336 2153 6138
6138 2153 3336
2153 3336 6138
12584 3470 11412
11412 3470 12584
3470 11412 12584
6355 302 11809
302 6355 11809
11809 302 6355
9561 3258 3527
3527 3258 9561
3258 3527 9561
1462 3932 6367
3932 1462 6367
6367 1462 3932
4564 989 6723
989 4564 6723
6723 989 4564
4370 7712 12920
12920 4370 7712
7712 4370 12920
5697 11725 12289
11725 5697 12289
12289 5697 11725
1642 3902 14933
14933 1642 3902
3902 1642 14933
9172 8585 11790
8585 9172 11790
11790 8585 9172
4774 2902 7825
2902 4774 7825
7825 2902 4774
9559 5309 8330
5309 8330 9559
8330 5309 9559
9920 10485 11097
11097 9920 10485
10485 9920 11097
7452 1683 2632
1683 2632 7452
2632 1683 7452
9022 3093 7232
3093 7232 9022
7232 3093 9022
11523 1342 9991
9991 1342 11523
1342 9991 11523
10500 4050 10322
10322 4050 10500
4050 10322 10500
4839 11078 14028
14028 4839 11078
11078 4839 14028
6147 1039 10778
1039 6147 10778
10778 1039 6147
1769 1946 13358
1946 1769 13358
13358 1769 1946
4137 12538 13424
12538 4137 13424
13424 4137 12538
88 1583 7740
7740 88 1583
1583 88 7740
6407 1817 9905
9905 1817 6407
1817 6407 9905
13326 625 5751
5751 625 13326
625 5751 13326
6141 5646 7900
5646 6141 7900
7900 5646 6141
10924 6544 9610
9610 6544 10924
6544 9610 10924
11354 9299 9989
9989 9299 11354
9299 9989 11354
1198 1110 7544
1110 1198 7544
7544 1110 1198
7736 10807 11619
11619 7736 10807
10807 7736 11619
3259 6640 8406
8406 3259 6640
6640 3259 8406
4880 6416 8245
6416 4880 8245
8245 4880 6416
1597 7528 12842
7528 1597 12842
12842 1597 7528
1170 2958 7795
2958 1170 7795
7795 1170 2958
4672 6352 8989
8989 4672 6352
6352 4672 8989
4185 736 5688
5688 736 4185
736 4185 5688
6310 6675 12119
12119 6310 6675
6675 6310 12119
14165 1056 12525
12525 1056 14165
1056 12525 14165
3479 2945 12501
12501 2945 3479
2945 3479 12501
6252 11788 14646
11788 6252 14646
14646 6252 11788
5685 7470 8355
7470 5685 8355
8355 5685 7470
7602 3307 3681
3307 3681 7602
3681 3307 7602
6677 1665 2069
2069 1665 6677
1665 2069 6677
7003 4238 13075
13075 4238 7003
4238 7003 13075
11004 3308 9977
3308 9977 11004
9977 3308 11004
9699 4262 7664
7664 4262 9699
4262 7664 9699
14425 4741 13565
13565 4741 14425
4741 13565 14425
3905 2000 6157
