1476 7733 12963
7733 1476 12963
12963 1476 7733
1558 7301 14567
14567 1558 7301
7301 1558 14567
11815 1803 14224
1803 11815 14224
14224 1803 11815
12858 4115 14838
4115 12858 14838
14838 4115 12858
10331 280 6267
6267 280 10331
280 6267 10331
4902 4441 7266
4441 4902 7266
7266 4441 4902
13195 3296 14724
14724 3296 13195
3296 13195 14724
1210 1065 3226
3226 1065 1210
1065 1210 3226
1538 2959 11753
2959 1538 11753
11753 1538 2959
12437 3869 9629
3869 9629 12437
9629 3869 12437
12512 9856 9864
9864 9856 12512
9856 9864 12512
5618 2650 10503
2650 5618 10503
10503 2650 5618
11400 4903 6020
4903 6020 11400
6020 4903 11400
12796 3147 7695
7695 3147 12796
3147 7695 12796
2923 2823 5085
2823 2923 5085
5085 2823 2923
1434 3683 12771
3683 1434 12771
12771 1434 3683
11115 6274 13768
13768 6274 11115
6274 11115 13768
13913 11401 11697
11697 11401 13913
11401 11697 13913
3847 3350 4306
3350 3847 4306
4306 3350 3847
14635 4552 4601
4552 4601 14635
4601 4552 14635
14426 183 8397
8397 183 14426
183 8397 14426
12958 5433 14463
14463 5433 12958
5433 12958 14463
9926 3685 10540
10540 3685 9926
3685 9926 10540
10859 878 7712
878 7712 10859
7712 878 10859
6593 10277 14704
14704 6593 10277
10277 6593 14704
13120 11030 13711
11030 13120 13711
13711 11030 13120
1742 4690 7037
4690 1742 7037
7037 1742 4690
9048 4055 4751
4751 4055 9048
4055 4751 9048
11239 438 6370
6370 438 11239
438 6370 11239
3237 2498 8846
8846 2498 3237
2498 3237 8846
1542 2831 5988
2831 1542 5988
5988 1542 2831
5651 1734 7760
1734 5651 7760
7760 1734 5651
8814 2990 5961
2990 5961 8814
5961 2990 8814
11330 66 7797
66 7797 11330
7797 66 11330
1257 10268 10484
10268 1257 10484
10484 1257 10268
2098 6886 12101
12101 2098 6886
6886 2098 12101
2567 8490 11164
11164 2567 8490
8490 2567 11164
8392 751 7868
751 7868 8392
7868 751 8392
4059 5864 11282
11282 4059 5864
5864 4059 11282
2370 6535 10635
6535 2370 10635
10635 2370 6535
1552 5484 9096
9096 1552 5484
5484 1552 9096
9600 5209 7632
7632 5209 9600
5209 7632 9600
8516 4089 11895
4089 8516 11895
11895 4089 8516
10449 787 8835
787 8835 10449
8835 787 10449
3747 6051 8079
6051 3747 8079
8079 3747 6051
9699 10850 11444
11444 9699 10850
10850 9699 11444
13710 2677 14444
14444 2677 13710
2677 13710 14444
909 722 2989
2989 722 909
722 909 2989
1227 8964 13975
13975 1227 8964
8964 1227 13975
319 2421 4346
4346 319 2421
2421 319 4346
3725 9850 12940
9850 3725 12940
12940 3725 9850
23 10171 14949
14949 23 10171
10171 23 14949
278 915 5076
5076 278 915
915 278 5076
241 10591 12130
10591 241 12130
12130 241 10591
7357 6202 14369
14369 6202 7357
6202 7357 14369
2398 4510 8020
4510 2398 8020
8020 2398 4510
6085 6178 12135
6178 6085 12135
12135 6085 6178
7716 3097 8730
3097 7716 8730
8730 3097 7716
12505 8696 13657
13657 8696 12505
8696 12505 13657
9179 6217 11221
11221 6217 9179
6217 9179 11221
14179 11806 13583
11806 13583 14179
13583 11806 14179
11227 8036 8284
8036 8284 11227
8284 8036 11227
9831 1865 7431
7431 1865 9831
1865 7431 9831
1042 2449 10638
10638 1042 2449
2449 1042 10638
8520 1760 9107
9107 1760 8520
1760 8520 9107
12238 6308 14678
14678 6308 12238
6308 12238 14678
6329 2588 12173
12173 2588 6329
2588 6329 12173
13586 214 2517
2517 214 13586
214 2517 13586
2339 11801 12046
12046 2339 11801
11801 2339 12046
4567 691 2558
2558 691 4567
691 2558 4567
9503 3877 13087
3877 9503 13087
13087 3877 9503
865 1241 13591
1241 865 13591
13591 865 1241
5291 273 11594
11594 273 5291
273 5291 11594
1073 3569 8136
8136 1073 3569
3569 1073 8136
7410 4724 7795
4724 7410 7795
7795 4724 7410
449 2029 14142
14142 449 2029
2029 449 14142
6275 9348 11504
11504 6275 9348
9348 6275 11504
14916 11962 14202
14202 11962 14916
11962 14202 14916
453 3576 10330
3576 453 10330
10330 453 3576
11496 89 13944
89 11496 13944
13944 89 11496
3117 827 13362
13362 827 3117
827 3117 13362
3843 6788 11072
6788 3843 11072
11072 3843 6788
12411 4051 10139
10139 4051 12411
4051 10139 12411
10754 322 12358
322 10754 12358
12358 322 10754
11920 5488 7409
7409 5488 11920
5488 7409 11920
1566 11570 13924
13924 1566 11570
11570 1566 13924
12708 3970 10506
10506 3970 12708
3970 10506 12708
602 12920 14679
12920 602 14679
14679 602 12920
1916 11071 13801
13801 1916 11071
11071 1916 13801
2891 6436 9796
6436 2891 9796
9796 2891 6436
7454 262 9450
9450 262 7454
262 7454 9450
3052 924 7903
7903 924 3052
924 3052 7903
10111 13207 13771
13207 10111 13771
13771 10111 13207
10752 7066 8134
8134 7066 10752
7066 8134 10752
3341 12 5564
12 3341 5564
5564 12 3341
10508 5454 7726
7726 5454 10508
5454 7726 10508
2072 6382 14289
6382 2072 14289
14289 2072 6382
14951 5782 13317
13317 5782 14951
5782 13317 14951
2901 4916 9910
4916 2901 9910
9910 2901 4916
9098 1060 10656
10656 1060 9098
1060 9098 10656
10776 4971 13484
4971 10776 13484
13484 4971 10776
3352 5964 11704
5964 3352 11704
11704 3352 5964
5492 5672 14581
14581 5492 5672
5672 5492 14581
7174 581 7637
581 7174 7637
7637 581 7174
1565 3631 12128
3631 1565 12128
12128 1565 3631
239 10136 13159
10136 239 13159
13159 239 10136
3175 5941 10565
5941 3175 10565
10565 3175 5941
3047 3021 14709
3021 3047 14709
14709 3021 3047
9182 5607 5959
5959 5607 9182
5607 5959 9182
6189 660 4546
660 4546 6189
4546 660 6189
6172 4094 11685
4094 6172 11685
11685 4094 6172
11356 277 12797
277 11356 12797
12797 277 11356
6534 3603 7721
3603 6534 7721
7721 3603 6534
6765 3625 5957
5957 3625 6765
3625 5957 6765
6106 8396 8492
8492 6106 8396
8396 6106 8492
9259 1057 5281
5281 1057 9259
1057 5281 9259
13936 6116 14264
6116 13936 14264
14264 6116 13936
5786 305 2148
305 2148 5786
2148 305 5786
12684 1273 8905
8905 1273 12684
1273 8905 12684
13123 177 5613
177 5613 13123
5613 177 13123
12331 12197 13522
13522 12197 12331
12197 12331 13522
7521 5301 14468
5301 7521 14468
14468 5301 7521
3183 26 1812
26 1812 3183
1812 26 3183
6457 817 4915
4915 817 6457
817 4915 6457
7220 3759 4622
3759 4622 7220
4622 3759 7220
14243 1183 13608
1183 13608 14243
13608 1183 14243
1365 10757 11782
11782 1365 10757
10757 1365 11782
93 168 10084
10084 93 168
168 93 10084
9024 1550 6371
1550 6371 9024
6371 1550 9024
6706 3700 5552
5552 3700 6706
3700 5552 6706
10365 10775 13970
10775 10365 13970
13970 10365 10775
3079 2593 7663
7663 2593 3079
2593 3079 7663
10673 12425 14169
12425 10673 14169
14169 10673 12425
13211 6072 8523
8523 6072 13211
6072 8523 13211
11459 1469 1796
1796 1469 11459
1469 1796 11459
690 275 10944
275 690 10944
10944 275 690
4892 312 8652
312 4892 8652
8652 312 4892
14819 9728 13135
13135 9728 14819
9728 13135 14819
12945 4990 12507
4990 12507 12945
12507 4990 12945
13616 8410 11593
8410 11593 13616
11593 8410 13616
14302 1555 13121
1555 13121 14302
13121 1555 14302
5599 12613 13349
13349 5599 12613
12613 5599 13349
13656 9932 14589
9932 13656 14589
14589 9932 13656
8068 5984 7510
7510 5984 8068
5984 7510 8068
6827 5601 8687
8687 5601 6827
5601 6827 8687
4688 3431 9424
3431 4688 9424
9424 3431 4688
1793 5430 10080
10080 1793 5430
5430 1793 10080
2573 5794 13492
13492 2573 5794
5794 2573 13492
14689 5179 11661
11661 5179 14689
5179 11661 14689
8229 5221 13187
13187 5221 8229
5221 8229 13187
2485 3367 11434
11434 2485 3367
3367 2485 11434
1398 3713 12273
12273 1398 3713
3713 1398 12273
12225 4845 10489
10489 4845 12225
4845 10489 12225
13271 4811 13639
13639 4811 13271
4811 13271 13639
10914 378 9395
9395 378 10914
378 9395 10914
12157 684 2745
684 2745 12157
2745 684 12157
14744 5186 6269
5186 6269 14744
6269 5186 14744
2838 3343 6594
3343 2838 6594
6594 2838 3343
10830 526 3813
3813 526 10830
526 3813 10830
8977 6215 6715
6715 6215 8977
6215 6715 8977
10856 12506 12673
12673 10856 12506
12506 10856 12673
12125 1826 13342
13342 1826 12125
1826 12125 13342
1034 3646 11122
3646 1034 11122
11122 1034 3646
3111 226 9541
9541 226 3111
226 3111 9541
13228 7818 12330
12330 7818 13228
7818 12330 13228
6739 13021 14627
14627 6739 13021
13021 6739 14627
9489 3191 14068
14068 3191 9489
3191 9489 14068
13151 959 5358
5358 959 13151
959 5358 13151
2683 9041 11734
9041 2683 11734
11734 2683 9041
10269 5579 10439
10439 5579 10269
5579 10269 10439
10896 6182 14621
14621 6182 10896
6182 10896 14621
3178 1668 10751
10751 1668 3178
1668 3178 10751
9865 9976 10876
10876 9865 9976
9976 9865 10876
3081 334 13209
334 3081 13209
13209 334 3081
7445 785 6013
6013 785 7445
785 6013 7445
4282 8898 10763
10763 4282 8898
8898 4282 10763
11997 2266 4716
2266 4716 11997
4716 2266 11997
12527 3359 12360
3359 12360 12527
12360 3359 12527
11331 3109 7345
7345 3109 11331
3109 7345 11331
3435 4060 4858
4060 3435 4858
4858 3435 4060
2187 742 6838
6838 742 2187
742 2187 6838
2114 5503 9188
5503 2114 9188
9188 2114 5503
13077 1913 6589
6589 1913 13077
1913 6589 13077
6741 9397 13199
9397 6741 13199
13199 6741 9397
8872 3224 6505
6505 3224 8872
3224 6505 8872
12279 12882 13445
12882 12279 13445
13445 12279 12882
5792 2162 6066
2162 5792 6066
6066 2162 5792
685 9576 13638
9576 685 13638
13638 685 9576
10256 10 13902
10 10256 13902
13902 10 10256
8918 1019 6170
1019 6170 8918
6170 1019 8918
11834 9931 11524
9931 11524 11834
11524 9931 11834
11391 8961 10616
8961 10616 11391
10616 8961 11391
8796 941 8037
8037 941 8796
941 8037 8796
3881 4261 4373
4373 3881 4261
4261 3881 4373
13861 963 3379
963 3379 13861
3379 963 13861
9155 12114 12817
12817 9155 12114
12114 9155 12817
11978 1037 3240
3240 1037 11978
1037 3240 11978
9673 5323 10646
10646 5323 9673
5323 9673 10646
9777 10756 13686
10756 9777 13686
13686 9777 10756
11727 7947 9154
7947 9154 11727
9154 7947 11727
9986 11869 13545
11869 9986 13545
13545 9986 11869
2212 1612 5522
1612 2212 5522
5522 1612 2212
14101 3092 8349
8349 3092 14101
3092 8349 14101
10382 560 11017
11017 560 10382
560 10382 11017
6327 2865 13570
2865 6327 13570
13570 2865 6327
6634 7088 8255
7088 6634 8255
8255 6634 7088
13496 534 8052
8052 534 13496
534 8052 13496
12674 7877 11558
11558 7877 12674
7877 11558 12674
10181 6807 7804
6807 7804 10181
7804 6807 10181
4808 6686 7471
7471 4808 6686
6686 4808 7471
5208 2651 14654
2651 5208 14654
14654 2651 5208
8025 7019 10867
7019 8025 10867
10867 7019 8025
7988 9774 12063
9774 7988 12063
12063 7988 9774
2141 11580 12422
12422 2141 11580
11580 2141 12422
12778 3120 8549
8549 3120 12778
3120 8549 12778
6884 7677 13064
7677 6884 13064
13064 6884 7677
2843 7574 8252
8252 2843 7574
7574 2843 8252
8561 3619 13551
13551 3619 8561
3619 8561 13551
12253 73 5818
73 5818 12253
5818 73 12253
9295 4044 10737
4044 9295 10737
10737 4044 9295
5842 9225 9437
9225 5842 9437
9437 5842 9225
1013 9415 10452
10452 1013 9415
9415 1013 10452
7196 3192 4281
4281 3192 7196
3192 4281 7196
238 628 10438
628 238 10438
10438 238 628
14652 429 13742
429 13742 14652
13742 429 14652
7723 11088 14404
14404 7723 11088
11088 7723 14404
9946 3738 12849
12849 3738 9946
3738 9946 12849
1787 4469 6714
6714 1787 4469
4469 1787 6714
8103 5165 8379
5165 8103 8379
8379 5165 8103
1627 10820 12419
10820 1627 12419
12419 1627 10820
11541 1223 1587
1587 1223 11541
1223 1587 11541
6943 2543 5485
2543 5485 6943
5485 2543 6943
5834 5207 9198
9198 5207 5834
5207 5834 9198
1706 2203 8939
8939 1706 2203
2203 1706 8939
14830 1747 4711
1747 4711 14830
4711 1747 14830
13111 8330 11754
8330 11754 13111
11754 8330 13111
3861 6997 8176
8176 3861 6997
6997 3861 8176
7167 8096 11720
11720 7167 8096
8096 7167 11720
374 2041 9525
2041 374 9525
9525 374 2041
1354 1947 8975
1947 1354 8975
8975 1354 1947
3339 6110 9790
6110 3339 9790
9790 3339 6110
12228 9574 14239
9574 12228 14239
14239 9574 12228
11841 1162 10206
10206 1162 11841
1162 10206 11841
5534 3586 8745
8745 3586 5534
3586 5534 8745
10894 667 12048
12048 667 10894
667 10894 12048
2770 8101 12385
8101 2770 12385
12385 2770 8101
911 5664 7596
5664 911 7596
7596 911 5664
6119 4103 6050
6050 4103 6119
4103 6050 6119
1871 1420 5761
5761 1420 1871
1420 1871 5761
10396 7819 10270
10270 7819 10396
7819 10270 10396
4805 6162 9596
9596 4805 6162
6162 4805 9596
12880 11991 12753
12753 11991 12880
11991 12753 12880
10736 467 8338
8338 467 10736
467 8338 10736
4519 970 10814
10814 970 4519
970 4519 10814
7105 10369 13587
10369 7105 13587
13587 7105 10369
12723 496 5437
496 5437 12723
5437 496 12723
6540 1400 13982
1400 6540 13982
13982 1400 6540
3623 5298 6254
6254 3623 5298
5298 3623 6254
11977 4632 13142
4632 11977 13142
13142 4632 11977
5336 7314 14795
7314 5336 14795
14795 5336 7314
8725 3674 11407
3674 8725 11407
11407 3674 8725
3911 9043 11840
9043 3911 11840
11840 3911 9043
4018 2519 8087
8087 2519 4018
2519 4018 8087
12886 5701 11588
11588 5701 12886
5701 11588 12886
13517 1891 2587
2587 1891 13517
1891 2587 13517
3377 4660 6234
4660 3377 6234
6234 3377 4660
13230 10760 11760
10760 11760 13230
11760 10760 13230
8429 1038 13310
1038 8429 13310
13310 1038 8429
855 6019 11696
11696 855 6019
6019 855 11696
2223 627 11325
11325 627 2223
627 2223 11325
6393 6916 7990
7990 6393 6916
6916 6393 7990
12740 11065 14734
14734 11065 12740
11065 12740 14734
1629 3614 5821
5821 1629 3614
3614 1629 5821
9451 11039 13025
13025 9451 11039
11039 9451 13025
2559 375 10619
375 2559 10619
10619 375 2559
5035 10043 10061
10043 5035 10061
10061 5035 10043
6588 11185 14241
11185 6588 14241
14241 6588 11185
2598 6061 14008
14008 2598 6061
6061 2598 14008
5530 2225 14395
14395 2225 5530
2225 5530 14395
2860 6440 10557
6440 2860 10557
10557 2860 6440
11904 3274 7884
7884 3274 11904
3274 7884 11904
8443 8616 13600
13600 8443 8616
8616 8443 13600
10837 3736 6198
3736 6198 10837
6198 3736 10837
13541 7494 9231
7494 9231 13541
9231 7494 13541
5206 3731 11717
3731 5206 11717
11717 3731 5206
8648 297 2877
2877 297 8648
297 2877 8648
6816 3662 12084
12084 3662 6816
3662 6816 12084
9610 3554 13444
13444 3554 9610
3554 9610 13444
12355 7054 13977
7054 12355 13977
13977 7054 12355
4178 2036 14859
14859 2036 4178
2036 4178 14859
3921 8127 10958
8127 3921 10958
10958 3921 8127
7038 5689 14712
5689 7038 14712
14712 5689 7038
9330 9213 11313
9213 9330 11313
11313 9213 9330
8409 3201 5756
5756 3201 8409
3201 5756 8409
129 1 980
980 1 129
1 129 980
3905 4318 11140
11140 3905 4318
4318 3905 11140
7286 331 5051
5051 331 7286
331 5051 7286
11964 7580 13925
13925 7580 11964
7580 11964 13925
7318 2103 8485
8485 2103 7318
2103 7318 8485
8169 8232 11708
8232 8169 11708
11708 8169 8232
9859 1954 11527
1954 9859 11527
11527 1954 9859
14605 2939 12964
12964 2939 14605
2939 12964 14605
862 7434 7744
7434 862 7744
7744 862 7434
9652 10332 11961
10332 9652 11961
11961 9652 10332
6504 6330 6372
6330 6372 6504
6372 6330 6504
3199 5273 9868
5273 3199 9868
9868 3199 5273
2201 2475 7084
2475 2201 7084
7084 2201 2475
1495 1813 6088
6088 1495 1813
1813 1495 6088
3652 3297 6606
3297 3652 6606
6606 3297 3652
3446 10451 14715
14715 3446 10451
10451 3446 14715
13791 1301 5104
5104 1301 13791
1301 5104 13791
11214 4653 7090
4653 7090 11214
7090 4653 11214
10510 180 2649
2649 180 10510
180 2649 10510
19 6563 13945
6563 19 13945
13945 19 6563
8768 8452 10264
8452 8768 10264
10264 8452 8768
9823 9628 12144
9628 9823 12144
12144 9628 9823
14498 1435 13233
1435 13233 14498
13233 1435 14498
14320 1547 6570
1547 6570 14320
6570 1547 14320
10733 2601 12730
2601 10733 12730
12730 2601 10733
4629 4806 13035
13035 4629 4806
4806 4629 13035
2399 6952 10555
6952 2399 10555
10555 2399 6952
7525 5645 14656
14656 5645 7525
5645 7525 14656
1507 1764 13957
13957 1507 1764
1764 1507 13957
5133 3531 10046
3531 5133 10046
10046 3531 5133
7758 3017 11151
3017 7758 11151
11151 3017 7758
14858 7862 9484
9484 7862 14858
7862 9484 14858
943 5431 7247
5431 943 7247
7247 943 5431
11711 7218 9092
7218 9092 11711
9092 7218 11711
12019 3501 10987
3501 10987 12019
10987 3501 12019
12638 1593 11063
11063 1593 12638
1593 11063 12638
6282 6446 13215
13215 6282 6446
6446 6282 13215
11851 3780 14899
3780 11851 14899
14899 3780 11851
3205 7974 13738
7974 3205 13738
13738 3205 7974
44 6439 6511
6511 44 6439
6439 44 6511
4270 1974 14776
1974 4270 14776
14776 1974 4270
7893 5923 10522
5923 7893 10522
10522 5923 7893
3028 615 1427
615 1427 3028
1427 615 3028
9088 7252 12352
12352 7252 9088
7252 9088 12352
205 2904 9008
9008 205 2904
2904 205 9008
10002 4480 5524
4480 5524 10002
5524 4480 10002
51 7183 9984
9984 51 7183
7183 51 9984
4836 3263 12986
12986 3263 4836
3263 4836 12986
9878 285 4249
285 4249 9878
4249 285 9878
4899 3565 13822
13822 3565 4899
3565 4899 13822
8986 193 12171
12171 193 8986
193 8986 12171
2164 10654 13495
13495 2164 10654
10654 2164 13495
3146 4795 11838
11838 3146 4795
4795 3146 11838
13795 2676 5819
5819 2676 13795
2676 5819 13795
10199 12478 13907
13907 10199 12478
12478 10199 13907
419 12337 14332
14332 419 12337
12337 419 14332
6324 3112 3735
3735 3112 6324
3112 3735 6324
3996 3528 14966
14966 3528 3996
3528 3996 14966
12274 1205 14645
14645 1205 12274
1205 12274 14645
4112 6261 6394
6261 4112 6394
6394 4112 6261
12474 1220 14258
1220 12474 14258
14258 1220 12474
14006 9702 10299
9702 10299 14006
10299 9702 14006
6665 4980 6944
6944 4980 6665
4980 6665 6944
13415 1873 3303
3303 1873 13415
1873 3303 13415
3044 11475 14111
14111 3044 11475
11475 3044 14111
9641 342 4508
342 4508 9641
4508 342 9641
13185 3740 6627
6627 3740 13185
3740 6627 13185
7406 5013 12405
12405 5013 7406
5013 7406 12405
12869 4159 14647
14647 4159 12869
4159 12869 14647
5203 5152 7475
5152 5203 7475
7475 5152 5203
6624 2889 10844
10844 2889 6624
2889 6624 10844
4336 8343 14280
14280 4336 8343
8343 4336 14280
14186 8521 8534
8521 8534 14186
8534 8521 14186
4271 781 14657
14657 781 4271
781 4271 14657
2272 1118 2348
1118 2272 2348
2348 1118 2272
578 12320 14686
14686 578 12320
12320 578 14686
3756 2224 8861
8861 2224 3756
2224 3756 8861
1079 7443 12024
7443 1079 12024
12024 1079 7443
14268 3010 3499
3010 3499 14268
3499 3010 14268
4698 622 4117
4117 622 4698
622 4117 4698
11940 5859 13963
13963 5859 11940
5859 11940 13963
4377 4177 6983
6983 4177 4377
4177 4377 6983
1345 3148 10622
3148 1345 10622
10622 1345 3148
14355 115 14345
115 14345 14355
14345 115 14355
3323 3442 6666
6666 3323 3442
3442 3323 6666
4020 1033 13775
1033 4020 13775
13775 1033 4020
14653 4780 6805
4780 6805 14653
6805 4780 14653
7210 686 3929
686 3929 7210
3929 686 7210
2684 4787 14550
4787 2684 14550
14550 2684 4787
2182 11000 14787
11000 2182 14787
14787 2182 11000
2679 2406 11383
2406 2679 11383
11383 2406 2679
9688 8512 9011
8512 9011 9688
9011 8512 9688
6673 8210 8501
8210 6673 8501
8501 6673 8210
994 10078 10843
10078 994 10843
10843 994 10078
11621 407 8186
407 8186 11621
8186 407 11621
12866 6082 6941
6082 6941 12866
6941 6082 12866
131 4714 5254
4714 131 5254
5254 131 4714
10778 619 6283
619 6283 10778
6283 619 10778
4193 14184 14255
14184 4193 14255
14255 4193 14184
5566 8659 11686
8659 5566 11686
11686 5566 8659
13448 2961 4952
2961 4952 13448
4952 2961 13448
14597 7628 8543
7628 8543 14597
8543 7628 14597
12174 6745 7801
7801 6745 12174
6745 7801 12174
2523 575 14126
575 2523 14126
14126 575 2523
13893 3524 8917
3524 8917 13893
8917 3524 13893
4196 5504 5872
5872 4196 5504
5504 4196 5872
3748 8059 11342
11342 3748 8059
8059 3748 11342
9222 4090 14315
4090 9222 14315
14315 4090 9222
2721 8497 12650
8497 2721 12650
12650 2721 8497
1355 3032 3888
3888 1355 3032
3032 1355 3888
11823 10263 11624
11624 10263 11823
10263 11624 11823
5462 4710 12599
4710 5462 12599
12599 4710 5462
12077 4197 13157
4197 12077 13157
13157 4197 12077
12987 3334 7001
3334 7001 12987
7001 3334 12987
2937 5373 9879
5373 2937 9879
9879 2937 5373
13707 1385 9685
1385 9685 13707
9685 1385 13707
10658 3233 4887
3233 4887 10658
4887 3233 10658
10089 551 13799
13799 551 10089
551 10089 13799
5638 12746 14285
12746 5638 14285
14285 5638 12746
14547 9748 12518
12518 9748 14547
9748 12518 14547
12306 242 6967
6967 242 12306
242 6967 12306
9099 2179 10425
2179 9099 10425
10425 2179 9099
9069 3591 12434
12434 3591 9069
3591 9069 12434
1450 2180 4639
4639 1450 2180
2180 1450 4639
8841 87 1191
87 1191 8841
1191 87 8841
2249 2724 6701
2724 2249 6701
6701 2249 2724
7864 5699 14335
14335 5699 7864
5699 7864 14335
11222 448 11827
11827 448 11222
448 11222 11827
2882 5974 12093
5974 2882 12093
12093 2882 5974
10839 4568 12827
12827 4568 10839
4568 10839 12827
9077 2674 11601
11601 2674 9077
2674 9077 11601
8655 1158 2186
1158 2186 8655
2186 1158 8655
8965 3768 12591
3768 8965 12591
12591 3768 8965
12768 347 6596
6596 347 12768
347 6596 12768
2850 9521 11336
9521 2850 11336
11336 2850 9521
13731 12819 14165
14165 12819 13731
12819 13731 14165
14683 1625 14863
14863 1625 14683
1625 14683 14863
2958 9809 11568
11568 2958 9809
9809 2958 11568
14129 1219 13331
13331 1219 14129
1219 13331 14129
6966 2035 2458
2458 2035 6966
2035 2458 6966
8321 70 6512
6512 70 8321
70 6512 8321
10209 8893 14316
14316 8893 10209
8893 10209 14316
6356 10478 12757
12757 6356 10478
10478 6356 12757
10344 1117 7157
7157 1117 10344
1117 7157 10344
1781 6405 9615
9615 1781 6405
6405 1781 9615
10993 266 13366
13366 266 10993
266 10993 13366
2785 4746 8518
8518 2785 4746
4746 2785 8518
995 3549 8761
8761 995 3549
3549 995 8761
9841 4656 12967
12967 4656 9841
4656 9841 12967
3785 8091 11913
8091 3785 11913
11913 3785 8091
3318 8613 9215
8613 3318 9215
9215 3318 8613
2023 2021 14389
14389 2021 2023
2021 2023 14389
6945 932 1179
932 1179 6945
1179 932 6945
13613 2107 4496
2107 4496 13613
4496 2107 13613
11259 4062 10583
4062 10583 11259
10583 4062 11259
780 1407 4392
4392 780 1407
1407 780 4392
54 2885 8982
2885 54 8982
8982 54 2885
4147 8906 11565
8906 4147 11565
11565 4147 8906
1236 5505 9869
5505 1236 9869
9869 1236 5505
3134 565 14015
565 3134 14015
14015 565 3134
1303 4157 10417
10417 1303 4157
4157 1303 10417
103 1047 13061
1047 103 13061
13061 103 1047
13078 392 14305
14305 392 13078
392 13078 14305
1049 6416 8293
8293 1049 6416
6416 1049 8293
663 5058 10661
5058 663 10661
10661 663 5058
14078 7573 12488
12488 7573 14078
7573 12488 14078
3038 12725 14044
12725 3038 14044
14044 3038 12725
1738 5205 7427
7427 1738 5205
5205 1738 7427
11571 7880 8566
8566 7880 11571
7880 8566 11571
10965 4189 11728
11728 4189 10965
4189 10965 11728
5471 6321 11676
6321 5471 11676
11676 5471 6321
8590 4139 11534
11534 4139 8590
4139 8590 11534
2017 10055 12844
10055 2017 12844
12844 2017 10055
4529 7227 9020
9020 4529 7227
7227 4529 9020
43 7257 9055
7257 43 9055
9055 43 7257
6758 2396 10985
10985 2396 6758
2396 6758 10985
14887 9871 13169
13169 9871 14887
9871 13169 14887
5694 541 9105
541 5694 9105
9105 541 5694
11831 11079 12776
11079 11831 12776
12776 11079 11831
1994 2712 13147
2712 1994 13147
13147 1994 2712
10834 1040 6979
1040 6979 10834
6979 1040 10834
14999 10091 14814
14814 10091 14999
10091 14814 14999
6086 7788 8600
8600 6086 7788
7788 6086 8600
2985 67 10173
67 2985 10173
10173 67 2985
31 1145 4706
4706 31 1145
1145 31 4706
11143 1491 11859
11859 1491 11143
1491 11143 11859
14961 4069 5752
5752 4069 14961
4069 5752 14961
13389 5116 8929
8929 5116 13389
5116 8929 13389
9570 1722 13102
1722 9570 13102
13102 1722 9570
11254 2332 3457
3457 2332 11254
2332 3457 11254
2661 6828 14785
14785 2661 6828
6828 2661 14785
30 1406 5501
1406 30 5501
5501 30 1406
13953 1982 8795
8795 1982 13953
1982 8795 13953
776 12371 13623
13623 776 12371
12371 776 13623
6107 5548 6527
6527 5548 6107
5548 6107 6527
10686 4524 13751
4524 10686 13751
13751 4524 10686
2365 6956 12471
6956 2365 12471
12471 2365 6956
5345 9843 11213
9843 5345 11213
11213 5345 9843
14897 6555 7904
6555 7904 14897
7904 6555 14897
3876 1201 3451
1201 3451 3876
3451 1201 3876
2501 11874 14938
14938 2501 11874
11874 2501 14938
618 8988 11490
11490 618 8988
8988 618 11490
7916 3512 5621
3512 5621 7916
5621 3512 7916
3082 1260 13628
13628 1260 3082
1260 3082 13628
11206 11923 13047
13047 11206 11923
11923 11206 13047
3995 1692 14035
14035 1692 3995
1692 3995 14035
8615 5854 8821
8821 5854 8615
5854 8615 8821
12567 750 11237
750 11237 12567
11237 750 12567
4144 8540 9983
8540 4144 9983
9983 4144 8540
14660 2857 3749
2857 3749 14660
3749 2857 14660
4910 2702 11494
2702 4910 11494
11494 2702 4910
8928 2866 4307
4307 2866 8928
2866 4307 8928
13264 4415 10066
4415 10066 13264
10066 4415 13264
1430 6902 10039
10039 1430 6902
6902 1430 10039
6705 7911 9118
9118 6705 7911
7911 6705 9118
13324 11182 12903
12903 11182 13324
11182 12903 13324
7625 6847 10210
10210 6847 7625
6847 7625 10210
13086 5392 7480
7480 5392 13086
5392 7480 13086
10057 9827 11371
11371 9827 10057
9827 10057 11371
10176 5222 12244
12244 5222 10176
5222 10176 12244
4380 8598 14612
8598 4380 14612
14612 4380 8598
4170 9828 10577
9828 4170 10577
10577 4170 9828
9954 9221 11485
9221 9954 11485
11485 9221 9954
12569 8923 11089
11089 8923 12569
8923 11089 12569
1506 4984 5860
4984 1506 5860
5860 1506 4984
11684 4834 9336
9336 4834 11684
4834 9336 11684
390 2069 4425
4425 390 2069
2069 390 4425
4932 573 3325
3325 573 4932
573 3325 4932
9908 5395 10058
10058 5395 9908
5395 9908 10058
3782 7549 10474
10474 3782 7549
7549 3782 10474
12053 6764 14106
6764 12053 14106
14106 6764 12053
7725 5129 12278
5129 7725 12278
12278 5129 7725
6591 4215 12919
12919 4215 6591
4215 6591 12919
8733 7272 14037
7272 8733 14037
14037 7272 8733
11530 5666 13447
13447 5666 11530
5666 11530 13447
5990 7998 12620
12620 5990 7998
7998 5990 12620
14352 8090 10072
10072 8090 14352
8090 10072 14352
4941 6694 14664
14664 4941 6694
6694 4941 14664
7464 11384 14417
11384 7464 14417
14417 7464 11384
7080 5681 6348
5681 6348 7080
6348 5681 7080
629 8006 9528
9528 629 8006
8006 629 9528
2623 3708 8621
8621 2623 3708
3708 2623 8621
2150 3358 10584
10584 2150 3358
3358 2150 10584
4789 211 2333
211 2333 4789
2333 211 4789
6408 4832 4998
4832 4998 6408
4998 4832 6408
11232 3015 8464
8464 3015 11232
3015 8464 11232
2811 3327 4001
4001 2811 3327
3327 2811 4001
9703 482 13809
13809 482 9703
482 9703 13809
9050 427 14912
427 9050 14912
14912 427 9050
7817 6188 13937
13937 6188 7817
6188 7817 13937
11322 8541 14462
8541 11322 14462
14462 8541 11322
7129 9569 14651
14651 7129 9569
9569 7129 14651
9168 7847 15000
15000 7847 9168
7847 9168 15000
9371 11146 14180
14180 9371 11146
11146 9371 14180
7311 8340 10706
10706 7311 8340
8340 7311 10706
2386 3223 11658
3223 2386 11658
11658 2386 3223
5256 569 11035
569 5256 11035
11035 569 5256
7285 7397 9111
7397 7285 9111
9111 7285 7397
12394 8132 12086
12086 8132 12394
8132 12086 12394
2003 3245 5325
3245 2003 5325
5325 2003 3245
5804 5997 14770
5997 5804 14770
14770 5804 5997
13118 10801 11417
10801 11417 13118
11417 10801 13118
5087 797 5611
797 5087 5611
5611 797 5087
8156 6222 14330
6222 8156 14330
14330 6222 8156
1351 4401 14854
4401 1351 14854
14854 1351 4401
729 2015 7288
7288 729 2015
2015 729 7288
12473 65 4495
65 4495 12473
4495 65 12473
10783 7024 8532
8532 7024 10783
7024 8532 10783
6894 9928 12459
9928 6894 12459
12459 6894 9928
3104 9417 13999
9417 3104 13999
13999 3104 9417
2315 1221 1603
1221 1603 2315
1603 1221 2315
12681 102 5259
102 5259 12681
5259 102 12681
9872 8509 9038
9038 8509 9872
8509 9038 9872
3165 4315 10062
4315 3165 10062
10062 3165 4315
11631 757 11780
757 11631 11780
11780 757 11631
3796 7669 10531
7669 3796 10531
10531 3796 7669
1911 299 3924
299 1911 3924
3924 299 1911
1244 611 11025
611 1244 11025
11025 611 1244
3345 12312 13747
12312 3345 13747
13747 3345 12312
1500 7399 10311
7399 1500 10311
10311 1500 7399
11189 4386 9214
4386 9214 11189
9214 4386 11189
14761 9353 13964
13964 9353 14761
9353 13964 14761
10309 10378 13183
13183 10309 10378
10378 10309 13183
116 10678 13683
10678 116 13683
13683 116 10678
12533 1807 10354
10354 1807 12533
1807 10354 12533
14517 3068 14655
3068 14517 14655
14655 3068 14517
9556 4778 8921
4778 8921 9556
8921 4778 9556
9177 2821 14116
14116 2821 9177
2821 9177 14116
13438 9779 13646
13646 9779 13438
9779 13438 13646
11295 1972 10315
10315 1972 11295
1972 10315 11295
5411 4842 11637
11637 4842 5411
4842 5411 11637
8067 5510 13030
5510 8067 13030
13030 5510 8067
6982 8153 11250
11250 6982 8153
8153 6982 11250
7590 4366 8704
8704 4366 7590
4366 7590 8704
14634 4286 8550
4286 8550 14634
8550 4286 14634
688 9299 10940
10940 688 9299
9299 688 10940
5006 4799 14143
14143 4799 5006
4799 5006 14143
1366 3089 8253
3089 1366 8253
8253 1366 3089
10235 612 8504
8504 612 10235
612 8504 10235
7217 3138 13363
13363 3138 7217
3138 7217 13363
14412 243 7346
7346 243 14412
243 7346 14412
2615 10786 10913
10913 2615 10786
10786 2615 10913
12109 4734 10866
10866 4734 12109
4734 10866 12109
10164 12416 13755
13755 10164 12416
12416 10164 13755
3726 6097 14318
14318 3726 6097
6097 3726 14318
9847 10321 14032
14032 9847 10321
10321 9847 14032
792 2970 9626
2970 792 9626
9626 792 2970
14991 4972 14433
4972 14433 14991
14433 4972 14991
12749 2391 13319
2391 12749 13319
13319 2391 12749
1780 5067 13139
5067 1780 13139
13139 1780 5067
12066 1561 9405
1561 9405 12066
9405 1561 12066
3083 4041 14363
4041 3083 14363
14363 3083 4041
267 9216 14979
9216 267 14979
14979 267 9216
5634 829 1226
1226 829 5634
829 1226 5634
4445 195 6014
6014 195 4445
195 4445 6014
5011 218 535
218 535 5011
535 218 5011
3592 1113 6773
6773 1113 3592
1113 3592 6773
12541 10559 12420
12420 10559 12541
10559 12420 12541
13634 864 6893
6893 864 13634
864 6893 13634
11141 17 4132
4132 17 11141
17 4132 11141
1460 6402 13352
13352 1460 6402
6402 1460 13352
14156 9968 14955
9968 14156 14955
14955 9968 14156
5939 4150 11619
4150 5939 11619
11619 4150 5939
4452 5983 13668
5983 4452 13668
13668 4452 5983
5388 2968 4123
4123 2968 5388
2968 4123 5388
292 589 13881
13881 292 589
589 292 13881
9477 12397 14579
14579 9477 12397
12397 9477 14579
13903 94 288
94 288 13903
288 94 13903
2800 7433 14085
7433 2800 14085
14085 2800 7433
329 5030 10045
5030 329 10045
10045 329 5030
7283 80 5915
5915 80 7283
80 5915 7283
6880 5835 8084
5835 6880 8084
8084 5835 6880
13899 745 2962
745 2962 13899
2962 745 13899
6520 10720 14452
10720 6520 14452
14452 6520 10720
8908 8462 14376
8462 8908 14376
14376 8462 8908
6863 7953 11183
7953 6863 11183
11183 6863 7953
7665 6693 13247
6693 7665 13247
13247 6693 7665
991 6168 12859
12859 991 6168
6168 991 12859
7764 7825 12465
7825 7764 12465
12465 7764 7825
9564 9369 14456
9369 9564 14456
14456 9369 9564
9389 4619 13005
4619 9389 13005
13005 4619 9389
12592 5153 8723
8723 5153 12592
5153 8723 12592
5376 782 10014
782 5376 10014
10014 782 5376
3406 802 3509
802 3406 3509
3509 802 3406
2812 8548 12839
12839 2812 8548
8548 2812 12839
3999 4677 7970
4677 3999 7970
7970 3999 4677
5322 12709 14038
14038 5322 12709
12709 5322 14038
2008 4467 9151
9151 2008 4467
4467 2008 9151
7320 6174 9057
6174 7320 9057
9057 6174 7320
2581 7238 9767
9767 2581 7238
7238 2581 9767
6973 9298 9920
9920 6973 9298
9298 6973 9920
2482 9766 10145
10145 2482 9766
9766 2482 10145
10479 2740 14057
2740 10479 14057
14057 2740 10479
9578 8194 13468
8194 9578 13468
13468 8194 9578
550 5190 12384
5190 550 12384
12384 550 5190
4700 3551 7230
3551 4700 7230
7230 3551 4700
6158 4675 13619
4675 6158 13619
13619 4675 6158
14398 1274 8935
8935 1274 14398
1274 8935 14398
7339 9557 14473
14473 7339 9557
9557 7339 14473
1360 7739 11390
11390 1360 7739
7739 1360 11390
9901 1585 3811
1585 3811 9901
3811 1585 9901
7398 2055 2796
2796 2055 7398
2055 2796 7398
12206 10600 12491
12491 10600 12206
10600 12206 12491
2211 3578 4997
3578 2211 4997
4997 2211 3578
815 5082 8888
5082 815 8888
8888 815 5082
8812 12031 13345
13345 8812 12031
12031 8812 13345
5470 4361 5895
5895 4361 5470
4361 5470 5895
4528 8955 11137
8955 4528 11137
11137 4528 8955
3042 353 6553
353 3042 6553
6553 353 3042
2214 3355 8983
3355 2214 8983
8983 2214 3355
8149 749 14881
14881 749 8149
749 8149 14881
9944 8603 14631
8603 9944 14631
14631 8603 9944
1643 4514 12545
12545 1643 4514
4514 1643 12545
12124 1707 13956
13956 1707 12124
1707 12124 13956
8700 1665 14788
1665 8700 14788
14788 1665 8700
7089 1161 14870
1161 7089 14870
14870 1161 7089
1854 2238 5623
2238 1854 5623
5623 1854 2238
7900 754 4929
754 4929 7900
4929 754 7900
11194 880 13574
13574 880 11194
880 11194 13574
14552 8943 10544
10544 8943 14552
8943 10544 14552
1119 3071 9463
9463 1119 3071
3071 1119 9463
7119 2221 13241
2221 7119 13241
13241 2221 7119
9711 2810 14105
14105 2810 9711
2810 9711 14105
9283 3866 14307
3866 9283 14307
14307 3866 9283
3548 8717 13831
13831 3548 8717
8717 3548 13831
6692 8285 13684
8285 6692 13684
13684 6692 8285
9474 3573 14238
3573 9474 14238
14238 3573 9474
3400 10501 12239
10501 3400 12239
12239 3400 10501
775 2965 8673
2965 775 8673
8673 775 2965
2953 1699 5068
5068 1699 2953
1699 2953 5068
4869 7647 10093
10093 4869 7647
7647 4869 10093
11606 7810 12816
12816 7810 11606
7810 11606 12816
1688 1942 13730
13730 1688 1942
1942 1688 13730
11052 2951 12780
2951 11052 12780
12780 2951 11052
3408 1768 7933
1768 3408 7933
7933 1768 3408
10044 521 7740
7740 521 10044
521 7740 10044
11715 2948 10956
10956 2948 11715
2948 10956 11715
13418 8792 9409
8792 9409 13418
9409 8792 13418
6104 2895 4061
2895 4061 6104
4061 2895 6104
5986 12414 13588
12414 5986 13588
13588 5986 12414
1958 2013 3502
2013 1958 3502
3502 1958 2013
7139 4807 13910
13910 4807 7139
4807 7139 13910
14166 12748 12825
12825 12748 14166
12748 12825 14166
6850 4815 11403
4815 6850 11403
11403 4815 6850
14441 2217 7161
2217 7161 14441
7161 2217 14441
7789 5790 10642
10642 5790 7789
5790 7789 10642
13462 2086 6369
2086 6369 13462
6369 2086 13462
6094 5935 13127
5935 6094 13127
13127 5935 6094
7206 455 1018
455 1018 7206
1018 455 7206
6656 4228 6879
4228 6656 6879
6879 4228 6656
4357 12050 13749
12050 4357 13749
13749 4357 12050
7302 4835 9192
9192 4835 7302
4835 7302 9192
10902 4590 11314
11314 4590 10902
4590 10902 11314
7980 10730 13590
10730 7980 13590
13590 7980 10730
11799 8364 11201
8364 11201 11799
11201 8364 11799
2363 704 10323
704 2363 10323
10323 704 2363
10461 5556 13075
13075 5556 10461
5556 10461 13075
11617 1601 14725
14725 1601 11617
1601 11617 14725
1986 9318 11949
11949 1986 9318
9318 1986 11949
13398 5359 14774
5359 13398 14774
14774 5359 13398
4232 437 6056
437 4232 6056
6056 437 4232
9593 6192 12774
6192 9593 12774
12774 6192 9593
10123 3964 11357
3964 10123 11357
11357 3964 10123
4450 77 2058
2058 77 4450
77 2058 4450
3354 3407 6482
3407 3354 6482
6482 3354 3407
12669 7626 10871
7626 10871 12669
10871 7626 12669
9251 11243 12216
11243 9251 12216
12216 9251 11243
6103 6763 13848
13848 6103 6763
6763 6103 13848
13942 3200 6156
6156 3200 13942
3200 6156 13942
9205 1489 5603
1489 5603 9205
5603 1489 9205
6488 1197 4133
4133 1197 6488
1197 4133 6488
13777 12315 14004
12315 13777 14004
14004 12315 13777
12447 8867 12292
8867 12292 12447
12292 8867 12447
10731 5028 8313
8313 5028 10731
5028 8313 10731
13428 964 4084
4084 964 13428
964 4084 13428
11023 11975 13693
13693 11023 11975
11975 11023 13693
9410 2710 6187
6187 2710 9410
2710 6187 9410
9792 5716 14924
5716 9792 14924
14924 5716 9792
9475 2016 5445
2016 5445 9475
5445 2016 9475
7835 1083 14546
1083 7835 14546
14546 1083 7835
213 7707 10936
7707 213 10936
10936 213 7707
463 8984 9515
9515 463 8984
8984 463 9515
7014 1311 7163
7163 1311 7014
1311 7014 7163
3029 11693 12008
12008 3029 11693
11693 3029 12008
12984 1560 11943
1560 11943 12984
11943 1560 12984
7428 6760 14738
6760 7428 14738
14738 6760 7428
4827 13840 14148
14148 4827 13840
13840 4827 14148
12539 12062 13687
12062 12539 13687
13687 12062 12539
5139 1878 3916
1878 3916 5139
3916 1878 5139
8121 3357 5993
5993 3357 8121
3357 5993 8121
14891 6948 7435
7435 6948 14891
6948 7435 14891
10885 2837 13122
2837 10885 13122
13122 2837 10885
9824 2945 9874
9874 2945 9824
2945 9824 9874
1572 5270 7799
5270 1572 7799
7799 1572 5270
6281 806 3897
806 3897 6281
3897 806 6281
11308 8328 12095
12095 8328 11308
8328 11308 12095
7604 4414 8914
8914 4414 7604
4414 7604 8914
2467 7905 11878
7905 2467 11878
11878 2467 7905
6074 9199 12559
9199 6074 12559
12559 6074 9199
2542 10423 11058
10423 2542 11058
11058 2542 10423
8661 61 5310
5310 61 8661
61 5310 8661
8896 6290 7441
6290 7441 8896
7441 6290 8896
7064 12317 14539
12317 7064 14539
14539 7064 12317
8676 7052 10353
7052 8676 10353
10353 7052 8676
13869 7655 11257
7655 11257 13869
11257 7655 13869
6220 10081 14399
14399 6220 10081
10081 6220 14399
2393 2752 9781
9781 2393 2752
2752 2393 9781
14354 5319 7595
7595 5319 14354
5319 7595 14354
14260 9061 11297
11297 9061 14260
9061 11297 14260
14763 1282 4233
4233 1282 14763
1282 4233 14763
3466 1749 12660
1749 3466 12660
12660 1749 3466
1361 179 3555
179 1361 3555
3555 179 1361
3801 367 14888
14888 367 3801
367 3801 14888
1786 3659 14311
14311 1786 3659
3659 1786 14311
9229 2290 8466
2290 8466 9229
8466 2290 9229
3266 9015 14525
14525 3266 9015
9015 3266 14525
12910 2648 2786
2648 2786 12910
2786 2648 12910
13675 7737 14584
14584 7737 13675
7737 13675 14584
13479 3433 13281
13281 3433 13479
3433 13281 13479
9027 7778 14089
7778 9027 14089
14089 7778 9027
8390 3682 7555
7555 3682 8390
3682 7555 8390
8273 2535 6433
2535 6433 8273
6433 2535 8273
14805 3139 13008
13008 3139 14805
3139 13008 14805
11286 8826 10485
10485 8826 11286
8826 10485 11286
661 9097 13658
9097 661 13658
13658 661 9097
7706 4252 6132
4252 6132 7706
6132 4252 7706
1590 1848 4914
1848 1590 4914
4914 1590 1848
13212 2495 7359
7359 2495 13212
2495 7359 13212
6169 11069 12049
12049 6169 11069
11069 6169 12049
5195 11107 12654
12654 5195 11107
11107 5195 12654
3278 2610 14978
2610 3278 14978
14978 2610 3278
2692 2574 10789
10789 2574 2692
2574 2692 10789
10918 978 11301
978 10918 11301
11301 978 10918
14812 4054 12626
12626 4054 14812
4054 12626 14812
5096 6186 8202
8202 5096 6186
6186 5096 8202
6770 696 14203
14203 696 6770
696 6770 14203
10177 2847 4584
4584 2847 10177
2847 4584 10177
10858 8048 12091
8048 10858 12091
12091 8048 10858
9270 5156 7645
5156 7645 9270
7645 5156 9270
13691 6256 13870
13870 6256 13691
6256 13691 13870
1069 3926 14977
3926 1069 14977
14977 1069 3926
3973 2619 14410
14410 2619 3973
2619 3973 14410
14182 10668 10824
10668 10824 14182
10824 10668 14182
5942 5090 8008
8008 5090 5942
5090 5942 8008
2439 1711 13920
13920 1711 2439
1711 2439 13920
1717 5770 12943
12943 1717 5770
5770 1717 12943
4100 500 7537
7537 500 4100
500 4100 7537
3982 10295 12016
10295 3982 12016
12016 3982 10295
12978 1255 12912
1255 12912 12978
12912 1255 12978
2594 233 936
936 233 2594
233 936 2594
1568 10970 12379
12379 1568 10970
10970 1568 12379
13643 5353 12979
5353 12979 13643
12979 5353 13643
850 7563 9573
7563 850 9573
9573 850 7563
13367 3069 4114
4114 3069 13367
3069 4114 13367
2285 3298 3901
3298 2285 3901
3901 2285 3298
5200 10342 13905
13905 5200 10342
10342 5200 13905
302 2026 5619
2026 302 5619
5619 302 2026
5735 4934 5155
4934 5155 5735
5155 4934 5735
13739 3988 12479
12479 3988 13739
3988 12479 13739
1432 8454 12637
8454 1432 12637
12637 1432 8454
10280 2019 11948
11948 2019 10280
2019 10280 11948
13057 676 5239
5239 676 13057
676 5239 13057
9314 2319 7275
7275 2319 9314
2319 7275 9314
1810 2431 4541
2431 1810 4541
4541 1810 2431
13984 1350 14271
14271 1350 13984
1350 13984 14271
3463 1531 8913
8913 1531 3463
1531 3463 8913
9176 9531 10113
9531 9176 10113
10113 9176 9531
3696 8094 9469
8094 3696 9469
9469 3696 8094
6047 1851 3790
3790 1851 6047
1851 3790 6047
7419 737 3326
737 3326 7419
3326 737 7419
3267 11251 12663
11251 3267 12663
12663 3267 11251
4324 196 13622
196 4324 13622
13622 196 4324
14615 1228 7954
7954 1228 14615
1228 7954 14615
3132 4944 8901
8901 3132 4944
4944 3132 8901
6889 5657 13403
5657 6889 13403
13403 5657 6889
7673 3234 3745
3234 3745 7673
3745 3234 7673
13566 11366 11772
11366 11772 13566
11772 11366 13566
1231 12160 14845
14845 1231 12160
12160 1231 14845
1310 3419 5397
5397 1310 3419
3419 1310 5397
1103 4052 10421
4052 1103 10421
10421 1103 4052
10231 1963 6195
6195 1963 10231
1963 6195 10231
2231 3342 11283
3342 2231 11283
11283 2231 3342
7533 5590 8223
5590 7533 8223
8223 5590 7533
13240 4360 5841
4360 5841 13240
5841 4360 13240
6136 8529 12627
12627 6136 8529
8529 6136 12627
3260 2360 6233
2360 3260 6233
6233 2360 3260
12209 11398 14804
11398 12209 14804
14804 11398 12209
11583 2697 14080
2697 11583 14080
14080 2697 11583
13718 7083 14685
7083 13718 14685
14685 7083 13718
3693 4073 7330
4073 3693 7330
7330 3693 4073
11070 8335 10450
10450 8335 11070
8335 10450 11070
523 834 1136
