1225 549 1181
549 1181 1225
1181 549 1225
1439 658 901
658 901 1439
901 658 1439
872 244 404
404 244 872
244 404 872
731 1104 1356
1356 731 1104
1104 731 1356
209 1370 1460
1370 209 1460
1460 209 1370
999 486 887
887 486 999
486 887 999
1046 267 1481
1481 267 1046
267 1046 1481
95 356 394
356 95 394
394 95 356
175 399 1148
399 175 1148
1148 175 399
1455 489 745
745 489 1455
489 745 1455
140 313 1424
1424 140 313
313 140 1424
1156 1137 1359
1359 1137 1156
1137 1156 1359
1376 498 918
918 498 1376
498 918 1376
46 1185 1375
1375 46 1185
1185 46 1375
126 32 138
32 126 138
138 32 126
562 12 49
49 12 562
12 49 562
1266 904 975
975 904 1266
904 975 1266
496 211 1271
211 496 1271
1271 211 496
435 130 1161
130 435 1161
1161 130 435
521 150 535
535 150 521
150 521 535
574 602 625
625 574 602
602 574 625
430 69 1474
1474 69 430
69 430 1474
2 438 1407
1407 2 438
438 2 1407
155 544 632
544 155 632
632 155 544
56 382 1083
1083 56 382
382 56 1083
1324 146 168
168 146 1324
146 168 1324
105 347 423
347 105 423
423 105 347
1084 606 1000
606 1000 1084
1000 606 1084
26 167 258
258 26 167
167 26 258
622 293 890
293 622 890
890 293 622
1456 681 1172
681 1172 1456
1172 681 1456
757 319 601
601 319 757
319 601 757
421 19 1442
19 421 1442
1442 19 421
507 623 896
896 507 623
623 507 896
491 371 1278
1278 371 491
371 491 1278
1314 365 448
448 365 1314
365 448 1314
1134 542 551
542 551 1134
551 542 1134
1412 515 1487
1487 515 1412
515 1412 1487
746 540 1233
1233 540 746
540 746 1233
1255 215 666
215 666 1255
666 215 1255
1041 21 1355
21 1041 1355
1355 21 1041
1100 433 1110
433 1100 1110
1110 433 1100
23 353 1348
1348 23 353
353 23 1348
339 577 873
873 339 577
577 339 873
1151 711 1284
711 1151 1284
1284 711 1151
570 1150 1318
1318 570 1150
1150 570 1318
995 1049 1115
1115 995 1049
1049 995 1115
1437 272 1210
272 1210 1437
1210 272 1437
546 572 884
572 546 884
884 546 572
1486 36 1275
36 1275 1486
1275 36 1486
476 266 302
302 266 476
266 302 476
122 674 1440
1440 122 674
674 122 1440
1365 514 1353
1353 514 1365
514 1353 1365
800 144 802
144 800 802
802 144 800
3 789 797
789 3 797
797 3 789
28 324 426
426 28 324
324 28 426
930 774 902
774 902 930
902 774 930
1377 170 756
170 756 1377
756 170 1377
443 99 1320
99 443 1320
1320 99 443
264 9 500
9 264 500
500 9 264
76 596 1045
1045 76 596
596 76 1045
1463 573 604
604 573 1463
573 604 1463
968 649 1075
649 968 1075
1075 649 968
348 779 899
779 348 899
899 348 779
929 1328 1450
1328 929 1450
1450 929 1328
591 263 957
263 591 957
957 263 591
1469 97 366
97 366 1469
366 97 1469
1465 86 1155
86 1155 1465
1155 86 1465
1009 1036 1473
1473 1009 1036
1036 1009 1473
1433 922 1144
1144 922 1433
922 1144 1433
705 231 564
231 564 705
564 231 705
1380 1039 1113
1113 1039 1380
1039 1113 1380
1219 397 1499
1499 397 1219
397 1219 1499
690 581 778
581 690 778
778 581 690
615 567 1021
1021 567 615
567 615 1021
1044 123 1362
1362 123 1044
123 1044 1362
1053 799 1138
1138 799 1053
799 1053 1138
657 460 660
660 460 657
460 657 660
41 1024 1494
1024 41 1494
1494 41 1024
117 1038 1422
1422 117 1038
1038 117 1422
1125 866 1117
866 1117 1125
1117 866 1125
1371 89 176
176 89 1371
89 176 1371
1112 5 1457
1457 5 1112
5 1112 1457
137 823 1067
1067 137 823
823 137 1067
291 1373 1386
1386 291 1373
1373 291 1386
1306 847 1326
1326 847 1306
847 1306 1326
240 92 1492
1492 92 240
92 240 1492
795 208 1351
208 795 1351
1351 208 795
751 88 292
88 292 751
292 88 751
159 1063 1092
1092 159 1063
1063 159 1092
1015 85 340
340 85 1015
85 340 1015
1248 1004 1350
1004 1248 1350
1350 1004 1248
135 419 1458
419 135 1458
1458 135 419
626 548 1435
548 626 1435
1435 548 626
1262 459 673
673 459 1262
459 673 1262
643 831 1252
831 643 1252
1252 643 831
257 619 983
619 257 983
983 257 619
1337 740 1124
1124 740 1337
740 1124 1337
360 616 1227
616 360 1227
1227 360 616
569 1165 1183
1183 569 1165
1165 569 1183
178 119 1195
119 178 1195
1195 119 178
413 221 1202
1202 221 413
221 413 1202
1497 695 758
695 758 1497
758 695 1497
1220 75 621
75 621 1220
621 75 1220
599 171 1247
1247 171 599
171 599 1247
60 253 787
253 60 787
787 60 253
332 609 1094
609 332 1094
1094 332 609
986 325 878
878 325 986
325 878 986
1179 471 497
497 471 1179
471 497 1179
510 833 1329
833 510 1329
1329 510 833
1222 518 1194
518 1194 1222
1194 518 1222
446 213 851
851 213 446
213 446 851
749 516 750
750 516 749
516 749 750
864 1043 1145
1145 864 1043
1043 864 1145
1334 555 743
743 555 1334
555 743 1334
113 499 1254
499 113 1254
1254 113 499
771 816 1417
1417 771 816
816 771 1417
1032 116 603
116 603 1032
603 116 1032
663 7 1011
1011 7 663
7 663 1011
55 792 1212
1212 55 792
792 55 1212
482 729 732
732 482 729
729 482 732
390 214 1029
214 390 1029
1029 214 390
1264 582 1014
582 1014 1264
1014 582 1264
452 323 761
761 323 452
323 452 761
467 1228 1229
1228 467 1229
1229 467 1228
490 988 1462
988 490 1462
1462 490 988
442 775 1406
775 442 1406
1406 442 775
1298 724 782
782 724 1298
724 782 1298
1095 635 744
635 744 1095
744 635 1095
832 634 931
931 634 832
634 832 931
944 1338 1345
1338 944 1345
1345 944 1338
456 1164 1253
1253 456 1164
1164 456 1253
671 235 852
852 235 671
235 671 852
1354 541 1019
1019 541 1354
541 1019 1354
1451 638 1364
638 1364 1451
1364 638 1451
1023 924 1103
924 1023 1103
1103 924 1023
770 946 998
998 770 946
946 770 998
618 31 437
437 31 618
31 437 618
1016 34 455
34 455 1016
455 34 1016
1420 976 1191
976 1191 1420
1191 976 1420
44 194 1312
194 44 1312
1312 44 194
700 24 667
24 667 700
667 24 700
186 537 1398
537 186 1398
1398 186 537
1332 43 1394
1394 43 1332
43 1332 1394
181 927 1336
1336 181 927
927 181 1336
1431 661 1163
1163 661 1431
661 1163 1431
103 862 1205
862 103 1205
1205 103 862
203 142 891
142 203 891
891 142 203
504 307 1443
1443 307 504
307 504 1443
801 195 1001
1001 195 801
195 801 1001
936 367 963
367 936 963
963 367 936
1313 102 803
102 803 1313
803 102 1313
682 346 1347
346 682 1347
1347 346 682
104 679 859
859 104 679
679 104 859
1478 1109 1310
1109 1310 1478
1310 1109 1478
903 867 925
867 903 925
925 867 903
1466 1419 1445
1445 1419 1466
1419 1445 1466
879 161 189
189 161 879
161 189 879
1393 1221 1223
1223 1221 1393
1221 1223 1393
478 200 706
200 478 706
706 200 478
1299 270 876
876 270 1299
270 876 1299
665 834 1193
834 665 1193
1193 665 834
439 680 1026
680 439 1026
1026 439 680
11 670 906
906 11 670
670 11 906
985 686 1060
1060 686 985
686 985 1060
1231 314 436
436 314 1231
314 436 1231
424 889 1335
889 424 1335
1335 424 889
830 256 811
811 256 830
256 811 830
1020 481 1331
1331 481 1020
481 1020 1331
739 377 909
377 739 909
909 377 739
684 853 1425
853 684 1425
1425 684 853
584 809 1162
809 584 1162
1162 584 809
1301 835 1237
1237 835 1301
835 1237 1301
776 813 1178
813 776 1178
1178 776 813
249 1013 1174
1174 249 1013
1013 249 1174
752 948 1256
948 752 1256
1256 752 948
281 848 1070
1070 281 848
848 281 1070
920 919 1107
919 920 1107
1107 919 920
972 4 405
405 4 972
4 405 972
152 57 1471
1471 57 152
57 152 1471
1121 310 1449
1449 310 1121
310 1121 1449
372 14 472
472 14 372
14 372 472
1327 1005 1140
1140 1005 1327
1005 1140 1327
67 48 87
87 48 67
48 67 87
309 96 959
96 309 959
959 96 309
1482 646 1411
1411 646 1482
646 1411 1482
971 184 822
822 184 971
184 822 971
1087 169 935
935 169 1087
169 935 1087
837 473 656
473 656 837
656 473 837
50 624 1292
624 50 1292
1292 50 624
814 461 698
461 698 814
698 461 814
163 299 441
441 163 299
299 163 441
396 1234 1438
1438 396 1234
1234 396 1438
655 589 954
589 655 954
954 589 655
488 727 1147
727 488 1147
1147 488 727
950 1180 1360
1180 950 1360
1360 950 1180
160 503 1260
1260 160 503
503 160 1260
714 218 923
218 714 923
923 218 714
1042 1305 1343
1343 1042 1305
1305 1042 1343
1342 364 1114
1114 364 1342
364 1114 1342
508 42 683
683 42 508
42 508 683
617 321 767
321 617 767
767 321 617
1477 80 1056
1056 80 1477
80 1056 1477
494 561 1206
1206 494 561
561 494 1206
1052 408 1388
1388 408 1052
408 1052 1388
118 1080 1096
1096 118 1080
1080 118 1096
693 517 1097
517 693 1097
1097 517 693
871 78 227
227 78 871
78 227 871
840 402 952
402 840 952
952 402 840
388 933 1203
933 388 1203
1203 388 933
72 350 1483
1483 72 350
350 72 1483
953 808 1079
808 953 1079
1079 808 953
659 585 893
585 659 893
893 585 659
40 1404 1461
1404 40 1461
1461 40 1404
1025 838 1414
838 1025 1414
1414 838 1025
303 718 1158
1158 303 718
718 303 1158
694 734 1402
1402 694 734
734 694 1402
395 124 228
124 228 395
228 124 395
1441 699 1401
1401 699 1441
699 1401 1441
1294 645 1395
645 1294 1395
1395 645 1294
818 368 523
523 368 818
368 523 818
1447 114 400
400 114 1447
114 400 1447
781 417 763
417 763 781
763 417 781
534 251 1258
1258 251 534
251 534 1258
536 558 723
723 536 558
558 536 723
735 6 98
6 98 735
98 6 735
712 187 728
187 712 728
728 187 712
1065 633 685
685 633 1065
633 685 1065
841 978 1432
978 841 1432
1432 841 978
1074 162 980
162 980 1074
980 162 1074
1199 1302 1330
1330 1199 1302
1302 1199 1330
109 207 412
412 109 207
207 109 412
326 342 605
342 326 605
605 326 342
1157 378 1316
378 1157 1316
1316 378 1157
1057 1218 1491
1491 1057 1218
1218 1057 1491
242 290 1464
290 242 1464
1464 242 290
1303 539 620
539 620 1303
620 539 1303
39 79 259
79 39 259
259 39 79
480 83 575
83 480 575
575 83 480
261 327 600
327 261 600
600 261 327
1126 275 328
328 275 1126
275 328 1126
689 765 790
790 689 765
765 689 790
1484 298 475
298 475 1484
475 298 1484
644 204 1236
1236 204 644
204 644 1236
826 63 932
932 63 826
63 826 932
383 468 672
672 383 468
468 383 672
576 27 846
846 27 576
27 576 846
949 1277 1363
1363 949 1277
1277 949 1363
989 285 345
285 345 989
345 285 989
912 128 415
415 128 912
128 415 912
212 445 1352
445 212 1352
1352 212 445
916 824 1050
1050 824 916
824 916 1050
197 101 463
101 197 463
463 101 197
483 477 1270
477 483 1270
1270 477 483
528 64 911
64 528 911
911 64 528
578 216 1488
216 578 1488
1488 216 578
1381 125 856
125 856 1381
856 125 1381
974 65 736
736 65 974
65 736 974
760 362 1209
362 760 1209
1209 362 760
994 662 737
737 662 994
662 737 994
1186 715 1341
1341 715 1186
715 1186 1341
1132 742 1139
742 1132 1139
1139 742 1132
1066 747 1245
747 1066 1245
1245 747 1066
401 892 1493
892 401 1493
1493 401 892
354 374 1068
1068 354 374
374 354 1068
1116 1184 1392
1392 1116 1184
1184 1116 1392
238 201 1048
1048 201 238
201 238 1048
202 506 1403
506 202 1403
1403 202 506
1196 675 1498
1498 675 1196
675 1196 1498
798 1201 1216
1216 798 1201
1201 798 1216
1446 357 511
511 357 1446
357 511 1446
1022 440 1149
440 1022 1149
1149 440 1022
845 47 1475
47 845 1475
1475 47 845
1397 418 1249
418 1249 1397
1249 418 1397
762 640 1098
640 762 1098
1098 640 762
1268 509 697
697 509 1268
509 697 1268
1283 283 613
283 613 1283
613 283 1283
1367 639 1257
639 1257 1367
1257 639 1367
232 780 1496
780 232 1496
1496 232 780
636 1059 1119
1119 636 1059
1059 636 1119
829 449 766
449 766 829
766 449 829
153 335 875
875 153 335
335 153 875
166 647 1251
1251 166 647
647 166 1251
703 62 1476
62 703 1476
1476 62 703
1368 1073 1082
1082 1073 1368
1073 1082 1368
355 722 969
969 355 722
722 355 969
183 308 719
308 183 719
719 183 308
466 1129 1427
1129 466 1427
1427 466 1129
1288 239 330
330 239 1288
239 330 1288
1047 1018 1500
1018 1047 1500
1500 1018 1047
322 406 1315
1315 322 406
406 322 1315
937 1207 1389
1389 937 1207
1207 937 1389
1296 1040 1317
1317 1040 1296
1040 1296 1317
77 825 1387
825 77 1387
1387 77 825
1088 532 1238
532 1088 1238
1238 532 1088
226 587 991
991 226 587
587 226 991
819 425 563
563 425 819
425 563 819
37 1188 1273
1188 37 1273
1273 37 1188
1390 94 692
692 94 1390
94 692 1390
1325 173 1091
173 1091 1325
1091 173 1325
810 967 1072
967 810 1072
1072 810 967
865 753 759
753 759 865
759 753 865
349 804 1444
1444 349 804
804 349 1444
939 556 565
556 565 939
565 556 939
191 519 1142
1142 191 519
519 191 1142
420 996 997
997 420 996
996 420 997
260 230 1214
1214 230 260
230 260 1214
654 886 1101
1101 654 886
886 654 1101
786 579 1187
1187 579 786
579 786 1187
880 914 1383
1383 880 914
914 880 1383
1246 470 928
928 470 1246
470 928 1246
45 1276 1472
1472 45 1276
1276 45 1472
921 158 1405
158 921 1405
1405 158 921
145 376 429
429 145 376
376 145 429
229 529 1239
1239 229 529
529 229 1239
550 224 1346
1346 224 550
224 550 1346
796 807 1287
807 796 1287
1287 796 807
341 788 1242
788 341 1242
1242 341 788
965 199 1265
1265 199 965
199 965 1265
688 182 1400
182 688 1400
1400 182 688
246 687 1002
687 246 1002
1002 246 687
910 297 495
297 495 910
495 297 910
1263 1118 1211
1211 1118 1263
1118 1211 1263
265 250 926
250 265 926
926 250 265
220 188 492
492 188 220
188 220 492
304 149 1468
149 304 1468
1468 149 304
631 961 987
961 631 987
987 631 961
1430 741 1304
1304 741 1430
741 1304 1430
1434 1071 1280
1280 1071 1434
1071 1280 1434
943 1006 1160
1006 943 1160
1160 943 1006
598 593 629
593 598 629
629 593 598
560 502 590
590 502 560
502 560 590
858 769 1204
1204 769 858
769 858 1204
1495 453 1399
453 1399 1495
1399 453 1495
280 278 1479
278 280 1479
1479 278 280
1173 305 1485
1485 305 1173
305 1173 1485
312 1 120
1 120 312
120 1 312
1459 68 1037
68 1037 1459
1037 68 1459
1224 17 627
17 627 1224
627 17 1224
1452 82 583
82 583 1452
583 82 1452
1054 54 897
897 54 1054
54 897 1054
334 13 648
648 13 334
13 334 648
785 493 1250
1250 493 785
493 785 1250
431 554 791
791 431 554
554 431 791
513 820 984
984 513 820
820 513 984
1274 90 1470
90 1274 1470
1470 90 1274
651 359 907
359 651 907
907 359 651
940 20 501
20 501 940
501 20 940
538 1099 1136
1136 538 1099
1099 538 1136
129 1384 1391
1391 129 1384
1384 129 1391
1281 234 877
877 234 1281
234 877 1281
279 764 1321
764 279 1321
1321 279 764
1385 107 730
107 730 1385
730 107 1385
1153 849 900
849 900 1153
900 849 1153
958 1357 1382
1382 958 1357
1357 958 1382
1241 898 1309
898 1241 1309
1309 898 1241
1012 588 1319
588 1012 1319
1319 588 1012
185 1085 1208
1085 185 1208
1208 185 1085
15 294 416
294 15 416
416 15 294
71 225 915
915 71 225
225 71 915
828 51 945
945 51 828
51 828 945
108 586 1235
1235 108 586
586 108 1235
559 630 982
982 559 630
630 559 982
701 951 1230
951 701 1230
1230 701 951
320 725 1213
725 320 1213
1213 320 725
288 317 594
594 288 317
317 288 594
254 545 1282
1282 254 545
545 254 1282
273 547 1062
547 273 1062
1062 273 547
210 236 843
236 210 843
843 210 236
885 318 1372
318 885 1372
1372 318 885
375 192 527
527 192 375
192 375 527
784 287 908
287 784 908
908 287 784
379 708 1171
1171 379 708
708 379 1171
1290 233 1448
1448 233 1290
233 1290 1448
1423 38 110
38 110 1423
110 38 1423
962 157 942
157 942 962
942 157 962
1285 174 524
524 174 1285
174 524 1285
338 389 1340
389 338 1340
1340 338 389
868 860 1030
1030 860 868
860 868 1030
553 414 484
484 414 553
414 484 553
610 8 855
8 610 855
855 8 610
1017 286 1192
286 1017 1192
1192 286 1017
637 557 1189
1189 557 637
557 637 1189
30 469 895
469 30 895
895 30 469
237 91 844
844 91 237
91 237 844
73 381 1051
381 73 1051
1051 73 381
148 93 1135
93 148 1135
1135 93 148
111 351 1034
351 111 1034
1034 111 351
177 726 777
726 177 777
777 177 726
386 1133 1311
1311 386 1133
1133 386 1311
817 485 947
947 485 817
485 817 947
277 363 464
464 277 363
363 277 464
154 352 566
352 154 566
566 154 352
398 29 205
205 29 398
29 205 398
407 607 717
607 407 717
717 407 607
1361 66 882
66 882 1361
882 66 1361
316 422 1232
1232 316 422
422 316 1232
990 361 392
361 392 990
392 361 990
525 10 100
10 100 525
100 10 525
1170 70 336
336 70 1170
70 336 1170
434 1102 1416
1102 434 1416
1416 434 1102
653 198 1076
1076 198 653
198 653 1076
894 271 1217
271 894 1217
1217 271 894
147 1159 1269
1269 147 1159
1159 147 1269
641 597 1286
597 641 1286
1286 597 641
427 1008 1300
1008 427 1300
1300 427 1008
1374 628 805
628 805 1374
805 628 1374
165 333 1366
1366 165 333
333 165 1366
543 973 1090
1090 543 973
973 543 1090
707 22 373
22 373 707
373 22 707
81 219 956
956 81 219
219 81 956
206 33 106
33 106 206
106 33 206
1128 35 274
35 274 1128
274 35 1128
262 1279 1396
1279 262 1396
1396 262 1279
84 369 474
474 84 369
369 84 474
677 172 1064
172 677 1064
1064 172 677
58 1105 1426
1426 58 1105
1105 58 1426
196 180 358
180 196 358
358 180 196
268 520 1490
520 268 1490
1490 268 520
454 1120 1413
1120 454 1413
1413 454 1120
720 179 1418
179 720 1418
1418 179 720
881 164 1190
164 881 1190
1190 164 881
252 1322 1467
1467 252 1322
1322 252 1467
115 1007 1369
1007 115 1369
1369 115 1007
1240 311 522
311 522 1240
522 311 1240
611 306 1421
306 611 1421
1421 306 611
857 608 1267
1267 608 857
608 857 1267
981 487 568
568 487 981
487 568 981
815 531 1131
531 815 1131
1131 531 815
1033 905 1182
905 1033 1182
1182 905 1033
650 592 768
768 592 650
592 650 768
247 133 793
793 133 247
133 247 793
1028 934 1226
934 1028 1226
1226 934 1028
1127 512 696
512 696 1127
696 512 1127
1323 668 1197
1197 668 1323
668 1197 1323
580 428 710
710 428 580
428 580 710
938 738 1130
1130 738 938
738 938 1130
1152 444 1436
444 1152 1436
1436 444 1152
450 457 1167
457 450 1167
1167 450 457
888 821 1141
821 888 1141
1141 821 888
1177 343 1215
343 1177 1215
1215 343 1177
850 451 1003
451 850 1003
1003 451 850
248 121 245
121 245 248
245 121 248
1259 112 156
156 112 1259
112 156 1259
1035 143 861
861 143 1035
143 861 1035
533 691 713
713 533 691
691 533 713
1344 1027 1454
1454 1027 1344
1027 1344 1454
344 217 772
217 344 772
772 217 344
1123 773 1429
1429 773 1123
773 1123 1429
883 276 678
678 276 883
276 678 883
411 127 385
385 127 411
127 385 411
59 1010 1293
1293 59 1010
1010 59 1293
733 1198 1244
1198 733 1244
1244 733 1198
134 552 993
552 134 993
993 134 552
836 874 1061
874 836 1061
1061 836 874
979 783 1166
1166 783 979
783 979 1166
1378 282 827
827 282 1378
282 827 1378
255 16 1295
1295 16 255
16 255 1295
530 18 53
18 53 530
53 18 530
403 61 754
61 403 754
754 61 403
479 241 284
284 241 479
241 284 479
1055 387 1261
1261 387 1055
387 1055 1261
676 854 1081
854 676 1081
1081 676 854
1333 1143 1409
1409 1143 1333
1143 1333 1409
1146 300 384
300 384 1146
384 300 1146
869 1111 1415
1111 869 1415
1415 869 1111
1154 1289 1358
1358 1154 1289
1289 1154 1358
410 941 966
966 410 941
941 410 966
794 52 465
52 465 794
465 52 794
870 295 1272
1272 295 870
295 870 1272
1410 716 1089
716 1089 1410
1089 716 1410
612 296 1349
296 612 1349
1349 296 612
1058 331 1339
331 1058 1339
1339 331 1058
74 136 458
136 74 458
458 74 136
131 315 1108
1108 131 315
315 131 1108
702 391 1428
391 702 1428
1428 391 702
1200 462 755
462 755 1200
755 462 1200
193 432 1078
432 193 1078
1078 193 432
151 301 329
329 151 301
301 151 329
380 839 1453
839 380 1453
1453 380 839
1168 132 955
132 955 1168
955 132 1168
571 25 917
25 571 917
917 25 571
1243 842 1489
842 1243 1489
1489 842 1243
595 447 806
806 447 595
447 595 806
977 1069 1297
1069 977 1297
1297 977 1069
721 642 1086
642 721 1086
1086 642 721
370 141 913
913 141 370
141 370 913
505 1291 1308
1291 505 1308
1308 505 1291
652 664 709
664 652 709
709 652 664
1122 1106 1307
1106 1122 1307
1307 1106 1122
1031 289 960
960 289 1031
289 960 1031
139 243 1176
1176 139 243
243 139 1176
992 812 1169
812 992 1169
1169 812 992
337 409 748
748 337 409
409 337 748
1093 223 1175
223 1093 1175
1175 223 1093
669 704 970
704 669 970
970 669 704
1408 393 964
393 964 1408
964 393 1408
269 1077 1379
1379 269 1077
1077 269 1379
614 222 1480
1480 222 614
222 614 1480
190 526 863
863 190 526
526 190 863
