7551 3945 13315
13315 3945 7551
3945 7551 13315
2730 5203 14650
5203 2730 14650
14650 2730 5203
6124 449 3935
3935 449 6124
449 3935 6124
14850 566 12396
12396 566 14850
566 12396 14850
997 9069 12945
12945 997 9069
9069 997 12945
7466 2460 3245
3245 2460 7466
2460 3245 7466
14174 4945 11592
11592 4945 14174
4945 11592 14174
12944 4068 11570
11570 4068 12944
4068 11570 12944
2809 1000 7448
7448 1000 2809
1000 2809 7448
7629 12247 14448
14448 7629 12247
12247 7629 14448
14272 8188 14632
14632 8188 14272
8188 14272 14632
11002 3902 12647
12647 3902 11002
3902 11002 12647
3781 5642 13413
5642 3781 13413
13413 3781 5642
14887 6738 13622
6738 13622 14887
13622 6738 14887
10696 2255 14898
14898 2255 10696
2255 10696 14898
11016 12409 12838
12409 11016 12838
12838 11016 12409
9087 8530 12414
8530 9087 12414
12414 8530 9087
6786 8977 13698
8977 6786 13698
13698 6786 8977
9843 1847 6194
6194 1847 9843
1847 6194 9843
711 9817 14302
14302 711 9817
9817 711 14302
11125 7858 10141
7858 10141 11125
10141 7858 11125
5517 1713 5348
5348 1713 5517
1713 5348 5517
9493 9697 12333
12333 9493 9697
9697 9493 12333
4170 2159 4015
4015 2159 4170
2159 4015 4170
10331 2844 4867
4867 2844 10331
2844 4867 10331
5933 3711 11225
11225 3711 5933
3711 5933 11225
13234 4027 4845
4845 4027 13234
4027 4845 13234
4370 2968 6486
6486 2968 4370
2968 4370 6486
12239 7591 12911
7591 12239 12911
12911 7591 12239
5074 3180 5450
3180 5074 5450
5450 3180 5074
2517 9216 11803
9216 2517 11803
11803 2517 9216
8975 5164 13423
13423 5164 8975
5164 8975 13423
10599 4596 13379
13379 4596 10599
4596 10599 13379
1458 6873 12046
6873 1458 12046
12046 1458 6873
6117 489 3969
3969 489 6117
489 3969 6117
215 5190 6929
6929 215 5190
5190 215 6929
13700 5178 11789
11789 5178 13700
5178 11789 13700
13419 7455 11852
11852 7455 13419
7455 11852 13419
11527 10535 13188
13188 10535 11527
10535 11527 13188
14494 8380 9289
9289 8380 14494
8380 9289 14494
14090 584 13931
13931 584 14090
584 13931 14090
3967 4407 12547
12547 3967 4407
4407 3967 12547
4999 625 12574
12574 625 4999
625 4999 12574
7999 9310 13623
9310 7999 13623
13623 7999 9310
3360 5760 14359
14359 3360 5760
5760 3360 14359
14936 6358 10039
6358 10039 14936
10039 6358 14936
2164 904 4328
4328 904 2164
904 2164 4328
129 10542 14055
14055 129 10542
10542 129 14055
10121 4647 10120
10120 4647 10121
4647 10120 10121
12442 4730 9206
9206 4730 12442
4730 9206 12442
13725 9501 10330
10330 9501 13725
9501 10330 13725
1955 13610 14835
14835 1955 13610
13610 1955 14835
956 13316 14665
13316 956 14665
14665 956 13316
13946 10962 12791
10962 12791 13946
12791 10962 13946
4342 10992 11853
10992 4342 11853
11853 4342 10992
4475 13558 14612
14612 4475 13558
13558 4475 14612
9683 264 5098
264 5098 9683
5098 264 9683
11213 10106 12210
12210 10106 11213
10106 11213 12210
4223 230 9835
9835 230 4223
230 4223 9835
9735 5038 9540
5038 9540 9735
9540 5038 9735
8995 7731 10382
10382 7731 8995
7731 8995 10382
3478 4036 14238
14238 3478 4036
4036 3478 14238
13203 3632 11734
11734 3632 13203
3632 11734 13203
5741 3716 8349
8349 3716 5741
3716 5741 8349
2976 13068 13530
13068 2976 13530
13530 2976 13068
12234 7216 14651
14651 7216 12234
7216 12234 14651
8863 1209 11668
1209 8863 11668
11668 1209 8863
3301 4377 14001
14001 3301 4377
4377 3301 14001
10016 5259 14220
14220 5259 10016
5259 10016 14220
12630 613 1869
1869 613 12630
613 1869 12630
1558 14365 14481
14481 1558 14365
14365 1558 14481
6015 3004 12951
3004 6015 12951
12951 3004 6015
12013 1760 14406
1760 12013 14406
14406 1760 12013
4002 4878 13338
4878 4002 13338
13338 4002 4878
12397 13405 14549
13405 12397 14549
14549 12397 13405
2443 6460 14778
6460 2443 14778
14778 2443 6460
5174 3587 9879
3587 5174 9879
9879 3587 5174
8189 7818 13804
7818 8189 13804
13804 7818 8189
2091 7799 14948
14948 2091 7799
7799 2091 14948
8119 3108 5089
5089 3108 8119
3108 5089 8119
3868 203 10573
203 3868 10573
10573 203 3868
5789 1870 13101
1870 5789 13101
13101 1870 5789
12303 975 7252
7252 975 12303
975 7252 12303
11646 407 14158
14158 407 11646
407 11646 14158
10268 2041 9051
9051 2041 10268
2041 9051 10268
8960 10051 14369
14369 8960 10051
10051 8960 14369
12824 6851 9984
9984 6851 12824
6851 9984 12824
14538 2167 2667
2167 2667 14538
2667 2167 14538
13271 5426 8943
8943 5426 13271
5426 8943 13271
4419 5719 14482
5719 4419 14482
14482 4419 5719
1930 4283 4416
4416 1930 4283
4283 1930 4416
5013 3038 8197
8197 3038 5013
3038 5013 8197
12001 3362 4686
3362 4686 12001
4686 3362 12001
10295 985 4914
985 4914 10295
4914 985 10295
12894 779 6204
779 6204 12894
6204 779 12894
12888 1019 5546
1019 5546 12888
5546 1019 12888
10755 8225 13994
13994 8225 10755
8225 10755 13994
4252 6930 7886
7886 4252 6930
6930 4252 7886
12107 8649 14831
8649 12107 14831
14831 8649 12107
8167 9747 9989
9747 8167 9989
9989 8167 9747
6390 2831 9050
9050 2831 6390
2831 6390 9050
7413 5501 11708
11708 5501 7413
5501 7413 11708
2653 2715 14400
14400 2653 2715
2715 2653 14400
797 11996 13141
13141 797 11996
11996 797 13141
8505 9674 10955
9674 8505 10955
10955 8505 9674
12982 82 11034
82 11034 12982
11034 82 12982
2341 9913 12734
12734 2341 9913
9913 2341 12734
12088 1127 1315
1127 1315 12088
1315 1127 12088
4702 6834 10570
10570 4702 6834
6834 4702 10570
9933 11517 12213
12213 9933 11517
11517 9933 12213
5239 12199 12844
12844 5239 12199
12199 5239 12844
13549 10356 11915
11915 10356 13549
10356 11915 13549
7056 7572 10901
10901 7056 7572
7572 7056 10901
6798 3872 4663
4663 3872 6798
3872 4663 6798
13322 6395 11557
11557 6395 13322
6395 11557 13322
13297 2465 3162
2465 3162 13297
3162 2465 13297
1254 294 9753
9753 294 1254
294 1254 9753
11861 6523 8655
6523 8655 11861
8655 6523 11861
10171 8674 12161
8674 10171 12161
12161 8674 10171
8780 195 11542
11542 195 8780
195 8780 11542
1375 1200 13521
13521 1200 1375
1200 1375 13521
8955 5906 6263
5906 6263 8955
6263 5906 8955
5060 5992 11450
11450 5060 5992
5992 5060 11450
10477 7414 7666
7666 7414 10477
7414 7666 10477
4319 3940 10699
3940 4319 10699
10699 3940 4319
8486 1008 14046
14046 1008 8486
1008 8486 14046
14471 2631 11806
2631 11806 14471
11806 2631 14471
9489 4695 8423
8423 4695 9489
4695 8423 9489
3401 9688 13612
9688 3401 13612
13612 3401 9688
13708 6392 7179
6392 7179 13708
7179 6392 13708
13721 531 1447
531 1447 13721
1447 531 13721
14700 6249 13780
13780 6249 14700
6249 13780 14700
868 8480 13775
8480 868 13775
13775 868 8480
14032 4433 10045
10045 4433 14032
4433 10045 14032
1796 3614 4503
4503 1796 3614
3614 1796 4503
3636 2064 12910
12910 2064 3636
2064 3636 12910
1287 9667 10582
9667 1287 10582
10582 1287 9667
6687 2593 6596
6596 2593 6687
2593 6596 6687
2682 805 7375
7375 805 2682
805 2682 7375
2437 9492 9865
9865 2437 9492
9492 2437 9865
14326 175 10194
10194 175 14326
175 10194 14326
2606 9713 12802
12802 2606 9713
9713 2606 12802
7114 6398 11876
6398 7114 11876
11876 6398 7114
9295 9246 14154
9246 9295 14154
14154 9246 9295
9547 2215 6910
6910 2215 9547
2215 6910 9547
103 3623 5304
3623 103 5304
5304 103 3623
14566 5165 13007
5165 13007 14566
13007 5165 14566
13995 7474 10387
7474 10387 13995
10387 7474 13995
3438 322 6695
322 3438 6695
6695 322 3438
12332 2415 11890
11890 2415 12332
2415 11890 12332
10461 7749 8258
8258 7749 10461
7749 8258 10461
2233 1264 10152
10152 1264 2233
1264 2233 10152
12847 7257 10812
7257 10812 12847
10812 7257 12847
3706 6156 13381
13381 3706 6156
6156 3706 13381
7293 13319 14011
13319 7293 14011
14011 7293 13319
1456 4134 11538
11538 1456 4134
4134 1456 11538
11406 11366 13466
11366 11406 13466
13466 11366 11406
4802 4910 8431
8431 4802 4910
4910 4802 8431
10190 537 9863
537 9863 10190
9863 537 10190
1749 1927 2574
2574 1749 1927
1927 1749 2574
3148 2808 6775
2808 3148 6775
6775 2808 3148
4917 4104 13787
13787 4104 4917
4104 4917 13787
8761 1040 1720
1720 1040 8761
1040 1720 8761
2954 3914 4683
4683 2954 3914
3914 2954 4683
6099 2665 6779
2665 6099 6779
6779 2665 6099
7568 8592 13723
13723 7568 8592
8592 7568 13723
9187 8439 10736
10736 8439 9187
8439 9187 10736
4987 2475 6941
2475 4987 6941
6941 2475 4987
7510 1810 5200
5200 1810 7510
1810 5200 7510
6064 5246 9655
5246 6064 9655
9655 5246 6064
1768 41 4870
4870 41 1768
41 1768 4870
6337 4682 14715
4682 6337 14715
14715 4682 6337
8514 1118 9601
9601 1118 8514
1118 8514 9601
13418 12122 14431
12122 13418 14431
14431 12122 13418
5093 2022 3523
2022 3523 5093
3523 2022 5093
11418 5123 12562
12562 5123 11418
5123 11418 12562
3123 7365 8312
8312 3123 7365
7365 3123 8312
562 2671 6728
2671 562 6728
6728 562 2671
7747 339 819
339 819 7747
819 339 7747
11883 3978 11561
3978 11561 11883
11561 3978 11883
9842 7138 12135
12135 7138 9842
7138 9842 12135
2154 9264 12967
12967 2154 9264
9264 2154 12967
10997 9964 14609
9964 10997 14609
14609 9964 10997
3094 3206 5616
5616 3094 3206
3206 3094 5616
2490 7041 7177
7041 2490 7177
7177 2490 7041
8529 2058 5159
5159 2058 8529
2058 5159 8529
14634 8476 8641
8641 8476 14634
8476 8641 14634
13905 8816 11623
8816 11623 13905
11623 8816 13905
4231 8528 10459
10459 4231 8528
8528 4231 10459
680 6692 10953
6692 680 10953
10953 680 6692
12696 4790 12568
4790 12568 12696
12568 4790 12696
8657 13344 13574
13574 8657 13344
13344 8657 13574
6637 1421 7505
1421 6637 7505
7505 1421 6637
13984 4520 6316
6316 4520 13984
4520 6316 13984
9200 307 12867
12867 307 9200
307 9200 12867
12921 228 446
228 446 12921
446 228 12921
10346 2806 6188
6188 2806 10346
2806 6188 10346
11363 738 11380
11380 738 11363
738 11363 11380
2935 7561 9446
7561 2935 9446
9446 2935 7561
9307 10306 13576
13576 9307 10306
10306 9307 13576
6962 776 4098
776 4098 6962
4098 776 6962
14336 6774 9182
9182 6774 14336
6774 9182 14336
7243 3834 4616
4616 3834 7243
3834 4616 7243
2 7115 9720
9720 2 7115
7115 2 9720
14741 4227 11135
4227 11135 14741
11135 4227 14741
7883 4272 10216
4272 7883 10216
10216 4272 7883
11494 327 10358
10358 327 11494
327 10358 11494
843 864 6552
864 843 6552
6552 843 864
12660 7038 9482
9482 7038 12660
7038 9482 12660
14573 4828 11733
4828 11733 14573
11733 4828 14573
5148 2434 12853
2434 5148 12853
12853 2434 5148
3537 6418 10029
6418 3537 10029
10029 3537 6418
10756 3554 5396
3554 5396 10756
5396 3554 10756
1519 1612 12118
1612 1519 12118
12118 1519 1612
3080 1548 6972
6972 1548 3080
1548 3080 6972
3548 9145 12268
9145 3548 12268
12268 3548 9145
12219 13424 13999
13424 12219 13999
13999 12219 13424
3918 4501 8408
4501 3918 8408
8408 3918 4501
1946 7342 8951
8951 1946 7342
7342 1946 8951
10294 674 2316
2316 674 10294
674 2316 10294
13347 4033 4530
4033 4530 13347
4530 4033 13347
13884 2597 5472
2597 5472 13884
5472 2597 13884
10886 161 194
161 194 10886
194 161 10886
13676 7357 11141
11141 7357 13676
7357 11141 13676
9728 3524 10774
3524 9728 10774
10774 3524 9728
182 1635 6155
6155 182 1635
1635 182 6155
3213 4343 10180
10180 3213 4343
4343 3213 10180
13930 1601 3185
3185 1601 13930
1601 3185 13930
11162 8784 11317
8784 11162 11317
11317 8784 11162
3051 682 11037
682 3051 11037
11037 682 3051
8199 11329 14796
14796 8199 11329
11329 8199 14796
3561 5266 11427
5266 3561 11427
11427 3561 5266
8190 1432 14886
14886 1432 8190
1432 8190 14886
9538 4842 13246
4842 9538 13246
13246 4842 9538
12201 4128 5157
4128 5157 12201
5157 4128 12201
10948 12843 12914
12914 10948 12843
12843 10948 12914
434 10219 14839
10219 434 14839
14839 434 10219
1584 7983 9113
9113 1584 7983
7983 1584 9113
10342 4950 10359
10359 4950 10342
4950 10342 10359
1222 12 10832
10832 12 1222
12 1222 10832
11706 2779 3936
3936 2779 11706
2779 3936 11706
7487 2966 9116
2966 7487 9116
9116 2966 7487
9798 7517 10090
10090 7517 9798
7517 9798 10090
12623 2795 11097
2795 11097 12623
11097 2795 12623
14015 3068 6098
3068 6098 14015
6098 3068 14015
7225 925 1964
1964 925 7225
925 1964 7225
199 8343 11700
11700 199 8343
8343 199 11700
14675 5439 12281
5439 12281 14675
12281 5439 14675
3829 426 6656
6656 426 3829
426 3829 6656
5613 4174 13912
13912 4174 5613
4174 5613 13912
10124 10044 11754
11754 10044 10124
10044 10124 11754
7649 12270 13477
13477 7649 12270
12270 7649 13477
9914 4129 6688
6688 4129 9914
4129 6688 9914
6551 2231 2867
2867 2231 6551
2231 2867 6551
14521 4066 14356
4066 14356 14521
14356 4066 14521
13640 1114 10780
10780 1114 13640
1114 10780 13640
10969 7892 10636
7892 10636 10969
10636 7892 10969
11152 2520 6288
2520 6288 11152
6288 2520 11152
4626 1897 6481
6481 1897 4626
1897 4626 6481
9807 6504 7736
7736 6504 9807
6504 7736 9807
10596 2824 6369
2824 6369 10596
6369 2824 10596
2544 3507 5422
5422 2544 3507
3507 2544 5422
14236 3141 4001
4001 3141 14236
3141 4001 14236
10903 162 12466
162 10903 12466
12466 162 10903
11248 737 4732
737 4732 11248
4732 737 11248
2832 2075 7724
7724 2075 2832
2075 2832 7724
2486 6001 7107
6001 2486 7107
7107 2486 6001
8398 1193 9710
9710 1193 8398
1193 8398 9710
9317 7893 11872
11872 7893 9317
7893 9317 11872
8177 2538 7679
2538 7679 8177
7679 2538 8177
3222 508 6783
508 3222 6783
6783 508 3222
14086 7876 13518
7876 13518 14086
13518 7876 14086
1633 9153 9260
9153 1633 9260
9260 1633 9153
5525 591 5345
591 5345 5525
5345 591 5525
10464 6734 7276
6734 7276 10464
7276 6734 10464
3718 10225 10586
10225 3718 10586
10586 3718 10225
14465 2812 12633
12633 2812 14465
2812 12633 14465
10619 2507 6197
6197 2507 10619
2507 6197 10619
5977 6675 6806
6806 5977 6675
6675 5977 6806
8470 3013 5242
5242 3013 8470
3013 5242 8470
5819 3805 5863
3805 5819 5863
5863 3805 5819
11691 7102 10242
7102 10242 11691
10242 7102 11691
781 225 5050
5050 225 781
225 781 5050
1140 7 13998
7 1140 13998
13998 7 1140
522 2739 13438
13438 522 2739
2739 522 13438
13088 2618 8683
8683 2618 13088
2618 8683 13088
2957 2841 8569
2841 2957 8569
8569 2841 2957
653 8440 10323
10323 653 8440
8440 653 10323
1330 8818 10664
10664 1330 8818
8818 1330 10664
2130 157 2448
157 2130 2448
2448 157 2130
8871 11679 12278
11679 8871 12278
12278 8871 11679
14798 962 4868
4868 962 14798
962 4868 14798
1984 10384 11184
10384 1984 11184
11184 1984 10384
6905 7422 14217
14217 6905 7422
7422 6905 14217
14399 2037 4656
4656 2037 14399
2037 4656 14399
5091 11134 12681
12681 5091 11134
11134 5091 12681
14129 2090 12225
2090 12225 14129
12225 2090 14129
10435 8022 13741
8022 10435 13741
13741 8022 10435
1541 5247 13901
13901 1541 5247
5247 1541 13901
3030 6146 10818
6146 3030 10818
10818 3030 6146
9922 184 7502
184 7502 9922
7502 184 9922
5532 5377 10557
10557 5377 5532
5377 5532 10557
6500 1668 7553
7553 1668 6500
1668 6500 7553
13734 6010 8581
8581 6010 13734
6010 8581 13734
13085 7445 11324
11324 7445 13085
7445 11324 13085
8783 8946 11227
8946 8783 11227
11227 8783 8946
9591 3047 10855
10855 3047 9591
3047 9591 10855
623 5312 13298
5312 623 13298
13298 623 5312
2071 12060 13749
13749 2071 12060
12060 2071 13749
4561 8492 8604
8492 4561 8604
8604 4561 8492
5950 120 13027
120 5950 13027
13027 120 5950
7615 2939 6744
6744 2939 7615
2939 6744 7615
12651 9459 11795
9459 11795 12651
11795 9459 12651
11085 1710 2882
2882 1710 11085
1710 2882 11085
3966 7853 7871
7871 3966 7853
7853 3966 7871
11411 10091 12073
10091 11411 12073
12073 10091 11411
3855 5806 7810
7810 3855 5806
5806 3855 7810
3952 7479 13112
7479 3952 13112
13112 3952 7479
13771 10512 14563
10512 13771 14563
14563 10512 13771
2789 2056 7951
7951 2056 2789
2056 2789 7951
5972 13393 14213
14213 5972 13393
13393 5972 14213
3832 128 12616
128 3832 12616
12616 128 3832
13238 12147 12999
12147 12999 13238
12999 12147 13238
11408 796 2072
796 2072 11408
2072 796 11408
7798 559 1318
1318 559 7798
559 1318 7798
12116 4518 13832
13832 4518 12116
4518 12116 13832
14392 5277 11567
11567 5277 14392
5277 11567 14392
12425 2113 7921
2113 7921 12425
7921 2113 12425
9669 6765 12564
6765 9669 12564
12564 6765 9669
12663 235 12404
12404 235 12663
235 12404 12663
7387 3565 14511
3565 7387 14511
14511 3565 7387
7654 3572 7658
3572 7654 7658
7658 3572 7654
3260 6485 12721
6485 3260 12721
12721 3260 6485
11964 2879 8304
8304 2879 11964
2879 8304 11964
5724 2253 4774
2253 4774 5724
4774 2253 5724
2370 10 12455
12455 10 2370
10 2370 12455
9615 287 7764
287 7764 9615
7764 287 9615
2111 6672 10524
6672 2111 10524
10524 2111 6672
10149 5867 13850
13850 5867 10149
5867 10149 13850
10168 957 7394
957 7394 10168
7394 957 10168
4394 915 10648
915 4394 10648
10648 915 4394
7266 1295 9891
9891 1295 7266
1295 7266 9891
14059 7188 10761
10761 7188 14059
7188 10761 14059
3858 1701 3473
3473 1701 3858
1701 3473 3858
11259 604 9432
604 9432 11259
9432 604 11259
3003 3277 14955
14955 3003 3277
3277 3003 14955
2794 2278 9509
2278 2794 9509
9509 2278 2794
2344 7800 14140
7800 2344 14140
14140 2344 7800
2452 10527 13646
13646 2452 10527
10527 2452 13646
14000 6017 10906
10906 6017 14000
6017 10906 14000
7025 4673 12067
4673 7025 12067
12067 4673 7025
938 1086 9464
1086 938 9464
9464 938 1086
5655 2346 11334
11334 2346 5655
2346 5655 11334
2505 1692 10773
10773 1692 2505
1692 2505 10773
2710 824 3584
824 2710 3584
3584 824 2710
13368 2560 2971
2560 2971 13368
2971 2560 13368
6970 3616 7874
3616 6970 7874
7874 3616 6970
1199 11074 13399
11074 1199 13399
13399 1199 11074
4149 553 5388
553 4149 5388
5388 553 4149
4329 11261 12917
11261 4329 12917
12917 4329 11261
11776 3942 8748
3942 8748 11776
8748 3942 11776
9477 3439 13712
3439 9477 13712
13712 3439 9477
8732 2059 6531
2059 6531 8732
6531 2059 8732
14961 11807 14575
11807 14575 14961
14575 11807 14961
10592 2905 9723
9723 2905 10592
2905 9723 10592
12563 6665 9775
6665 9775 12563
9775 6665 12563
1513 8007 11032
11032 1513 8007
8007 1513 11032
14570 1104 12771
12771 1104 14570
1104 12771 14570
5520 2680 11849
2680 5520 11849
11849 2680 5520
10876 2637 5226
5226 2637 10876
2637 5226 10876
6900 1281 11169
1281 6900 11169
11169 1281 6900
10904 4186 11556
4186 10904 11556
11556 4186 10904
3851 2325 13824
13824 2325 3851
2325 3851 13824
10117 7135 8307
7135 8307 10117
8307 7135 10117
12558 735 7111
735 7111 12558
7111 735 12558
3342 6230 10895
6230 3342 10895
10895 3342 6230
14301 5056 10057
5056 10057 14301
10057 5056 14301
4243 12422 12965
12965 4243 12422
12422 4243 12965
7067 1036 14173
14173 1036 7067
1036 7067 14173
8013 319 7354
7354 319 8013
319 7354 8013
11995 4242 10390
10390 4242 11995
4242 10390 11995
471 12582 14114
14114 471 12582
12582 471 14114
3018 2553 5818
5818 2553 3018
2553 3018 5818
5336 7432 8382
8382 5336 7432
7432 5336 8382
9469 2679 10066
10066 2679 9469
2679 9469 10066
7018 8793 13044
13044 7018 8793
8793 7018 13044
6526 10122 10328
10328 6526 10122
10122 6526 10328
806 9470 13739
13739 806 9470
9470 806 13739
8196 12145 12873
12145 8196 12873
12873 8196 12145
2051 8151 14697
8151 2051 14697
14697 2051 8151
11857 668 11559
668 11559 11857
11559 668 11857
2776 3685 10479
10479 2776 3685
3685 2776 10479
11586 1553 8813
8813 1553 11586
1553 8813 11586
11534 9262 9363
9262 9363 11534
9363 9262 11534
3778 10034 10786
10034 3778 10786
10786 3778 10034
3118 2139 5221
2139 3118 5221
5221 2139 3118
11008 5339 8669
5339 8669 11008
8669 5339 11008
9261 745 1450
1450 745 9261
745 1450 9261
13900 739 3871
3871 739 13900
739 3871 13900
5282 1902 13803
13803 1902 5282
1902 5282 13803
11638 10726 10834
10834 10726 11638
10726 10834 11638
10642 2981 3061
3061 2981 10642
2981 3061 10642
7192 5717 8548
5717 7192 8548
8548 5717 7192
4204 3687 4258
3687 4204 4258
4258 3687 4204
2407 5761 7344
7344 2407 5761
5761 2407 7344
9744 5730 13777
5730 9744 13777
13777 5730 9744
14215 4042 7206
4042 7206 14215
7206 4042 14215
870 6260 7411
7411 870 6260
6260 870 7411
7646 3064 13553
3064 7646 13553
13553 3064 7646
953 6993 9574
6993 953 9574
9574 953 6993
1270 7388 8949
8949 1270 7388
7388 1270 8949
12772 2916 11512
2916 11512 12772
11512 2916 12772
10144 617 14915
14915 617 10144
617 10144 14915
14496 10889 12668
12668 10889 14496
10889 12668 14496
11834 3641 13826
13826 3641 11834
3641 11834 13826
2994 3275 13655
3275 2994 13655
13655 2994 3275
4642 6407 8971
8971 4642 6407
6407 4642 8971
5204 1688 12603
1688 5204 12603
12603 1688 5204
3725 1838 7571
1838 3725 7571
7571 1838 3725
13299 8477 8834
8834 8477 13299
8477 8834 13299
863 7227 14662
7227 863 14662
14662 863 7227
4514 3215 12749
12749 3215 4514
3215 4514 12749
8413 5886 5991
5991 5886 8413
5886 5991 8413
5046 1737 9514
9514 1737 5046
1737 5046 9514
8488 373 4336
373 4336 8488
4336 373 8488
10800 10132 11321
11321 10132 10800
10132 10800 11321
3159 3950 10450
10450 3159 3950
3950 3159 10450
4524 3150 10608
10608 3150 4524
3150 4524 10608
10311 2511 6857
6857 2511 10311
2511 6857 10311
6943 9663 12916
12916 6943 9663
9663 6943 12916
14593 4240 6525
6525 4240 14593
4240 6525 14593
4363 2288 7402
7402 2288 4363
2288 4363 7402
5417 882 10164
10164 882 5417
882 5417 10164
4989 1739 4172
1739 4172 4989
4172 1739 4989
1618 1358 3195
3195 1358 1618
1358 1618 3195
6979 5572 7663
5572 6979 7663
7663 5572 6979
7480 1336 13455
13455 1336 7480
1336 7480 13455
12056 9771 10388
9771 10388 12056
10388 9771 12056
9114 5570 12738
5570 9114 12738
12738 5570 9114
5680 889 6898
889 5680 6898
6898 889 5680
13663 1798 4278
4278 1798 13663
1798 4278 13663
14702 3637 9314
3637 9314 14702
9314 3637 14702
1496 9878 10176
10176 1496 9878
9878 1496 10176
10543 2639 9357
9357 2639 10543
2639 9357 10543
6999 11600 12776
12776 6999 11600
11600 6999 12776
13903 14664 14990
14990 13903 14664
14664 13903 14990
4054 10767 14003
14003 4054 10767
10767 4054 14003
14704 7910 11040
11040 7910 14704
7910 11040 14704
14095 8893 11484
8893 11484 14095
11484 8893 14095
10947 6541 8376
8376 6541 10947
6541 8376 10947
3270 7385 8322
7385 3270 8322
8322 3270 7385
2268 6266 7230
6266 2268 7230
7230 2268 6266
8750 2965 8057
2965 8057 8750
8057 2965 8750
13175 8479 10474
10474 8479 13175
8479 10474 13175
13072 4733 10246
10246 4733 13072
4733 10246 13072
10777 8381 10118
10118 8381 10777
8381 10118 10777
9603 10061 14089
14089 9603 10061
10061 9603 14089
7337 4048 7680
7680 4048 7337
4048 7337 7680
5048 2672 13966
13966 2672 5048
2672 5048 13966
6731 4119 9086
9086 4119 6731
4119 6731 9086
9183 1825 14640
1825 9183 14640
14640 1825 9183
1853 10622 11583
11583 1853 10622
10622 1853 11583
2152 5253 14083
14083 2152 5253
5253 2152 14083
2755 1694 5473
1694 2755 5473
5473 1694 2755
4864 11671 13799
13799 4864 11671
11671 4864 13799
12174 4602 11185
4602 11185 12174
11185 4602 12174
9904 344 14599
344 9904 14599
14599 344 9904
9502 3204 3631
3204 3631 9502
3631 3204 9502
993 2234 13879
2234 993 13879
13879 993 2234
12889 3929 10380
10380 3929 12889
3929 10380 12889
6239 2001 13385
2001 6239 13385
13385 2001 6239
8862 3328 11286
3328 8862 11286
11286 3328 8862
12868 10088 11811
10088 11811 12868
11811 10088 12868
216 7701 14596
7701 216 14596
14596 216 7701
8242 719 2488
719 2488 8242
2488 719 8242
2018 6730 13504
13504 2018 6730
6730 2018 13504
1544 6173 13021
6173 1544 13021
13021 1544 6173
1013 8094 14345
14345 1013 8094
8094 1013 14345
5229 9084 11377
9084 5229 11377
11377 5229 9084
588 6850 13681
6850 588 13681
13681 588 6850
12782 7092 14305
7092 12782 14305
14305 7092 12782
13943 6849 12974
12974 6849 13943
6849 12974 13943
11234 4852 7270
7270 4852 11234
4852 7270 11234
13148 4326 13003
13003 4326 13148
4326 13003 13148
2828 10376 12324
12324 2828 10376
10376 2828 12324
5392 1712 11608
1712 5392 11608
11608 1712 5392
390 1664 7223
1664 390 7223
7223 390 1664
9124 3517 9958
3517 9124 9958
9958 3517 9124
5922 3082 5686
3082 5686 5922
5686 3082 5922
10085 1452 2781
1452 2781 10085
2781 1452 10085
13626 5914 14084
14084 5914 13626
5914 13626 14084
8219 2265 14994
14994 2265 8219
2265 8219 14994
10588 687 5290
687 5290 10588
5290 687 10588
13590 402 6200
6200 402 13590
402 6200 13590
6635 204 8227
204 6635 8227
8227 204 6635
12797 5864 8918
8918 5864 12797
5864 8918 12797
3808 5675 6431
5675 3808 6431
6431 3808 5675
10654 3459 9907
9907 3459 10654
3459 9907 10654
6088 1344 14002
1344 6088 14002
14002 1344 6088
14820 1239 7594
1239 7594 14820
7594 1239 14820
11870 420 5937
5937 420 11870
420 5937 11870
901 7643 8673
8673 901 7643
7643 901 8673
8338 8485 12716
12716 8338 8485
8485 8338 12716
3398 1123 5579
1123 3398 5579
5579 1123 3398
13492 4226 6348
6348 4226 13492
4226 6348 13492
1568 9268 14204
14204 1568 9268
9268 1568 14204
32 7103 10821
10821 32 7103
7103 32 10821
3276 2470 6642
2470 3276 6642
6642 2470 3276
5645 924 1124
1124 924 5645
924 1124 5645
1009 4499 13221
4499 1009 13221
13221 1009 4499
6404 1866 8652
8652 1866 6404
1866 6404 8652
2082 1915 12673
12673 1915 2082
1915 2082 12673
6517 9699 10752
10752 6517 9699
9699 6517 10752
8187 10228 10318
10228 8187 10318
10318 8187 10228
4003 5548 11452
5548 4003 11452
11452 4003 5548
729 4860 8245
8245 729 4860
4860 729 8245
3366 9921 12365
12365 3366 9921
9921 3366 12365
4327 3571 10806
10806 3571 4327
3571 4327 10806
12810 12834 12903
12903 12810 12834
12834 12810 12903
5962 637 2978
2978 637 5962
637 2978 5962
9146 5347 14376
14376 5347 9146
5347 9146 14376
86 10595 11953
11953 86 10595
10595 86 11953
3244 6782 11908
11908 3244 6782
6782 3244 11908
3040 2049 2151
2151 2049 3040
2049 2151 3040
3785 3713 8785
3713 3785 8785
8785 3713 3785
4450 4147 9781
4147 4450 9781
9781 4147 4450
6690 2945 8497
8497 2945 6690
2945 6690 8497
8524 723 5015
723 5015 8524
5015 723 8524
13579 1203 10480
1203 10480 13579
10480 1203 13579
13790 2299 7183
7183 2299 13790
2299 7183 13790
1622 12400 13030
12400 1622 13030
13030 1622 12400
3384 3115 7156
7156 3115 3384
3115 3384 7156
5587 7777 11522
11522 5587 7777
7777 5587 11522
5619 6890 8965
8965 5619 6890
6890 5619 8965
10503 176 2830
176 2830 10503
2830 176 10503
14187 482 10367
10367 482 14187
482 10367 14187
12235 9761 10055
9761 10055 12235
10055 9761 12235
12923 3219 5372
5372 3219 12923
3219 5372 12923
10860 171 4815
4815 171 10860
171 4815 10860
13753 8580 14440
8580 13753 14440
14440 8580 13753
7916 4611 4836
4836 4611 7916
4611 4836 7916
2410 10110 12318
12318 2410 10110
10110 2410 12318
14694 511 12493
511 12493 14694
12493 511 14694
10675 1159 7907
7907 1159 10675
1159 7907 10675
9306 10238 14282
10238 9306 14282
14282 9306 10238
7381 2089 12447
2089 7381 12447
12447 2089 7381
11194 3291 5456
3291 5456 11194
5456 3291 11194
12821 1384 11208
1384 11208 12821
11208 1384 12821
14592 4956 13624
4956 13624 14592
13624 4956 14592
2866 6271 11599
11599 2866 6271
6271 2866 11599
9325 6657 7238
6657 7238 9325
7238 6657 9325
1100 3404 14914
14914 1100 3404
3404 1100 14914
14900 11323 12934
11323 12934 14900
12934 11323 14900
10927 6821 11108
11108 6821 10927
6821 10927 11108
10548 2132 4341
2132 4341 10548
4341 2132 10548
9616 4023 10531
4023 9616 10531
10531 4023 9616
10351 2067 4161
4161 2067 10351
2067 4161 10351
554 9656 13802
13802 554 9656
9656 554 13802
7929 1557 13619
13619 1557 7929
1557 7929 13619
14516 219 10801
219 10801 14516
10801 219 14516
3146 5294 14474
14474 3146 5294
5294 3146 14474
13467 4537 6885
6885 4537 13467
4537 6885 13467
13635 10565 14910
10565 13635 14910
14910 10565 13635
3311 5135 12212
5135 3311 12212
12212 3311 5135
13860 1162 3931
1162 3931 13860
3931 1162 13860
10804 6679 13080
6679 10804 13080
13080 6679 10804
11392 11059 14058
14058 11059 11392
11059 11392 14058
2984 5009 9531
9531 2984 5009
5009 2984 9531
5565 10436 12195
10436 5565 12195
12195 5565 10436
10160 6380 10105
10105 6380 10160
6380 10105 10160
8765 2989 14453
2989 8765 14453
14453 2989 8765
13897 4268 6882
6882 4268 13897
4268 6882 13897
6823 2144 14049
2144 6823 14049
14049 2144 6823
4055 13127 14017
14017 4055 13127
13127 4055 14017
3831 3160 3657
3657 3160 3831
3160 3657 3831
14208 11943 12613
12613 11943 14208
11943 12613 14208
10560 5459 12688
12688 5459 10560
5459 10560 12688
10583 5299 12010
12010 5299 10583
5299 10583 12010
5267 412 9418
412 5267 9418
9418 412 5267
3765 4096 14427
14427 3765 4096
4096 3765 14427
5453 96 4235
4235 96 5453
96 4235 5453
7984 5718 13408
5718 7984 13408
13408 5718 7984
8478 1716 6494
1716 6494 8478
6494 1716 8478
2508 856 10302
10302 856 2508
856 2508 10302
10199 2746 6176
2746 6176 10199
6176 2746 10199
12816 3764 5839
3764 5839 12816
5839 3764 12816
675 3095 12585
3095 675 12585
12585 675 3095
9391 7545 8179
8179 7545 9391
7545 8179 9391
5064 8370 12048
12048 5064 8370
8370 5064 12048
13498 4742 8222
8222 4742 13498
4742 8222 13498
12786 2192 10167
10167 2192 12786
2192 10167 12786
8063 8394 13755
13755 8063 8394
8394 8063 13755
13542 9277 12035
9277 12035 13542
12035 9277 13542
8511 2355 2756
2756 2355 8511
2355 2756 8511
6454 3022 5837
3022 5837 6454
5837 3022 6454
14822 9176 9496
9496 9176 14822
9176 9496 14822
2431 6427 14872
14872 2431 6427
6427 2431 14872
9370 877 11944
877 9370 11944
11944 877 9370
4123 10875 14552
14552 4123 10875
10875 4123 14552
4321 1120 14945
1120 4321 14945
14945 1120 4321
10253 8153 13915
13915 8153 10253
8153 10253 13915
11875 5904 10983
10983 5904 11875
5904 10983 11875
14814 11692 14885
14885 11692 14814
11692 14814 14885
4357 2634 3033
3033 2634 4357
2634 3033 4357
6548 1598 7832
1598 6548 7832
7832 1598 6548
1651 5907 14776
14776 1651 5907
5907 1651 14776
11620 3577 13251
3577 11620 13251
13251 3577 11620
13039 6084 13260
13260 6084 13039
6084 13039 13260
3564 2456 4583
4583 2456 3564
2456 3564 4583
6114 1574 9784
1574 6114 9784
9784 1574 6114
14954 8941 14797
8941 14797 14954
14797 8941 14954
12149 11382 12737
11382 12149 12737
12737 11382 12149
14559 9511 10327
9511 10327 14559
10327 9511 14559
2567 10519 12932
12932 2567 10519
10519 2567 12932
3198 47 13216
47 3198 13216
13216 47 3198
10840 4245 14087
14087 4245 10840
4245 10840 14087
5712 6209 8620
6209 5712 8620
8620 5712 6209
1614 2602 10729
2602 1614 10729
10729 1614 2602
14281 8402 11986
8402 11986 14281
11986 8402 14281
6103 855 13002
13002 855 6103
855 6103 13002
3077 5286 7815
5286 3077 7815
7815 3077 5286
7612 6006 13861
6006 7612 13861
13861 6006 7612
14977 8907 13274
13274 8907 14977
8907 13274 14977
8211 6911 13250
6911 8211 13250
13250 6911 8211
3284 10290 14876
10290 3284 14876
14876 3284 10290
10711 9559 10158
9559 10158 10711
10158 9559 10711
8357 13075 14645
13075 8357 14645
14645 8357 13075
7562 914 1578
914 1578 7562
1578 914 7562
11407 657 1317
1317 657 11407
657 1317 11407
7543 3264 4543
3264 4543 7543
4543 3264 7543
1698 1893 3617
3617 1698 1893
1893 1698 3617
9364 8526 10679
10679 8526 9364
8526 9364 10679
3116 9779 14348
14348 3116 9779
9779 3116 14348
1025 7828 12165
12165 1025 7828
7828 1025 12165
7089 6801 14598
6801 7089 14598
14598 6801 7089
507 7870 14655
7870 507 14655
14655 507 7870
14183 3232 14678
3232 14183 14678
14678 3232 14183
5552 10084 13354
13354 5552 10084
10084 5552 13354
9714 3618 4574
3618 4574 9714
4574 3618 9714
13394 2244 5861
5861 2244 13394
2244 5861 13394
14417 4256 11621
11621 4256 14417
4256 11621 14417
8727 106 934
106 934 8727
934 106 8727
5476 6018 6365
6365 5476 6018
6018 5476 6365
13702 2771 8804
2771 8804 13702
8804 2771 13702
11905 10136 13269
10136 11905 13269
13269 10136 11905
14959 7158 13666
7158 13666 14959
13666 7158 14959
8120 3731 12470
12470 3731 8120
3731 8120 12470
7349 332 4029
4029 332 7349
332 4029 7349
8736 9986 13264
9986 8736 13264
13264 8736 9986
275 4888 6502
4888 275 6502
6502 275 4888
11563 4542 10546
10546 4542 11563
4542 10546 11563
6101 11815 11991
11815 6101 11991
11991 6101 11815
2328 8890 12436
12436 2328 8890
8890 2328 12436
10825 7705 13225
7705 10825 13225
13225 7705 10825
10411 1129 8090
8090 1129 10411
1129 8090 10411
7952 10502 12692
12692 7952 10502
10502 7952 12692
6465 5300 8546
5300 6465 8546
8546 5300 6465
3924 910 6573
910 3924 6573
6573 910 3924
10424 6399 7084
7084 6399 10424
6399 7084 10424
4182 669 1603
1603 669 4182
669 1603 4182
12884 153 8064
8064 153 12884
153 8064 12884
2884 6417 12350
6417 2884 12350
12350 2884 6417
3317 3777 14500
14500 3317 3777
3777 3317 14500
4877 3814 4024
3814 4024 4877
4024 3814 4877
6290 7330 10291
10291 6290 7330
7330 6290 10291
13630 7290 7961
7290 7961 13630
7961 7290 13630
10624 6756 11569
6756 10624 11569
11569 6756 10624
1051 8354 13217
13217 1051 8354
8354 1051 13217
5447 8397 14235
8397 5447 14235
14235 5447 8397
9486 1221 8821
1221 8821 9486
8821 1221 9486
6990 7380 14554
14554 6990 7380
7380 6990 14554
14512 11506 11677
11506 11677 14512
11677 11506 14512
7361 2262 4698
2262 4698 7361
4698 2262 7361
3372 9311 10288
10288 3372 9311
9311 3372 10288
14883 7733 12389
12389 7733 14883
7733 12389 14883
3546 2759 7034
2759 3546 7034
7034 2759 3546
218 5376 9460
9460 218 5376
5376 218 9460
3192 8801 10852
10852 3192 8801
8801 3192 10852
10417 775 6360
775 6360 10417
6360 775 10417
6310 10566 12590
10566 6310 12590
12590 6310 10566
10070 8520 10340
8520 10070 10340
10340 8520 10070
7665 2286 14621
2286 7665 14621
14621 2286 7665
7278 710 1243
1243 710 7278
710 1243 7278
23 5051 6244
6244 23 5051
5051 23 6244
14245 349 13383
13383 349 14245
349 13383 14245
5595 982 12167
12167 982 5595
982 5595 12167
530 6923 11405
11405 530 6923
6923 530 11405
7438 11909 12099
11909 7438 12099
12099 7438 11909
11029 6582 12022
12022 6582 11029
6582 11029 12022
573 6184 6528
6528 573 6184
6184 573 6528
7282 536 3256
3256 536 7282
536 3256 7282
10585 7373 14672
14672 7373 10585
7373 10585 14672
10312 10438 12686
10438 10312 12686
12686 10312 10438
7185 2190 9480
9480 2190 7185
2190 7185 9480
13647 7888 13756
7888 13647 13756
13756 7888 13647
6402 3603 7631
7631 3603 6402
3603 6402 7631
4679 2814 14168
2814 4679 14168
14168 2814 4679
4140 575 2840
575 2840 4140
2840 575 4140
11161 12617 14684
12617 11161 14684
14684 11161 12617
8778 8633 14472
14472 8633 8778
8633 8778 14472
5514 2940 9793
9793 2940 5514
2940 5514 9793
9488 9872 12966
9872 9488 12966
12966 9488 9872
12808 208 2661
2661 208 12808
208 2661 12808
1967 12150 13677
12150 1967 13677
13677 1967 12150
8535 7511 9002
7511 8535 9002
9002 7511 8535
11959 6319 7077
7077 6319 11959
6319 7077 11959
10095 880 2332
2332 880 10095
880 2332 10095
13692 3070 10473
10473 3070 13692
3070 10473 13692
14415 1306 10348
10348 1306 14415
1306 10348 14415
9065 1478 4353
1478 4353 9065
4353 1478 9065
11892 9078 11446
9078 11446 11892
11446 9078 11892
10769 7052 13963
13963 7052 10769
7052 10769 13963
2598 5468 13110
5468 2598 13110
13110 2598 5468
5930 7031 14568
14568 5930 7031
7031 5930 14568
8525 453 8101
453 8101 8525
8101 453 8525
6446 2070 7991
7991 2070 6446
2070 6446 7991
14280 1312 10638
1312 10638 14280
10638 1312 14280
6625 2676 4924
2676 4924 6625
4924 2676 6625
2232 3288 14161
14161 2232 3288
3288 2232 14161
12897 4892 4990
4990 4892 12897
4892 4990 12897
4352 7583 8290
7583 4352 8290
8290 4352 7583
14175 7978 8077
7978 8077 14175
8077 7978 14175
4180 5474 9023
9023 4180 5474
5474 4180 9023
8540 5554 13729
13729 5554 8540
5554 8540 13729
2063 9132 10843
9132 2063 10843
10843 2063 9132
7318 8820 9590
9590 7318 8820
8820 7318 9590
9805 3659 11052
11052 3659 9805
3659 9805 11052
2823 20 4376
20 2823 4376
4376 20 2823
6251 9975 10790
10790 6251 9975
9975 6251 10790
14416 1748 6700
1748 6700 14416
6700 1748 14416
4251 1677 11280
1677 4251 11280
11280 1677 4251
3430 3686 5905
3686 3430 5905
5905 3430 3686
12392 3382 11888
3382 11888 12392
11888 3382 12392
9143 8232 13366
13366 8232 9143
8232 9143 13366
180 11245 14257
11245 180 14257
14257 180 11245
4057 706 7662
706 4057 7662
7662 706 4057
13285 2975 6987
2975 6987 13285
6987 2975 13285
13377 12581 13513
13513 12581 13377
12581 13377 13513
12604 2557 11155
2557 11155 12604
11155 2557 12604
11018 6542 10222
6542 10222 11018
10222 6542 11018
2277 6359 12011
6359 2277 12011
12011 2277 6359
4965 4422 8924
8924 4422 4965
4422 4965 8924
11495 4452 8009
8009 4452 11495
4452 8009 11495
5320 1425 10932
1425 5320 10932
10932 1425 5320
8230 12819 14172
12819 8230 14172
14172 8230 12819
7407 7322 8593
7322 7407 8593
8593 7322 7407
11546 2641 11821
11821 2641 11546
2641 11546 11821
276 3898 11232
11232 276 3898
3898 276 11232
5989 922 4551
4551 922 5989
922 4551 5989
5043 1850 10742
10742 1850 5043
1850 5043 10742
6696 2400 6077
6077 2400 6696
2400 6077 6696
2353 1666 13559
1666 2353 13559
13559 1666 2353
8144 5431 10375
10375 5431 8144
5431 8144 10375
8550 8096 9609
8096 8550 9609
9609 8096 8550
8932 6100 8599
6100 8599 8932
8599 6100 8932
10770 1950 14495
14495 1950 10770
1950 10770 14495
2098 8006 10146
10146 2098 8006
8006 2098 10146
7941 3177 7309
3177 7309 7941
7309 3177 7941
1445 5898 14807
14807 1445 5898
5898 1445 14807
11736 1232 3766
3766 1232 11736
1232 3766 11736
5872 7045 10563
7045 5872 10563
10563 5872 7045
1956 7852 9223
7852 1956 9223
9223 1956 7852
913 5041 7859
5041 913 7859
7859 913 5041
2416 3951 13019
13019 2416 3951
3951 2416 13019
173 2768 10469
10469 173 2768
2768 173 10469
14283 7500 11723
11723 7500 14283
7500 11723 14283
8085 939 9957
939 8085 9957
9957 939 8085
9386 7378 8388
8388 7378 9386
7378 8388 9386
6222 16 746
16 746 6222
746 16 6222
3732 1416 9938
9938 1416 3732
1416 3732 9938
3361 832 10083
10083 832 3361
832 3361 10083
1262 8324 10422
8324 1262 10422
10422 1262 8324
2015 2105 11297
11297 2015 2105
2105 2015 11297
5566 857 2201
2201 857 5566
857 2201 5566
1628 1387 5925
1387 1628 5925
5925 1387 1628
6492 2313 6732
2313 6492 6732
6732 2313 6492
1970 7868 11316
7868 1970 11316
11316 1970 7868
7954 5163 10836
10836 5163 7954
5163 7954 10836
10178 5183 10361
5183 10178 10361
10361 5183 10178
4834 4310 12471
12471 4310 4834
4310 4834 12471
7912 3231 14633
14633 3231 7912
3231 7912 14633
2138 8020 14615
8020 2138 14615
14615 2138 8020
12282 1219 10605
10605 1219 12282
1219 10605 12282
10467 9396 10129
10129 9396 10467
9396 10129 10467
5628 14624 14964
14624 5628 14964
14964 5628 14624
948 2294 11799
2294 948 11799
11799 948 2294
10449 12849 14837
14837 10449 12849
12849 10449 14837
10419 940 14854
940 10419 14854
14854 940 10419
14195 3887 13629
13629 3887 14195
3887 13629 14195
6131 361 10881
10881 361 6131
361 6131 10881
10157 10644 11471
11471 10157 10644
10644 10157 11471
374 1405 4818
4818 374 1405
1405 374 4818
10833 1024 2740
1024 2740 10833
2740 1024 10833
6174 12306 14829
14829 6174 12306
12306 6174 14829
2373 10337 13153
10337 2373 13153
13153 2373 10337
8287 3166 14982
14982 3166 8287
3166 8287 14982
12722 688 5611
5611 688 12722
688 5611 12722
2638 3661 4831
4831 2638 3661
3661 2638 4831
11612 6456 14141
6456 11612 14141
14141 6456 11612
8174 4893 7847
4893 7847 8174
7847 4893 8174
10869 15 9748
15 9748 10869
9748 15 10869
9638 2225 7108
2225 7108 9638
7108 2225 9638
624 6161 9500
9500 624 6161
6161 624 9500
689 3728 11355
11355 689 3728
3728 689 11355
5674 2395 4458
4458 2395 5674
2395 4458 5674
9383 7763 12777
7763 9383 12777
12777 7763 9383
12708 4318 6320
6320 4318 12708
4318 6320 12708
13638 7265 7985
7985 7265 13638
7265 7985 13638
4709 977 2008
977 2008 4709
2008 977 4709
13462 11072 12901
12901 11072 13462
11072 12901 13462
11625 11819 14242
11819 11625 14242
14242 11625 11819
6984 7020 13654
7020 6984 13654
13654 6984 7020
12597 12173 12586
12586 12173 12597
12173 12586 12597
503 1042 3884
1042 503 3884
3884 503 1042
14753 1864 11568
11568 1864 14753
1864 11568 14753
5057 3310 13155
13155 3310 5057
3310 5057 13155
974 6126 10378
10378 974 6126
6126 974 10378
445 1406 6030
6030 445 1406
1406 445 6030
1834 7110 14176
14176 1834 7110
7110 1834 14176
4969 3709 8706
8706 3709 4969
3709 4969 8706
10226 7256 12852
12852 7256 10226
7256 10226 12852
9943 6942 10128
10128 6942 9943
6942 9943 10128
314 6484 8986
8986 314 6484
6484 314 8986
13001 1410 7521
1410 7521 13001
7521 1410 13001
9417 4017 7843
4017 7843 9417
7843 4017 9417
12049 11775 13140
11775 12049 13140
13140 11775 12049
9866 3974 5895
3974 5895 9866
5895 3974 9866
7389 6378 13736
13736 6378 7389
6378 7389 13736
11051 1489 5833
5833 1489 11051
1489 5833 11051
3596 229 1053
1053 229 3596
229 1053 3596
6069 2675 13302
13302 2675 6069
2675 6069 13302
233 4137 7938
7938 233 4137
4137 233 7938
771 9681 12025
12025 771 9681
9681 771 12025
13952 6506 8817
8817 6506 13952
6506 8817 13952
7642 1708 3447
3447 1708 7642
1708 3447 7642
1161 4866 14709
14709 1161 4866
4866 1161 14709
7546 3927 10116
10116 3927 7546
3927 7546 10116
9931 815 13029
815 9931 13029
13029 815 9931
6559 9303 13249
13249 6559 9303
9303 6559 13249
7426 494 11476
494 7426 11476
11476 494 7426
3526 5790 14386
5790 3526 14386
14386 3526 5790
147 11158 12495
11158 147 12495
12495 147 11158
14956 478 11519
