9132 3434 6558
3434 6558 9132
6558 3434 9132
13957 3657 9468
3657 9468 13957
9468 3657 13957
1101 3458 13177
3458 1101 13177
13177 1101 3458
14962 4002 6136
6136 4002 14962
4002 6136 14962
3919 1887 7214
7214 1887 3919
1887 3919 7214
1472 3373 4256
3373 1472 4256
4256 1472 3373
9241 9314 11702
9314 9241 11702
11702 9241 9314
11021 4484 5043
4484 5043 11021
5043 4484 11021
8450 1498 4526
1498 4526 8450
4526 1498 8450
8658 2076 4140
2076 4140 8658
4140 2076 8658
7377 11670 13038
13038 7377 11670
11670 7377 13038
8649 7464 9495
7464 8649 9495
9495 7464 8649
6378 7304 13163
7304 6378 13163
13163 6378 7304
7769 4269 8232
8232 4269 7769
4269 7769 8232
11294 3129 14476
14476 3129 11294
3129 11294 14476
11489 997 7185
997 7185 11489
7185 997 11489
4490 651 3917
651 3917 4490
3917 651 4490
6908 1246 6729
1246 6729 6908
6729 1246 6908
10856 5687 6328
6328 5687 10856
5687 6328 10856
1007 1948 7540
1948 1007 7540
7540 1007 1948
6874 894 9691
894 6874 9691
9691 894 6874
8521 10650 13485
13485 8521 10650
10650 8521 13485
9492 9973 13245
13245 9492 9973
9973 9492 13245
10568 12281 14150
12281 10568 14150
14150 10568 12281
5427 3521 11834
11834 3521 5427
3521 5427 11834
7388 6949 10193
6949 7388 10193
10193 6949 7388
10723 12399 13273
12399 10723 13273
13273 10723 12399
13885 3856 12355
12355 3856 13885
3856 12355 13885
1697 6211 10430
6211 1697 10430
10430 1697 6211
2718 7750 11345
7750 2718 11345
11345 2718 7750
5099 2572 13463
2572 5099 13463
13463 2572 5099
6354 4827 11375
11375 4827 6354
4827 6354 11375
3803 5165 6616
6616 3803 5165
5165 3803 6616
2586 5142 6898
6898 2586 5142
5142 2586 6898
1945 10243 11604
11604 1945 10243
10243 1945 11604
8036 11731 13219
13219 8036 11731
11731 8036 13219
6369 7379 14324
14324 6369 7379
7379 6369 14324
12965 1029 6673
1029 6673 12965
6673 1029 12965
4146 2588 14834
14834 2588 4146
2588 4146 14834
12442 7483 13947
7483 12442 13947
13947 7483 12442
14198 616 12318
616 12318 14198
12318 616 14198
2230 9071 13303
9071 2230 13303
13303 2230 9071
10234 6568 13882
6568 10234 13882
13882 6568 10234
5392 687 2882
2882 687 5392
687 2882 5392
14804 9884 11739
11739 9884 14804
9884 11739 14804
708 1978 9474
9474 708 1978
1978 708 9474
1200 2822 13540
13540 1200 2822
2822 1200 13540
114 3207 14580
3207 114 14580
14580 114 3207
12608 5978 12990
12990 5978 12608
5978 12608 12990
2622 13693 13814
13814 2622 13693
13693 2622 13814
4281 3475 7559
3475 4281 7559
7559 3475 4281
9523 277 1849
277 1849 9523
1849 277 9523
7700 5478 7381
7381 5478 7700
5478 7381 7700
452 3749 13728
13728 452 3749
3749 452 13728
6911 11007 13028
11007 6911 13028
13028 6911 11007
4925 1255 6865
1255 4925 6865
6865 1255 4925
6233 3236 10528
3236 6233 10528
10528 3236 6233
6517 604 7857
604 6517 7857
7857 604 6517
6195 766 5480
766 5480 6195
5480 766 6195
3729 14296 14526
14526 3729 14296
14296 3729 14526
14772 1614 7105
1614 7105 14772
7105 1614 14772
1636 3599 7477
3599 1636 7477
7477 1636 3599
7807 5630 12138
5630 7807 12138
12138 5630 7807
14574 8615 14224
14224 8615 14574
8615 14224 14574
1055 5293 11095
11095 1055 5293
5293 1055 11095
799 8241 10640
10640 799 8241
8241 799 10640
454 1167 11214
1167 454 11214
11214 454 1167
4986 6436 6548
6548 4986 6436
6436 4986 6548
7649 6134 13925
13925 6134 7649
6134 7649 13925
3210 5524 14829
5524 3210 14829
14829 3210 5524
825 4985 7978
4985 825 7978
7978 825 4985
683 1447 11060
11060 683 1447
1447 683 11060
4062 6172 10579
10579 4062 6172
6172 4062 10579
4740 12272 13359
12272 4740 13359
13359 4740 12272
1682 4020 14585
4020 1682 14585
14585 1682 4020
8136 6671 12541
6671 8136 12541
12541 6671 8136
6028 9211 14894
14894 6028 9211
9211 6028 14894
12906 5749 5888
5749 5888 12906
5888 5749 12906
9980 6380 8827
6380 8827 9980
8827 6380 9980
896 2698 8553
2698 896 8553
8553 896 2698
13580 1967 8417
1967 8417 13580
8417 1967 13580
10586 6666 7774
7774 6666 10586
6666 7774 10586
5147 6338 14203
6338 5147 14203
14203 5147 6338
5544 8288 11667
8288 5544 11667
11667 5544 8288
5980 2627 2643
2627 2643 5980
2643 2627 5980
11543 436 2093
436 2093 11543
2093 436 11543
13704 1333 14538
1333 13704 14538
14538 1333 13704
12159 4848 5294
5294 4848 12159
4848 5294 12159
4716 6095 14003
6095 4716 14003
14003 4716 6095
5300 6895 10708
10708 5300 6895
6895 5300 10708
8398 8324 13942
8324 8398 13942
13942 8324 8398
10093 11642 12741
12741 10093 11642
11642 10093 12741
1999 362 9188
362 1999 9188
9188 362 1999
10207 6937 8340
8340 6937 10207
6937 8340 10207
3746 8985 12282
12282 3746 8985
8985 3746 12282
13937 4949 10165
10165 4949 13937
4949 10165 13937
6765 392 5691
5691 392 6765
392 5691 6765
6370 1230 2898
2898 1230 6370
1230 2898 6370
6909 4659 7251
4659 6909 7251
7251 4659 6909
11577 1835 6275
6275 1835 11577
1835 6275 11577
4223 4253 11382
4253 4223 11382
11382 4223 4253
13178 1489 2137
2137 1489 13178
1489 2137 13178
3518 1221 5991
1221 3518 5991
5991 1221 3518
8976 2819 7137
7137 2819 8976
2819 7137 8976
13783 25 2506
25 2506 13783
2506 25 13783
591 2789 5849
5849 591 2789
2789 591 5849
12601 6846 10055
10055 6846 12601
6846 10055 12601
8441 2298 4263
4263 2298 8441
2298 4263 8441
10115 2793 12923
12923 2793 10115
2793 10115 12923
8070 3044 10780
10780 3044 8070
3044 8070 10780
13513 6491 8034
6491 8034 13513
8034 6491 13513
3283 4126 7607
7607 3283 4126
4126 3283 7607
5151 2681 2752
2681 2752 5151
2752 2681 5151
2866 8322 9899
8322 2866 9899
9899 2866 8322
2671 5457 10591
10591 2671 5457
5457 2671 10591
5029 86 4213
86 4213 5029
4213 86 5029
1348 9775 10138
10138 1348 9775
9775 1348 10138
158 11110 14382
11110 158 14382
14382 158 11110
14650 2878 13889
13889 2878 14650
2878 13889 14650
445 2678 12165
12165 445 2678
2678 445 12165
10361 6604 8669
6604 8669 10361
8669 6604 10361
1759 9501 12494
9501 1759 12494
12494 1759 9501
14299 4204 12910
4204 12910 14299
12910 4204 14299
3519 3194 4543
3194 3519 4543
4543 3194 3519
915 12018 12652
12018 915 12652
12652 915 12018
3614 325 744
744 325 3614
325 744 3614
9428 1713 14063
1713 9428 14063
14063 1713 9428
12466 11545 14693
14693 11545 12466
11545 12466 14693
9953 11322 11469
11322 9953 11469
11469 9953 11322
13290 3317 13939
3317 13290 13939
13939 3317 13290
1761 8701 14482
14482 1761 8701
8701 1761 14482
13755 251 539
539 251 13755
251 539 13755
8085 84 12479
84 8085 12479
12479 84 8085
12364 6058 13145
6058 12364 13145
13145 6058 12364
9744 9254 14786
9254 9744 14786
14786 9254 9744
14896 10136 13828
10136 13828 14896
13828 10136 14896
13727 11033 12381
11033 12381 13727
12381 11033 13727
5342 5823 12186
5823 5342 12186
12186 5342 5823
2409 3541 11868
11868 2409 3541
3541 2409 11868
14930 6926 10908
10908 6926 14930
6926 10908 14930
877 1625 11650
11650 877 1625
1625 877 11650
13906 444 4031
4031 444 13906
444 4031 13906
8 8892 9539
9539 8 8892
8892 8 9539
2601 209 2646
209 2601 2646
2646 209 2601
5551 10649 11175
11175 5551 10649
10649 5551 11175
9520 1985 4155
1985 4155 9520
4155 1985 9520
11672 2242 7005
2242 7005 11672
7005 2242 11672
11367 11540 13508
13508 11367 11540
11540 11367 13508
9153 2749 10363
2749 9153 10363
10363 2749 9153
5590 4109 13604
4109 5590 13604
13604 4109 5590
10000 6632 9800
6632 9800 10000
9800 6632 10000
9942 7722 7918
7918 7722 9942
7722 7918 9942
13099 6170 7261
7261 6170 13099
6170 7261 13099
13577 4926 4989
4989 4926 13577
4926 4989 13577
14744 3179 9821
9821 3179 14744
3179 9821 14744
7799 3989 5953
5953 3989 7799
3989 5953 7799
9453 1724 14671
14671 1724 9453
1724 9453 14671
7991 12901 14079
14079 7991 12901
12901 7991 14079
12251 8306 12240
8306 12240 12251
12240 8306 12251
3240 72 9409
9409 72 3240
72 3240 9409
2048 7470 11964
7470 2048 11964
11964 2048 7470
7571 4105 8008
8008 4105 7571
4105 7571 8008
7754 1778 6960
1778 6960 7754
6960 1778 7754
10891 1217 5776
5776 1217 10891
1217 5776 10891
3921 2723 11358
11358 2723 3921
2723 3921 11358
10214 2358 8016
2358 8016 10214
8016 2358 10214
6164 3184 5141
5141 3184 6164
3184 5141 6164
1419 13597 14218
14218 1419 13597
13597 1419 14218
9431 1231 12680
12680 1231 9431
1231 9431 12680
5095 3955 7292
7292 3955 5095
3955 5095 7292
2668 1673 12832
12832 1673 2668
1673 2668 12832
13878 11934 14319
14319 11934 13878
11934 13878 14319
12277 7414 8724
7414 8724 12277
8724 7414 12277
8599 5492 14363
5492 8599 14363
14363 5492 8599
632 6715 9982
9982 632 6715
6715 632 9982
5781 1011 11141
1011 5781 11141
11141 1011 5781
4718 4882 11084
11084 4718 4882
4882 4718 11084
7146 6723 9442
9442 6723 7146
6723 7146 9442
10712 2672 11997
11997 2672 10712
2672 10712 11997
11473 14016 14987
14016 11473 14987
14987 11473 14016
4976 4068 8205
4068 4976 8205
8205 4068 4976
1146 3198 6631
3198 1146 6631
6631 1146 3198
12417 2766 9707
2766 9707 12417
9707 2766 12417
13019 8754 11126
8754 11126 13019
11126 8754 13019
9676 2385 7141
7141 2385 9676
2385 7141 9676
2470 7257 12424
12424 2470 7257
7257 2470 12424
8307 2126 13527
13527 2126 8307
2126 8307 13527
1990 1096 13430
13430 1096 1990
1096 1990 13430
1548 2775 11947
11947 1548 2775
2775 1548 11947
10431 1485 12849
12849 1485 10431
1485 10431 12849
8246 9354 11635
11635 8246 9354
9354 8246 11635
4330 2650 7325
7325 2650 4330
2650 4330 7325
12509 12805 14467
14467 12509 12805
12805 12509 14467
2311 2090 7673
2090 2311 7673
7673 2090 2311
8873 6037 10734
6037 8873 10734
10734 6037 8873
10590 7336 10191
7336 10191 10590
10191 7336 10590
12436 2503 6964
2503 6964 12436
6964 2503 12436
5996 3997 14249
14249 3997 5996
3997 5996 14249
14438 4348 10037
10037 4348 14438
4348 10037 14438
2058 5807 6238
6238 2058 5807
5807 2058 6238
10054 834 11500
834 10054 11500
11500 834 10054
6051 1179 12370
12370 1179 6051
1179 6051 12370
10043 6779 7459
6779 7459 10043
7459 6779 10043
12589 8876 14091
8876 12589 14091
14091 8876 12589
5855 6521 8403
8403 5855 6521
6521 5855 8403
5800 5009 6844
6844 5009 5800
5009 5800 6844
1467 3472 6562
6562 1467 3472
3472 1467 6562
3423 10661 12863
12863 3423 10661
10661 3423 12863
3879 7533 7629
7533 3879 7629
7629 3879 7533
13067 6266 13801
6266 13067 13801
13801 6266 13067
5479 2339 7279
7279 2339 5479
2339 5479 7279
1821 2161 5995
2161 1821 5995
5995 1821 2161
13175 4524 11623
4524 11623 13175
11623 4524 13175
11542 14191 14711
14711 11542 14191
14191 11542 14711
9893 3574 9570
3574 9570 9893
9570 3574 9893
6475 525 9861
525 6475 9861
9861 525 6475
4865 12537 14434
14434 4865 12537
12537 4865 14434
2168 11516 11824
11824 2168 11516
11516 2168 11824
2457 12504 13902
12504 2457 13902
13902 2457 12504
1243 6692 8248
8248 1243 6692
6692 1243 8248
9125 3109 10507
3109 9125 10507
10507 3109 9125
7436 4162 14709
4162 7436 14709
14709 4162 7436
1450 3757 11056
3757 1450 11056
11056 1450 3757
9337 6116 6639
6116 6639 9337
6639 6116 9337
12529 7290 9994
9994 7290 12529
7290 9994 12529
13174 5739 6358
6358 5739 13174
5739 6358 13174
2944 10301 10965
10301 2944 10965
10965 2944 10301
14838 4274 14510
14510 4274 14838
4274 14510 14838
7442 1833 6697
6697 1833 7442
1833 6697 7442
10842 6863 12672
6863 10842 12672
12672 6863 10842
11725 4639 11845
11845 4639 11725
4639 11725 11845
14439 10104 10871
10104 10871 14439
10871 10104 14439
9530 3384 4464
3384 4464 9530
4464 3384 9530
11611 11896 11944
11944 11611 11896
11896 11611 11944
4673 4441 13032
4441 4673 13032
13032 4441 4673
6181 14303 14455
14455 6181 14303
14303 6181 14455
7192 3202 10476
10476 3202 7192
3202 7192 10476
13665 4725 13143
4725 13143 13665
13143 4725 13665
318 618 4477
4477 318 618
618 318 4477
11860 13829 14450
14450 11860 13829
13829 11860 14450
11747 2284 11984
2284 11747 11984
11984 2284 11747
13559 76 8575
8575 76 13559
76 8575 13559
2263 664 3469
3469 664 2263
664 2263 3469
3606 8228 10927
8228 3606 10927
10927 3606 8228
3023 2180 14380
2180 3023 14380
14380 2180 3023
8374 8347 13366
13366 8347 8374
8347 8374 13366
9217 3025 12702
3025 9217 12702
12702 3025 9217
11629 2987 10286
2987 10286 11629
10286 2987 11629
1323 3940 5004
3940 1323 5004
5004 1323 3940
13567 4604 12554
4604 12554 13567
12554 4604 13567
9452 1730 3390
1730 3390 9452
3390 1730 9452
3151 1765 5860
5860 1765 3151
1765 3151 5860
3051 3335 7812
7812 3051 3335
3335 3051 7812
242 4221 13546
13546 242 4221
4221 242 13546
8425 11042 12776
12776 8425 11042
11042 8425 12776
1692 12826 13507
13507 1692 12826
12826 1692 13507
1353 1388 14018
14018 1353 1388
1388 1353 14018
8992 207 7731
207 7731 8992
7731 207 8992
5780 7576 8683
7576 5780 8683
8683 5780 7576
8395 4265 4892
4265 4892 8395
4892 4265 8395
13760 9255 11639
11639 9255 13760
9255 11639 13760
3143 8557 10934
8557 3143 10934
10934 3143 8557
1826 7654 14092
7654 1826 14092
14092 1826 7654
10784 3690 5091
3690 5091 10784
5091 3690 10784
12139 2590 7299
2590 7299 12139
7299 2590 12139
8923 8905 11795
8905 8923 11795
11795 8905 8923
10013 426 3573
426 3573 10013
3573 426 10013
6741 4670 10066
10066 4670 6741
4670 6741 10066
8146 4626 10818
4626 8146 10818
10818 4626 8146
860 615 7070
7070 615 860
615 860 7070
14661 5333 10424
5333 10424 14661
10424 5333 14661
12302 1716 14592
1716 12302 14592
14592 1716 12302
7994 9060 14756
9060 7994 14756
14756 7994 9060
3066 986 2812
986 2812 3066
2812 986 3066
14891 5827 12953
12953 5827 14891
5827 12953 14891
3032 6157 14056
6157 3032 14056
14056 3032 6157
10179 2673 13184
2673 10179 13184
13184 2673 10179
6120 6180 8692
6180 6120 8692
8692 6120 6180
9854 8214 11748
8214 9854 11748
11748 8214 9854
14265 474 13474
13474 474 14265
474 13474 14265
87 3841 4449
3841 87 4449
4449 87 3841
9499 5055 6085
5055 6085 9499
6085 5055 9499
10444 2295 14629
2295 10444 14629
14629 2295 10444
13973 547 12568
12568 547 13973
547 12568 13973
365 11427 14344
11427 365 14344
14344 365 11427
13176 4111 11239
4111 11239 13176
11239 4111 13176
435 8386 10737
10737 435 8386
8386 435 10737
10907 5196 9629
5196 9629 10907
9629 5196 10907
12694 1157 14546
14546 1157 12694
1157 12694 14546
10466 750 11755
750 10466 11755
11755 750 10466
3542 1879 6295
6295 1879 3542
1879 3542 6295
513 2664 7841
2664 513 7841
7841 513 2664
4454 1533 3326
3326 1533 4454
1533 3326 4454
8333 10355 14551
10355 8333 14551
14551 8333 10355
9966 1858 4605
1858 4605 9966
4605 1858 9966
3838 4624 9020
9020 3838 4624
4624 3838 9020
7763 5127 14449
5127 7763 14449
14449 5127 7763
13552 500 2976
500 2976 13552
2976 500 13552
7394 1482 4453
1482 4453 7394
4453 1482 7394
11825 3447 5399
3447 5399 11825
5399 3447 11825
11735 371 11383
11383 371 11735
371 11383 11735
2027 6082 14083
6082 2027 14083
14083 2027 6082
10489 4053 9916
9916 4053 10489
4053 9916 10489
368 1494 12781
12781 368 1494
1494 368 12781
10672 95 414
95 414 10672
414 95 10672
11311 11924 14682
14682 11311 11924
11924 11311 14682
3688 4786 7954
4786 3688 7954
7954 3688 4786
10380 3971 10334
10334 3971 10380
3971 10334 10380
1188 3683 5793
5793 1188 3683
3683 1188 5793
2149 7942 12431
7942 2149 12431
12431 2149 7942
861 3446 11583
3446 861 11583
11583 861 3446
14781 184 7652
7652 184 14781
184 7652 14781
7631 1744 4230
4230 1744 7631
1744 4230 7631
13726 1325 1908
1908 1325 13726
1325 1908 13726
12190 9264 11546
11546 9264 12190
9264 11546 12190
4004 3482 7197
7197 3482 4004
3482 4004 7197
2031 6042 13182
6042 2031 13182
13182 2031 6042
46 4609 12452
12452 46 4609
4609 46 12452
1429 12009 12675
12009 1429 12675
12675 1429 12009
3908 2200 5767
2200 3908 5767
5767 2200 3908
8416 8451 11591
11591 8416 8451
8451 8416 11591
4055 5755 8334
8334 4055 5755
5755 4055 8334
8087 3 1642
3 1642 8087
1642 3 8087
7980 163 12351
163 7980 12351
12351 163 7980
6714 1166 2949
2949 1166 6714
1166 2949 6714
194 10544 12176
12176 194 10544
10544 194 12176
6709 7541 8309
7541 6709 8309
8309 6709 7541
4329 2966 3675
2966 3675 4329
3675 2966 4329
8286 4026 8289
4026 8286 8289
8289 4026 8286
8491 3096 10923
3096 8491 10923
10923 3096 8491
12761 1569 5889
1569 5889 12761
5889 1569 12761
14841 419 6888
419 6888 14841
6888 419 14841
6818 2334 3815
2334 3815 6818
3815 2334 6818
831 8300 13595
8300 831 13595
13595 831 8300
206 3771 14405
14405 206 3771
3771 206 14405
2817 8349 11763
8349 2817 11763
11763 2817 8349
7931 4059 10633
10633 4059 7931
4059 7931 10633
11319 11198 13714
11198 11319 13714
13714 11198 11319
9565 221 1949
221 1949 9565
1949 221 9565
4252 6382 9937
9937 4252 6382
6382 4252 9937
957 7983 9199
7983 957 9199
9199 957 7983
13093 12234 14209
14209 12234 13093
12234 13093 14209
12660 12908 13137
12908 12660 13137
13137 12660 12908
9935 9147 10209
9147 9935 10209
10209 9147 9935
3061 13088 14270
13088 3061 14270
14270 3061 13088
11921 9692 12575
12575 9692 11921
9692 11921 12575
14562 6641 10593
6641 10593 14562
10593 6641 14562
8173 811 5645
5645 811 8173
811 5645 8173
7869 12337 12596
12596 7869 12337
12337 7869 12596
8390 2753 10651
2753 8390 10651
10651 2753 8390
12996 1585 14496
14496 1585 12996
1585 12996 14496
9984 3400 7361
3400 7361 9984
7361 3400 9984
1628 1617 12171
12171 1617 1628
1617 1628 12171
3221 669 6694
669 3221 6694
6694 669 3221
6443 10010 13464
10010 6443 13464
13464 6443 10010
5787 5555 10514
10514 5555 5787
5555 5787 10514
13826 429 1988
429 1988 13826
1988 429 13826
273 2483 14723
2483 273 14723
14723 273 2483
6002 8130 12120
8130 6002 12120
12120 6002 8130
958 2564 11136
11136 958 2564
2564 958 11136
4225 3364 6476
6476 3364 4225
3364 4225 6476
11721 5731 12209
5731 11721 12209
12209 5731 11721
5454 8930 13525
8930 5454 13525
13525 5454 8930
13133 2511 10726
2511 10726 13133
10726 2511 13133
13631 11048 12365
12365 11048 13631
11048 12365 13631
4720 5118 13361
5118 4720 13361
13361 4720 5118
12062 8915 11632
11632 8915 12062
8915 11632 12062
3018 535 8137
535 3018 8137
8137 535 3018
7520 572 4183
572 4183 7520
4183 572 7520
11870 1349 10829
1349 10829 11870
10829 1349 11870
10005 1878 13780
1878 10005 13780
13780 1878 10005
13694 7937 13663
7937 13663 13694
13663 7937 13694
14976 2530 13974
13974 2530 14976
2530 13974 14976
9658 2578 6600
6600 2578 9658
2578 6600 9658
11525 3145 12086
12086 3145 11525
3145 11525 12086
14483 2313 8468
8468 2313 14483
2313 8468 14483
4519 4080 13711
4080 4519 13711
13711 4080 4519
14537 3641 5711
5711 3641 14537
3641 5711 14537
9321 1828 13647
13647 1828 9321
1828 9321 13647
5172 886 9077
9077 886 5172
886 5172 9077
7406 1285 4034
1285 4034 7406
4034 1285 7406
5526 5177 11888
5177 5526 11888
11888 5177 5526
13750 8452 9019
9019 8452 13750
8452 9019 13750
1832 3376 8366
3376 1832 8366
8366 1832 3376
3652 717 7721
717 3652 7721
7721 717 3652
12035 6529 8856
8856 6529 12035
6529 8856 12035
9352 2326 14460
14460 2326 9352
2326 9352 14460
13509 4535 4709
4535 4709 13509
4709 4535 13509
10198 1566 11976
1566 10198 11976
11976 1566 10198
2050 4897 14071
4897 2050 14071
14071 2050 4897
5092 7348 14461
14461 5092 7348
7348 5092 14461
10969 3312 7658
7658 3312 10969
3312 7658 10969
11338 1572 8050
1572 8050 11338
8050 1572 11338
3057 32 2931
2931 32 3057
32 2931 3057
10987 4066 9248
9248 4066 10987
4066 9248 10987
12512 3648 14251
3648 12512 14251
14251 3648 12512
5678 11513 14621
11513 5678 14621
14621 5678 11513
10340 4791 13690
4791 10340 13690
13690 4791 10340
12031 3871 10446
10446 3871 12031
3871 10446 12031
12522 5574 13135
5574 12522 13135
13135 5574 12522
6356 7624 8556
8556 6356 7624
7624 6356 8556
1114 2770 11378
11378 1114 2770
2770 1114 11378
889 3500 6294
6294 889 3500
3500 889 6294
12254 4798 6855
4798 6855 12254
6855 4798 12254
9640 7392 14931
14931 7392 9640
7392 9640 14931
4440 3709 11488
11488 3709 4440
3709 4440 11488
4037 8061 13339
8061 4037 13339
13339 4037 8061
4384 3069 3589
3589 3069 4384
3069 3589 4384
1890 2500 8609
8609 1890 2500
2500 1890 8609
1248 2484 4085
2484 1248 4085
4085 1248 2484
8717 4553 4776
4776 4553 8717
4553 4776 8717
9627 3523 11899
11899 3523 9627
3523 9627 11899
8598 1721 11910
11910 1721 8598
1721 8598 11910
423 2020 13924
13924 423 2020
2020 423 13924
7218 1880 12700
1880 7218 12700
12700 1880 7218
12061 3115 4410
4410 3115 12061
3115 4410 12061
6327 7711 9852
7711 6327 9852
9852 6327 7711
11969 3549 6995
6995 3549 11969
3549 6995 11969
1720 352 4271
4271 352 1720
352 1720 4271
4279 4459 6806
4459 4279 6806
6806 4279 4459
6868 1118 1424
1118 1424 6868
1424 1118 6868
464 8284 9189
9189 464 8284
8284 464 9189
9626 6096 10056
6096 9626 10056
10056 6096 9626
893 8413 8522
8522 893 8413
8413 893 8522
2991 2197 8972
2197 2991 8972
8972 2197 2991
1601 3190 11529
3190 1601 11529
11529 1601 3190
8561 2558 7080
7080 2558 8561
2558 7080 8561
10919 6947 7038
6947 7038 10919
7038 6947 10919
6063 1327 5974
1327 5974 6063
5974 1327 6063
13573 1190 4520
1190 4520 13573
4520 1190 13573
11960 8188 14668
14668 8188 11960
8188 11960 14668
1469 11590 13557
11590 1469 13557
13557 1469 11590
6643 271 13596
271 6643 13596
13596 271 6643
2523 7217 11784
7217 2523 11784
11784 2523 7217
3404 6783 8824
6783 3404 8824
8824 3404 6783
14007 8454 11030
8454 11030 14007
11030 8454 14007
1557 12891 13928
12891 1557 13928
13928 1557 12891
7359 5090 13966
13966 5090 7359
5090 7359 13966
1435 2993 10944
10944 1435 2993
2993 1435 10944
4379 3808 14620
14620 3808 4379
3808 4379 14620
492 4017 8534
4017 492 8534
8534 492 4017
2771 7562 9639
9639 2771 7562
7562 2771 9639
13427 1445 13382
13382 1445 13427
1445 13382 13427
11053 12796 13971
12796 11053 13971
13971 11053 12796
14806 2674 13709
2674 13709 14806
13709 2674 14806
4476 1955 2010
1955 2010 4476
2010 1955 4476
1234 4007 8032
4007 1234 8032
8032 1234 4007
6283 6520 8483
8483 6283 6520
6520 6283 8483
8664 7180 14399
14399 7180 8664
7180 8664 14399
8277 629 11230
11230 629 8277
629 8277 11230
9374 795 2472
795 2472 9374
2472 795 9374
5527 3538 14411
3538 5527 14411
14411 3538 5527
2203 13517 13868
13868 2203 13517
13517 2203 13868
7494 1706 2512
1706 2512 7494
2512 1706 7494
1070 6162 14659
14659 1070 6162
6162 1070 14659
7356 8152 10439
8152 7356 10439
10439 7356 8152
6333 11995 13144
11995 6333 13144
13144 6333 11995
12359 8793 11510
11510 8793 12359
8793 11510 12359
7687 3898 13193
3898 7687 13193
13193 3898 7687
14808 2240 10125
2240 10125 14808
10125 2240 14808
4163 1855 9100
9100 1855 4163
1855 4163 9100
11277 8514 13555
13555 8514 11277
8514 11277 13555
9533 4653 6299
6299 4653 9533
4653 6299 9533
10695 5178 9774
5178 9774 10695
9774 5178 10695
5018 657 10895
657 5018 10895
10895 657 5018
7633 5321 14528
5321 7633 14528
14528 5321 7633
5828 2162 8809
2162 5828 8809
8809 2162 5828
2675 6618 8597
8597 2675 6618
6618 2675 8597
10042 2406 13997
13997 2406 10042
2406 10042 13997
12876 9695 12570
12570 9695 12876
9695 12570 12876
1174 2183 10999
2183 1174 10999
10999 1174 2183
3260 7827 11932
7827 3260 11932
11932 3260 7827
10099 11101 11575
11575 10099 11101
11101 10099 11575
7811 11097 11955
11097 7811 11955
11955 7811 11097
12136 4375 9291
4375 9291 12136
9291 4375 12136
8757 5760 7016
5760 7016 8757
7016 5760 8757
8576 9964 11166
9964 8576 11166
11166 8576 9964
698 7585 9376
9376 698 7585
7585 698 9376
151 662 4686
662 151 4686
4686 151 662
4836 3452 8538
8538 3452 4836
3452 4836 8538
9464 203 7485
203 7485 9464
7485 203 9464
2091 353 13308
13308 353 2091
353 2091 13308
1402 9036 10389
9036 1402 10389
10389 1402 9036
14444 3238 12896
12896 3238 14444
3238 12896 14444
348 6449 11022
11022 348 6449
6449 348 11022
2573 904 7648
904 2573 7648
7648 904 2573
4901 10469 14950
14950 4901 10469
10469 4901 14950
1784 5942 9121
9121 1784 5942
5942 1784 9121
12340 2861 12225
2861 12225 12340
12225 2861 12340
7232 5428 6647
5428 6647 7232
6647 5428 7232
6416 1410 12696
1410 6416 12696
12696 1410 6416
14230 6312 8968
8968 6312 14230
6312 8968 14230
2117 9014 13779
9014 2117 13779
13779 2117 9014
6645 1362 3869
3869 1362 6645
1362 3869 6645
2178 1202 12873
1202 2178 12873
12873 1202 2178
4767 3622 4311
3622 4311 4767
4311 3622 4767
10597 6508 10017
6508 10017 10597
10017 6508 10597
11589 10296 13138
10296 11589 13138
13138 10296 11589
1536 7952 13418
7952 1536 13418
13418 1536 7952
5339 4318 13211
13211 4318 5339
4318 5339 13211
4672 2796 3750
2796 3750 4672
3750 2796 4672
4648 102 2873
102 2873 4648
2873 102 4648
12374 7374 8496
8496 7374 12374
7374 8496 12374
14267 4190 9857
4190 9857 14267
9857 4190 14267
13820 2994 11327
11327 2994 13820
2994 11327 13820
5930 2330 11858
11858 2330 5930
2330 5930 11858
9579 891 14042
14042 891 9579
891 9579 14042
12995 3570 13484
3570 12995 13484
13484 3570 12995
3107 1968 13562
13562 1968 3107
1968 3107 13562
4681 3003 14971
3003 4681 14971
14971 3003 4681
4199 3699 8083
8083 3699 4199
3699 4199 8083
11720 3854 13181
13181 3854 11720
3854 11720 13181
6036 3660 6041
6041 3660 6036
3660 6036 6041
2896 331 13419
331 2896 13419
13419 331 2896
7823 1616 5200
1616 5200 7823
5200 1616 7823
3827 2519 9947
9947 2519 3827
2519 3827 9947
3916 1787 4683
4683 1787 3916
1787 3916 4683
1918 2116 12590
12590 1918 2116
2116 1918 12590
9306 4027 4756
4027 4756 9306
4756 4027 9306
14702 98 13401
13401 98 14702
98 13401 14702
12291 3535 11808
11808 3535 12291
3535 11808 12291
3988 7625 14043
14043 3988 7625
7625 3988 14043
11115 5302 13652
13652 5302 11115
5302 11115 13652
10462 10689 11094
10689 10462 11094
11094 10462 10689
4851 3012 9648
9648 3012 4851
3012 4851 9648
11432 6142 13949
13949 6142 11432
6142 11432 13949
1824 3153 5725
5725 1824 3153
3153 1824 5725
5459 10669 12742
12742 5459 10669
10669 5459 12742
12663 2285 6583
6583 2285 12663
2285 6583 12663
11172 6263 9667
6263 9667 11172
9667 6263 11172
224 2247 9986
9986 224 2247
2247 224 9986
14886 5941 6221
6221 5941 14886
5941 6221 14886
8368 9013 14402
9013 8368 14402
14402 8368 9013
7749 10377 12893
10377 7749 12893
12893 7749 10377
13521 281 13035
281 13035 13521
13035 281 13521
8236 2071 4538
2071 4538 8236
4538 2071 8236
5195 8037 10183
10183 5195 8037
8037 5195 10183
5530 7680 7766
7766 5530 7680
7680 5530 7766
14134 7828 8954
7828 8954 14134
8954 7828 14134
1134 11478 14907
14907 1134 11478
11478 1134 14907
14777 4536 5896
4536 5896 14777
5896 4536 14777
1891 4138 9559
4138 1891 9559
9559 1891 4138
14722 5621 13506
5621 13506 14722
13506 5621 14722
2227 626 7478
7478 626 2227
626 2227 7478
5975 1589 12194
1589 5975 12194
12194 1589 5975
2635 10089 10309
10089 2635 10309
10309 2635 10089
8938 3239 9869
9869 3239 8938
3239 8938 9869
4861 2738 13598
2738 4861 13598
13598 2738 4861
4405 1235 11658
11658 1235 4405
1235 4405 11658
5902 4415 11120
11120 4415 5902
4415 5902 11120
2733 5962 14240
14240 2733 5962
5962 2733 14240
1169 5057 9632
9632 1169 5057
5057 1169 9632
5279 8240 9094
8240 5279 9094
9094 5279 8240
5435 2037 3845
3845 2037 5435
2037 3845 5435
2061 1352 8111
1352 2061 8111
8111 1352 2061
13976 1257 9785
1257 9785 13976
9785 1257 13976
8216 4029 11640
4029 8216 11640
11640 4029 8216
2547 13413 14544
14544 2547 13413
13413 2547 14544
743 1192 3502
3502 743 1192
1192 743 3502
11362 11128 11190
11190 11128 11362
11128 11190 11362
14288 13551 14770
13551 14288 14770
14770 13551 14288
12815 7467 9751
9751 7467 12815
7467 9751 12815
12011 2025 7647
7647 2025 12011
2025 7647 12011
487 7780 7889
7780 487 7889
7889 487 7780
1818 373 6362
6362 373 1818
373 1818 6362
12828 3024 11664
3024 11664 12828
11664 3024 12828
14286 1254 4959
1254 4959 14286
4959 1254 14286
13978 7603 14037
7603 13978 14037
14037 7603 13978
10806 1434 11685
11685 1434 10806
1434 10806 11685
13040 6007 11598
11598 6007 13040
6007 11598 13040
3205 10623 10874
10623 3205 10874
10874 3205 10623
10911 2598 5336
5336 2598 10911
2598 5336 10911
306 8075 14998
14998 306 8075
8075 306 14998
7026 3378 13106
3378 7026 13106
13106 3378 7026
6253 1107 12119
12119 1107 6253
1107 6253 12119
9011 416 13591
416 9011 13591
13591 416 9011
253 4946 5783
4946 253 5783
5783 253 4946
1556 3580 9502
3580 1556 9502
9502 1556 3580
2929 5081 6691
6691 2929 5081
5081 2929 6691
11403 343 5892
5892 343 11403
343 5892 11403
3659 6239 10688
10688 3659 6239
6239 3659 10688
3346 5542 10276
10276 3346 5542
5542 3346 10276
10409 5170 11752
11752 5170 10409
5170 10409 11752
14183 27 2615
27 2615 14183
2615 27 14183
12706 12391 13934
12391 12706 13934
13934 12391 12706
3420 3656 3837
3837 3420 3656
3656 3420 3837
9163 10267 14196
10267 9163 14196
14196 9163 10267
6030 919 11220
919 6030 11220
11220 919 6030
3383 2867 8779
2867 3383 8779
8779 2867 3383
14468 6216 7092
6216 7092 14468
7092 6216 14468
460 8802 11850
11850 460 8802
8802 460 11850
10973 2260 11700
2260 10973 11700
11700 2260 10973
7723 9344 13724
9344 7723 13724
13724 7723 9344
1184 8613 13873
13873 1184 8613
8613 1184 13873
14802 4907 5493
5493 4907 14802
4907 5493 14802
14263 10161 10926
10161 10926 14263
10926 10161 14263
4674 1885 14609
14609 1885 4674
1885 4674 14609
12597 4830 11558
4830 11558 12597
11558 4830 12597
2885 4867 8359
4867 2885 8359
8359 2885 4867
2778 1367 10966
10966 1367 2778
1367 2778 10966
8711 514 3135
3135 514 8711
514 3135 8711
8958 999 9076
999 8958 9076
9076 999 8958
10414 6881 14560
14560 6881 10414
6881 10414 14560
1515 11092 14412
14412 1515 11092
11092 1515 14412
762 3635 11898
3635 762 11898
11898 762 3635
13773 5239 10485
10485 5239 13773
5239 10485 13773
3399 2026 5647
5647 2026 3399
2026 3399 5647
6412 2142 8033
8033 2142 6412
2142 6412 8033
13884 10901 14172
14172 10901 13884
10901 13884 14172
13500 9643 14428
14428 9643 13500
9643 13500 14428
12779 473 7380
7380 473 12779
473 7380 12779
916 1120 9748
1120 916 9748
9748 916 1120
13504 1403 3076
3076 1403 13504
1403 3076 13504
12027 4416 5209
5209 4416 12027
4416 5209 12027
6537 7618 12498
7618 6537 12498
12498 6537 7618
370 13151 14549
14549 370 13151
13151 370 14549
6420 3825 6633
3825 6420 6633
6633 3825 6420
10860 7353 9954
9954 7353 10860
7353 9954 10860
11082 2881 7083
2881 7083 11082
7083 2881 11082
14214 3922 12868
12868 3922 14214
3922 12868 14214
3402 1451 10022
10022 1451 3402
1451 3402 10022
7122 990 9037
9037 990 7122
990 7122 9037
2138 3131 6325
3131 2138 6325
6325 2138 3131
13628 71 3217
71 3217 13628
3217 71 13628
5317 2129 12387
12387 2129 5317
2129 5317 12387
9462 1080 2897
2897 1080 9462
1080 2897 9462
6057 7737 11497
7737 6057 11497
11497 6057 7737
10555 1408 6070
6070 1408 10555
1408 6070 10555
5416 951 11146
11146 951 5416
951 5416 11146
12044 9218 14065
9218 12044 14065
14065 9218 12044
3489 13870 14294
13870 3489 14294
14294 3489 13870
6168 4739 8957
8957 4739 6168
4739 6168 8957
7539 3972 10310
3972 7539 10310
10310 3972 7539
531 553 3906
3906 531 553
553 531 3906
11047 6541 9181
6541 9181 11047
9181 6541 11047
8115 2562 9091
9091 2562 8115
2562 8115 9091
5103 4470 12823
4470 5103 12823
12823 4470 5103
11776 7736 8742
7736 8742 11776
8742 7736 11776
9234 4120 11067
4120 9234 11067
11067 4120 9234
7175 5535 10715
5535 7175 10715
10715 5535 7175
13743 321 14391
14391 321 13743
321 13743 14391
231 10513 14124
10513 231 14124
14124 231 10513
952 2254 8339
8339 952 2254
2254 952 8339
2420 3506 10564
10564 2420 3506
3506 2420 10564
4513 4748 14419
14419 4513 4748
4748 4513 14419
13 1259 6924
1259 13 6924
6924 13 1259
5531 3878 6220
3878 5531 6220
6220 3878 5531
10397 407 2184
407 2184 10397
2184 407 10397
8721 11843 12879
12879 8721 11843
11843 8721 12879
6089 1764 6296
6296 1764 6089
1764 6089 6296
12719 10402 10646
10646 10402 12719
10402 10646 12719
538 1021 7888
7888 538 1021
1021 538 7888
8255 7905 10690
7905 8255 10690
10690 7905 8255
7241 2536 6872
6872 2536 7241
2536 6872 7241
10563 5585 13658
5585 10563 13658
13658 5585 10563
9606 13807 14470
14470 9606 13807
13807 9606 14470
9998 7182 13222
13222 7182 9998
7182 9998 13222
13716 6123 9713
6123 9713 13716
9713 6123 13716
8680 4956 14130
14130 4956 8680
4956 8680 14130
3036 8351 10975
8351 3036 10975
10975 3036 8351
8707 4207 13706
13706 4207 8707
4207 8707 13706
1466 2195 14369
2195 1466 14369
14369 1466 2195
6009 8433 10018
8433 6009 10018
10018 6009 8433
9726 3516 9920
3516 9726 9920
9920 3516 9726
8831 635 8772
635 8772 8831
8772 635 8831
13537 10024 10118
10118 10024 13537
10024 10118 13537
1938 9727 13995
13995 1938 9727
9727 1938 13995
4794 1293 4021
1293 4021 4794
4021 1293 4794
11349 7059 7805
7059 7805 11349
7805 7059 11349
9699 12640 14890
12640 9699 14890
14890 9699 12640
7410 5441 5773
5773 5441 7410
5441 5773 7410
12177 3231 9195
3231 9195 12177
9195 3231 12177
1665 6835 10664
10664 1665 6835
6835 1665 10664
14073 415 11686
415 11686 14073
11686 415 14073
7752 1791 8865
8865 1791 7752
1791 7752 8865
3910 2946 10266
10266 2946 3910
2946 3910 10266
3513 3468 3884
3468 3513 3884
3884 3468 3513
1393 8830 10035
10035 1393 8830
8830 1393 10035
14458 7881 11441
7881 11441 14458
11441 7881 14458
7354 4814 8852
8852 4814 7354
4814 7354 8852
11243 3849 4617
3849 4617 11243
4617 3849 11243
6117 7456 14182
14182 6117 7456
7456 6117 14182
11547 4402 6555
6555 4402 11547
4402 6555 11547
3302 2959 7490
7490 2959 3302
2959 3302 7490
12203 3829 13991
13991 3829 12203
3829 12203 13991
14185 6954 11006
6954 11006 14185
11006 6954 14185
7249 4589 12129
12129 4589 7249
4589 7249 12129
9508 3274 8622
8622 3274 9508
3274 8622 9508
3230 4992 9212
9212 3230 4992
4992 3230 9212
4361 8550 14984
8550 4361 14984
14984 4361 8550
6728 3555 9583
3555 6728 9583
9583 3555 6728
5567 5833 6512
6512 5567 5833
5833 5567 6512
8453 4296 7280
7280 4296 8453
4296 7280 8453
2764 8446 12707
12707 2764 8446
8446 2764 12707
12273 3387 7944
3387 7944 12273
7944 3387 12273
3305 2592 12585
2592 3305 12585
12585 2592 3305
12437 7242 13793
13793 7242 12437
7242 12437 13793
9886 2187 9358
9358 2187 9886
2187 9358 9886
10766 4737 9956
4737 9956 10766
9956 4737 10766
14610 4667 6982
6982 4667 14610
4667 6982 14610
13409 3534 14789
3534 13409 14789
14789 3534 13409
4649 3122 14869
14869 3122 4649
3122 4649 14869
12495 3634 9927
3634 9927 12495
9927 3634 12495
7975 3098 12874
3098 7975 12874
12874 3098 7975
5389 2539 6561
6561 2539 5389
2539 5389 6561
13810 462 9408
462 9408 13810
9408 462 13810
9214 1785 11407
11407 1785 9214
1785 9214 11407
1492 3114 8797
3114 1492 8797
8797 1492 3114
1050 2577 14503
2577 1050 14503
14503 1050 2577
13378 2938 12670
2938 12670 13378
12670 2938 13378
8849 3211 4222
4222 3211 8849
3211 4222 8849
1220 2594 9509
2594 1220 9509
9509 1220 2594
14655 8888 9215
8888 9215 14655
9215 8888 14655
4896 7441 8117
8117 4896 7441
7441 4896 8117
8648 8090 10918
8090 8648 10918
10918 8090 8648
5242 8290 12102
12102 5242 8290
8290 5242 12102
1371 11578 14529
11578 1371 14529
14529 1371 11578
3672 1593 12500
1593 3672 12500
12500 1593 3672
457 4964 6083
4964 457 6083
6083 457 4964
2436 6330 6538
6330 2436 6538
6538 2436 6330
6425 3154 3759
3154 3759 6425
3759 3154 6425
1245 677 8953
677 1245 8953
8953 677 1245
7824 2363 7615
2363 7615 7824
7615 2363 7824
2366 12756 14093
12756 2366 14093
14093 2366 12756
8735 2973 8358
8358 2973 8735
2973 8358 8735
7728 5069 5761
5069 5761 7728
5761 5069 7728
2191 9838 12446
12446 2191 9838
9838 2191 12446
5894 5229 12924
12924 5229 5894
5229 5894 12924
6496 5986 13737
13737 5986 6496
5986 6496 13737
11605 2958 7457
2958 7457 11605
7457 2958 11605
9960 11631 12917
12917 9960 11631
11631 9960 12917
13270 5708 5946
5708 5946 13270
5946 5708 13270
13139 12464 14260
12464 13139 14260
14260 12464 13139
10767 3220 8319
3220 8319 10767
8319 3220 10767
14144 946 1915
1915 946 14144
946 1915 14144
7739 867 4411
867 4411 7739
4411 867 7739
2144 3367 3684
3367 2144 3684
3684 2144 3367
1104 2367 4261
4261 1104 2367
2367 1104 4261
10729 5897 12345
12345 5897 10729
5897 10729 12345
11347 1502 9184
9184 1502 11347
1502 9184 11347
269 3108 4773
3108 269 4773
4773 269 3108
1680 7481 12527
12527 1680 7481
7481 1680 12527
2514 6523 9280
6523 2514 9280
9280 2514 6523
1138 14192 14874
14874 1138 14192
14192 1138 14874
2842 8041 10936
8041 2842 10936
10936 2842 8041
10782 4451 4853
4853 4451 10782
4451 4853 10782
1590 190 480
480 190 1590
190 480 1590
14525 13058 14695
13058 14525 14695
14695 13058 14525
7592 1912 12485
1912 7592 12485
12485 1912 7592
3203 13056 14485
14485 3203 13056
13056 3203 14485
5411 6934 13004
6934 5411 13004
13004 5411 6934
11761 1366 11502
1366 11502 11761
11502 1366 11761
11224 1015 6619
6619 1015 11224
1015 6619 11224
8555 118 7536
7536 118 8555
118 7536 8555
10868 5077 5862
5862 5077 10868
5077 5862 10868
6457 14415 14430
14430 6457 14415
14415 6457 14430
2543 2676 9305
2676 2543 9305
9305 2543 2676
4299 2709 8165
8165 2709 4299
2709 4299 8165
3843 10372 11913
10372 3843 11913
11913 3843 10372
250 3430 8222
3430 250 8222
8222 250 3430
1017 857 6427
6427 857 1017
857 1017 6427
5022 9313 10877
10877 5022 9313
9313 5022 10877
11613 7009 9460
9460 7009 11613
7009 9460 11613
3091 80 111
80 111 3091
111 80 3091
7431 7027 9771
7027 7431 9771
9771 7027 7431
12616 5102 13851
13851 5102 12616
5102 12616 13851
14098 3111 4955
4955 3111 14098
3111 4955 14098
13244 5296 12747
12747 5296 13244
5296 12747 13244
9844 4270 7295
7295 4270 9844
4270 7295 9844
5406 2719 9950
9950 2719 5406
2719 5406 9950
14594 2906 9250
2906 9250 14594
9250 2906 14594
9801 756 11806
756 9801 11806
11806 756 9801
2853 1356 11152
1356 2853 11152
11152 1356 2853
11366 4290 11709
11709 4290 11366
4290 11366 11709
1260 8303 9288
8303 1260 9288
9288 1260 8303
10039 4380 9246
9246 4380 10039
4380 9246 10039
12619 1521 12764
1521 12619 12764
12764 1521 12619
1511 5094 12733
12733 1511 5094
5094 1511 12733
9278 5376 6497
6497 5376 9278
5376 6497 9278
1882 10834 14136
14136 1882 10834
10834 1882 14136
1695 2659 8254
8254 1695 2659
2659 1695 8254
2513 10338 12613
10338 2513 12613
12613 2513 10338
7685 61 5436
61 5436 7685
5436 61 7685
11395 2008 12454
12454 2008 11395
2008 11395 12454
7162 11437 13443
11437 7162 13443
13443 7162 11437
7147 7289 12430
7289 7147 12430
12430 7147 7289
3116 5882 6689
5882 3116 6689
6689 3116 5882
5569 3987 10323
10323 3987 5569
3987 5569 10323
938 8842 9811
8842 938 9811
9811 938 8842
13602 4828 6848
4828 6848 13602
6848 4828 13602
12128 6323 6613
6323 6613 12128
6613 6323 12128
11411 8012 11599
8012 11411 11599
11599 8012 11411
2108 9563 10322
9563 2108 10322
10322 2108 9563
4005 7656 7672
7672 4005 7656
7656 4005 7672
13104 5706 13356
5706 13104 13356
13356 5706 13104
3695 1064 5025
5025 1064 3695
1064 3695 5025
10976 3899 10049
3899 10049 10976
10049 3899 10976
14406 9849 12338
9849 12338 14406
12338 9849 14406
2386 2864 7357
7357 2386 2864
2864 2386 7357
9027 5506 5803
5506 5803 9027
5803 5506 9027
11839 8044 13916
13916 8044 11839
8044 11839 13916
5312 11350 14733
14733 5312 11350
11350 5312 14733
11787 66 12657
66 11787 12657
12657 66 11787
9755 10618 10713
10713 9755 10618
10618 9755 10713
14866 5744 9788
9788 5744 14866
5744 9788 14866
2226 11251 11653
11251 2226 11653
11653 2226 11251
3765 10982 14684
10982 3765 14684
14684 3765 10982
14472 2139 9039
2139 9039 14472
9039 2139 14472
3760 7519 7613
7613 3760 7519
7519 3760 7613
14780 3779 4933
3779 4933 14780
4933 3779 14780
3980 8150 11445
11445 3980 8150
8150 3980 11445
10343 6147 8999
8999 6147 10343
6147 8999 10343
1576 119 5452
5452 119 1576
119 1576 5452
3895 9245 13607
9245 3895 13607
13607 3895 9245
1937 2841 4058
4058 1937 2841
2841 1937 4058
2283 11184 12654
12654 2283 11184
11184 2283 12654
2222 8021 12848
12848 2222 8021
8021 2222 12848
14454 7998 8734
7998 8734 14454
8734 7998 14454
12548 13109 13742
13109 12548 13742
13742 12548 13109
7058 1125 11526
1125 7058 11526
11526 1125 7058
12943 1687 6993
1687 6993 12943
6993 1687 12943
10922 556 1059
556 1059 10922
1059 556 10922
8901 6035 9275
9275 6035 8901
6035 8901 9275
2660 6321 8118
6321 2660 8118
8118 2660 6321
8645 4452 7107
4452 7107 8645
7107 4452 8645
12870 5211 5938
5938 5211 12870
5211 5938 12870
9519 6460 13917
6460 9519 13917
13917 6460 9519
4570 3347 14186
3347 4570 14186
14186 3347 4570
2325 6533 14233
14233 2325 6533
6533 2325 14233
3995 1484 13836
13836 1484 3995
1484 3995 13836
4050 3388 13387
3388 4050 13387
13387 3388 4050
5346 1140 13071
13071 1140 5346
1140 5346 13071
5161 3070 5521
5521 3070 5161
3070 5161 5521
5599 2021 13839
2021 5599 13839
13839 2021 5599
9371 822 10809
822 9371 10809
10809 822 9371
12762 1197 10614
10614 1197 12762
1197 10614 12762
1774 4201 10268
10268 1774 4201
4201 1774 10268
7050 8504 14087
8504 7050 14087
14087 7050 8504
6268 1936 4438
1936 4438 6268
4438 1936 6268
5676 7518 9573
9573 5676 7518
7518 5676 9573
6838 5977 8631
5977 6838 8631
8631 5977 6838
8379 10173 10885
10885 8379 10173
10173 8379 10885
9650 3123 3637
3637 3123 9650
3123 3637 9650
13962 5640 10798
10798 5640 13962
5640 10798 13962
5174 13909 14019
13909 5174 14019
