49816 18466 78811
18466 49816 78811
78811 18466 49816
146114 93567 118720
118720 93567 146114
93567 118720 146114
83636 75438 132022
75438 83636 132022
132022 75438 83636
40636 5749 46166
46166 5749 40636
5749 40636 46166
7241 20661 58463
20661 7241 58463
58463 7241 20661
7493 68619 79762
68619 7493 79762
79762 7493 68619
79472 32952 136616
32952 79472 136616
136616 32952 79472
59557 124156 130731
124156 59557 130731
130731 59557 124156
37443 53980 81277
81277 37443 53980
53980 37443 81277
7582 65338 71499
71499 7582 65338
65338 7582 71499
5987 97680 112128
97680 5987 112128
112128 5987 97680
135931 33556 38130
38130 33556 135931
33556 38130 135931
106594 11979 94393
11979 94393 106594
94393 11979 106594
115143 70448 121076
70448 115143 121076
121076 70448 115143
122456 4130 24232
4130 24232 122456
24232 4130 122456
120802 40229 129796
129796 40229 120802
40229 120802 129796
67783 25764 136427
25764 67783 136427
136427 25764 67783
58397 115060 124265
115060 58397 124265
124265 58397 115060
136960 47139 93377
47139 93377 136960
93377 47139 136960
87607 68463 96144
68463 87607 96144
96144 68463 87607
57789 3026 148336
148336 3026 57789
3026 57789 148336
82118 19571 130291
19571 82118 130291
130291 19571 82118
63976 61835 101787
101787 61835 63976
61835 63976 101787
135822 31473 44429
44429 31473 135822
31473 44429 135822
116698 24914 86730
24914 86730 116698
86730 24914 116698
46161 38370 145747
145747 38370 46161
38370 46161 145747
31082 72957 107354
72957 31082 107354
107354 31082 72957
83063 77143 110740
77143 83063 110740
110740 77143 83063
66917 100908 120876
120876 66917 100908
100908 66917 120876
38487 5802 36093
5802 36093 38487
36093 5802 38487
112595 129150 148902
129150 112595 148902
148902 112595 129150
132832 35604 84769
35604 84769 132832
84769 35604 132832
79043 20857 124618
20857 79043 124618
124618 20857 79043
56578 96767 107907
96767 56578 107907
107907 56578 96767
131367 41490 73803
73803 41490 131367
41490 73803 131367
94529 44443 95179
44443 94529 95179
95179 44443 94529
98888 34134 142323
34134 98888 142323
142323 34134 98888
93987 10211 142117
142117 10211 93987
10211 93987 142117
96543 83791 113055
83791 96543 113055
113055 83791 96543
115343 122174 123812
123812 115343 122174
122174 115343 123812
14344 29743 145756
29743 14344 145756
145756 14344 29743
119343 21235 29291
29291 21235 119343
21235 29291 119343
92790 82518 119312
82518 92790 119312
119312 82518 92790
10041 64499 149899
149899 10041 64499
64499 10041 149899
58869 117858 122915
117858 58869 122915
122915 58869 117858
31555 32820 148673
148673 31555 32820
32820 31555 148673
104512 4087 37864
37864 4087 104512
4087 37864 104512
75059 61767 96383
61767 75059 96383
96383 61767 75059
57405 96795 105200
105200 57405 96795
96795 57405 105200
31911 26336 67842
26336 31911 67842
67842 26336 31911
87897 4147 53123
4147 53123 87897
53123 4147 87897
41299 15892 73156
15892 41299 73156
73156 15892 41299
96635 79548 149259
79548 96635 149259
149259 79548 96635
71754 106731 134567
106731 71754 134567
134567 71754 106731
96386 23538 140414
23538 96386 140414
140414 23538 96386
139217 64209 148816
64209 139217 148816
148816 64209 139217
77933 50076 96089
96089 50076 77933
50076 77933 96089
20385 1717 34576
34576 1717 20385
1717 20385 34576
94976 27111 147641
147641 27111 94976
27111 94976 147641
44369 114394 116245
116245 44369 114394
114394 44369 116245
90905 118746 122454
118746 90905 122454
122454 90905 118746
75951 41993 47982
47982 41993 75951
41993 47982 75951
110739 11717 117015
11717 110739 117015
117015 11717 110739
57320 42474 114335
42474 57320 114335
114335 42474 57320
144364 18753 134438
134438 18753 144364
18753 134438 144364
68071 4983 147431
4983 68071 147431
147431 4983 68071
51501 62718 71757
71757 51501 62718
62718 51501 71757
118555 2204 51541
2204 51541 118555
51541 2204 118555
44214 30687 137181
137181 30687 44214
30687 44214 137181
117644 133115 146423
133115 117644 146423
146423 117644 133115
4772 11599 108405
11599 4772 108405
108405 4772 11599
79446 119945 121520
121520 79446 119945
119945 79446 121520
70627 87357 146367
146367 70627 87357
87357 70627 146367
117179 73016 103204
73016 103204 117179
103204 73016 117179
83443 79086 123981
123981 79086 83443
79086 83443 123981
44702 56067 145642
145642 44702 56067
56067 44702 145642
98816 97075 140786
140786 97075 98816
97075 98816 140786
1944 81219 106390
106390 1944 81219
81219 1944 106390
68461 78624 141416
141416 68461 78624
78624 68461 141416
51429 29753 133034
29753 51429 133034
133034 29753 51429
109437 56017 142123
56017 109437 142123
142123 56017 109437
129793 9060 111962
9060 111962 129793
111962 9060 129793
106624 35315 75532
75532 35315 106624
35315 75532 106624
123905 94376 137423
94376 123905 137423
137423 94376 123905
120175 81577 143630
143630 81577 120175
81577 120175 143630
143247 6615 62855
62855 6615 143247
6615 62855 143247
103833 80165 143932
80165 103833 143932
143932 80165 103833
66864 21423 149991
21423 66864 149991
149991 21423 66864
82353 113465 126423
113465 82353 126423
126423 82353 113465
59977 26942 64551
64551 26942 59977
26942 59977 64551
80295 81332 148062
81332 80295 148062
148062 80295 81332
81294 26712 115887
26712 81294 115887
115887 26712 81294
66840 19175 71956
71956 19175 66840
19175 66840 71956
78902 136195 144765
144765 78902 136195
136195 78902 144765
52923 21431 81575
81575 21431 52923
21431 52923 81575
117810 31051 68496
31051 68496 117810
68496 31051 117810
130885 42453 142859
42453 130885 142859
142859 42453 130885
103506 41772 95663
95663 41772 103506
41772 95663 103506
95204 2450 139435
139435 2450 95204
2450 95204 139435
138444 60225 60299
60225 60299 138444
60299 60225 138444
107982 91399 146334
146334 91399 107982
91399 107982 146334
60437 56368 123814
123814 56368 60437
56368 60437 123814
148946 32641 101559
101559 32641 148946
32641 101559 148946
125221 1679 102072
1679 102072 125221
102072 1679 125221
44193 9434 109026
109026 9434 44193
9434 44193 109026
97009 38512 134975
134975 38512 97009
38512 97009 134975
148462 102941 110001
110001 102941 148462
102941 110001 148462
988 17925 72864
17925 988 72864
72864 988 17925
24480 83806 140754
83806 24480 140754
140754 24480 83806
149427 58824 60913
58824 60913 149427
60913 58824 149427
143106 22441 131526
131526 22441 143106
22441 131526 143106
58897 3531 67264
67264 3531 58897
3531 58897 67264
121984 20154 111944
111944 20154 121984
20154 111944 121984
48430 62349 127165
127165 48430 62349
62349 48430 127165
48758 14765 67966
14765 48758 67966
67966 14765 48758
15837 101789 147745
101789 15837 147745
147745 15837 101789
29059 512 76318
76318 512 29059
512 29059 76318
63755 46112 80190
80190 46112 63755
46112 63755 80190
56825 11206 125949
125949 11206 56825
11206 56825 125949
58726 9552 124528
9552 58726 124528
124528 9552 58726
66857 4191 131471
4191 66857 131471
131471 4191 66857
92317 130311 143242
143242 92317 130311
130311 92317 143242
23341 31870 90162
90162 23341 31870
31870 23341 90162
117596 42541 106797
42541 106797 117596
106797 42541 117596
138306 141696 146032
141696 138306 146032
146032 138306 141696
106380 117653 143581
117653 106380 143581
143581 106380 117653
29452 76272 96894
96894 29452 76272
76272 29452 96894
117782 63686 122704
63686 117782 122704
122704 63686 117782
142048 16729 26112
26112 16729 142048
16729 26112 142048
92339 16946 99612
16946 92339 99612
99612 16946 92339
26321 29700 75016
29700 26321 75016
75016 26321 29700
22848 27917 117871
27917 22848 117871
117871 22848 27917
78599 37659 43720
43720 37659 78599
37659 43720 78599
120092 66463 148961
66463 120092 148961
148961 66463 120092
44681 51388 113219
113219 44681 51388
51388 44681 113219
82062 69058 85554
85554 69058 82062
69058 82062 85554
8701 99154 141867
141867 8701 99154
99154 8701 141867
28033 6512 60741
6512 28033 60741
60741 6512 28033
112299 41613 110923
110923 41613 112299
41613 110923 112299
25623 20020 125417
125417 20020 25623
20020 25623 125417
124009 46981 58347
46981 58347 124009
58347 46981 124009
77544 81262 109843
81262 77544 109843
109843 77544 81262
15780 68712 114041
114041 15780 68712
68712 15780 114041
105066 5407 124483
5407 105066 124483
124483 5407 105066
56026 16437 81519
81519 16437 56026
16437 56026 81519
73442 21133 106745
106745 21133 73442
21133 73442 106745
46585 42706 119802
119802 42706 46585
42706 46585 119802
120193 73775 120051
120051 73775 120193
73775 120051 120193
114932 17453 133629
17453 114932 133629
133629 17453 114932
126622 18838 114825
114825 18838 126622
18838 114825 126622
112547 21421 62486
62486 21421 112547
21421 62486 112547
57489 22975 74424
74424 22975 57489
22975 57489 74424
103713 98080 119677
98080 103713 119677
119677 98080 103713
129252 88822 99201
88822 99201 129252
99201 88822 129252
73183 27934 64053
27934 64053 73183
64053 27934 73183
88446 26041 30680
30680 26041 88446
26041 30680 88446
138857 40156 93500
93500 40156 138857
40156 93500 138857
96008 19151 87683
19151 87683 96008
87683 19151 96008
87419 7535 145269
7535 87419 145269
145269 7535 87419
126530 35244 79267
79267 35244 126530
35244 79267 126530
53510 67669 92567
67669 53510 92567
92567 53510 67669
46027 71813 133922
133922 46027 71813
71813 46027 133922
43221 35274 114687
35274 43221 114687
114687 35274 43221
148088 49783 50583
50583 49783 148088
49783 50583 148088
123200 65902 107441
107441 65902 123200
65902 107441 123200
119416 88348 97018
88348 97018 119416
97018 88348 119416
58319 14394 62440
14394 58319 62440
62440 14394 58319
115677 89652 105720
105720 89652 115677
89652 105720 115677
50465 27788 88254
88254 27788 50465
27788 50465 88254
15239 5285 90865
5285 15239 90865
90865 5285 15239
40059 35195 55431
55431 35195 40059
35195 40059 55431
119521 16552 87930
87930 16552 119521
16552 87930 119521
134605 25621 98735
98735 25621 134605
25621 98735 134605
115733 11751 16070
11751 16070 115733
16070 11751 115733
71836 30765 84767
30765 71836 84767
84767 30765 71836
38122 43668 47699
43668 38122 47699
47699 38122 43668
101062 86222 146454
86222 101062 146454
146454 86222 101062
60982 104370 115751
115751 60982 104370
104370 60982 115751
112424 83530 104780
83530 104780 112424
104780 83530 112424
76801 116170 134959
116170 76801 134959
134959 76801 116170
49591 5709 93916
5709 49591 93916
93916 5709 49591
118383 88450 141591
141591 88450 118383
88450 118383 141591
125212 47190 140413
47190 125212 140413
140413 47190 125212
103494 13152 148726
148726 13152 103494
13152 103494 148726
76622 37745 48542
37745 48542 76622
48542 37745 76622
80832 14780 28713
14780 28713 80832
28713 14780 80832
28757 34112 133047
34112 28757 133047
133047 28757 34112
17425 1680 92223
92223 1680 17425
1680 17425 92223
136940 63107 74402
63107 74402 136940
74402 63107 136940
46635 41925 126835
41925 46635 126835
126835 41925 46635
82043 71360 110609
110609 71360 82043
71360 82043 110609
4399 73990 147400
73990 4399 147400
147400 4399 73990
6526 60194 69862
69862 6526 60194
60194 6526 69862
33100 83116 149466
149466 33100 83116
83116 33100 149466
145758 25552 141231
25552 141231 145758
141231 25552 145758
47121 10393 106132
10393 47121 106132
106132 10393 47121
29221 48161 73800
73800 29221 48161
48161 29221 73800
11 122559 131330
122559 11 131330
131330 11 122559
124055 12813 129245
129245 12813 124055
12813 124055 129245
4763 94085 128198
128198 4763 94085
94085 4763 128198
139380 24634 132743
24634 132743 139380
132743 24634 139380
95472 62988 148491
62988 95472 148491
148491 62988 95472
129169 34786 75653
75653 34786 129169
34786 75653 129169
128515 40030 40453
40030 40453 128515
40453 40030 128515
91762 51934 90724
90724 51934 91762
51934 90724 91762
147310 20229 96502
20229 96502 147310
96502 20229 147310
102753 48330 103038
48330 102753 103038
103038 48330 102753
45032 2905 115009
2905 45032 115009
115009 2905 45032
137153 4738 70853
4738 70853 137153
70853 4738 137153
64580 33190 82007
82007 33190 64580
33190 64580 82007
21494 32990 135370
135370 21494 32990
32990 21494 135370
98880 7608 51144
7608 51144 98880
51144 7608 98880
79730 58219 95454
58219 79730 95454
95454 58219 79730
108591 98348 142836
98348 108591 142836
142836 98348 108591
32511 19023 61142
61142 19023 32511
19023 32511 61142
140744 3067 124150
3067 124150 140744
124150 3067 140744
117777 53310 111086
53310 111086 117777
111086 53310 117777
147705 69301 102551
69301 102551 147705
102551 69301 147705
33279 123968 130200
123968 33279 130200
130200 33279 123968
137966 12703 134964
134964 12703 137966
12703 134964 137966
138349 74468 101957
74468 101957 138349
101957 74468 138349
46471 104767 105068
105068 46471 104767
104767 46471 105068
55498 27211 109395
27211 55498 109395
109395 27211 55498
38016 83105 121130
121130 38016 83105
83105 38016 121130
127002 10821 48344
10821 48344 127002
48344 10821 127002
30826 70817 137868
137868 30826 70817
70817 30826 137868
25689 66910 108062
66910 25689 108062
108062 25689 66910
105899 32705 142720
32705 105899 142720
142720 32705 105899
20931 11385 138914
11385 20931 138914
138914 11385 20931
67300 13238 77536
77536 13238 67300
13238 67300 77536
106783 64998 145794
145794 64998 106783
64998 106783 145794
33082 50375 51769
51769 33082 50375
50375 33082 51769
127333 30659 34251
30659 34251 127333
34251 30659 127333
147064 21469 106514
21469 106514 147064
106514 21469 147064
86726 12891 115963
12891 86726 115963
115963 12891 86726
146310 31932 134328
134328 31932 146310
31932 134328 146310
3477 25833 79219
25833 3477 79219
79219 3477 25833
66737 83860 89775
89775 66737 83860
83860 66737 89775
127410 93109 136609
136609 93109 127410
93109 127410 136609
70440 2520 67067
2520 67067 70440
67067 2520 70440
133288 17075 108090
17075 108090 133288
108090 17075 133288
84009 15139 64941
15139 64941 84009
64941 15139 84009
68722 28673 84920
84920 28673 68722
28673 68722 84920
144925 40247 66416
66416 40247 144925
40247 66416 144925
139794 11427 62374
62374 11427 139794
11427 62374 139794
14629 45476 141414
141414 14629 45476
45476 14629 141414
85733 62441 77828
77828 62441 85733
62441 77828 85733
58912 54243 104488
104488 54243 58912
54243 58912 104488
132684 43072 95422
95422 43072 132684
43072 95422 132684
94138 7160 50214
7160 50214 94138
50214 7160 94138
124638 19620 121998
19620 121998 124638
121998 19620 124638
42708 5887 139733
5887 42708 139733
139733 5887 42708
102411 10430 125854
10430 102411 125854
125854 10430 102411
120888 72967 126648
72967 120888 126648
126648 72967 120888
49672 25523 99018
25523 49672 99018
99018 25523 49672
66093 39705 136814
136814 39705 66093
39705 66093 136814
18667 35816 104945
35816 18667 104945
104945 18667 35816
17013 63082 100247
63082 17013 100247
100247 17013 63082
7963 122271 143642
143642 7963 122271
122271 7963 143642
22464 17346 132316
17346 22464 132316
132316 17346 22464
31926 53236 125452
53236 31926 125452
125452 31926 53236
27123 2360 128051
2360 27123 128051
128051 2360 27123
123149 70062 129030
129030 70062 123149
70062 123149 129030
106749 15195 82593
82593 15195 106749
15195 82593 106749
15341 4690 66011
66011 4690 15341
4690 15341 66011
121760 19481 111581
111581 19481 121760
19481 111581 121760
133744 39619 91474
91474 39619 133744
39619 91474 133744
112382 89082 142751
142751 89082 112382
89082 112382 142751
107899 74772 97136
97136 74772 107899
74772 97136 107899
54100 126225 130763
130763 54100 126225
126225 54100 130763
55385 14736 75941
75941 14736 55385
14736 55385 75941
137524 75167 108336
108336 75167 137524
75167 108336 137524
122465 30455 67880
30455 67880 122465
67880 30455 122465
76112 62630 78751
62630 76112 78751
78751 62630 76112
59011 123289 148637
123289 59011 148637
148637 59011 123289
10339 60108 78012
60108 10339 78012
78012 10339 60108
44038 69740 107138
69740 44038 107138
107138 44038 69740
147029 76261 143750
143750 76261 147029
76261 143750 147029
100408 72406 97423
97423 72406 100408
72406 97423 100408
71966 63590 146181
63590 71966 146181
146181 63590 71966
137107 48240 80089
48240 80089 137107
80089 48240 137107
44793 67655 132327
67655 44793 132327
132327 44793 67655
144587 96234 102718
102718 96234 144587
96234 102718 144587
104084 53702 125090
53702 104084 125090
125090 53702 104084
62543 61020 61888
61020 61888 62543
61888 61020 62543
95873 25697 39719
25697 39719 95873
39719 25697 95873
148361 22420 126995
22420 126995 148361
126995 22420 148361
21499 29616 74164
74164 21499 29616
29616 21499 74164
126911 83023 83842
83842 83023 126911
83023 83842 126911
11822 108577 128739
108577 11822 128739
128739 11822 108577
144802 36172 45258
36172 45258 144802
45258 36172 144802
94650 22435 79957
22435 79957 94650
79957 22435 94650
136823 53348 53429
53429 53348 136823
53348 53429 136823
86890 51012 149552
149552 51012 86890
51012 86890 149552
73234 43110 61658
43110 61658 73234
61658 43110 73234
146785 107839 113978
107839 113978 146785
113978 107839 146785
122445 5116 24708
5116 24708 122445
24708 5116 122445
134094 69006 106014
69006 106014 134094
106014 69006 134094
121337 34897 44174
44174 34897 121337
34897 44174 121337
98447 4615 135531
135531 4615 98447
4615 98447 135531
43547 13693 139432
139432 13693 43547
13693 43547 139432
58045 31105 120810
120810 31105 58045
31105 58045 120810
65649 17568 73468
17568 65649 73468
73468 17568 65649
134951 88095 142982
142982 88095 134951
88095 134951 142982
24856 2800 117199
2800 24856 117199
117199 2800 24856
123596 118276 121912
118276 121912 123596
121912 118276 123596
119840 91373 92333
92333 91373 119840
91373 92333 119840
18493 76817 78767
78767 18493 76817
76817 18493 78767
86660 40318 148554
148554 40318 86660
40318 86660 148554
118128 68354 139334
139334 68354 118128
68354 118128 139334
99109 57563 88278
88278 57563 99109
57563 88278 99109
85813 54944 146042
54944 85813 146042
146042 54944 85813
57226 5243 106385
106385 5243 57226
5243 57226 106385
126980 26918 127319
26918 126980 127319
127319 26918 126980
127988 90448 148306
90448 127988 148306
148306 90448 127988
93633 18142 42912
42912 18142 93633
18142 42912 93633
22401 95329 130206
130206 22401 95329
95329 22401 130206
98829 47772 119027
119027 47772 98829
47772 98829 119027
149878 938 53499
938 53499 149878
53499 938 149878
103154 13404 111880
111880 13404 103154
13404 103154 111880
134742 117299 120925
120925 117299 134742
117299 120925 134742
94995 76124 149546
149546 76124 94995
76124 94995 149546
4475 34260 80187
80187 4475 34260
34260 4475 80187
49766 51857 123811
123811 49766 51857
51857 49766 123811
149530 61033 72903
72903 61033 149530
61033 72903 149530
89655 6083 82568
82568 6083 89655
6083 82568 89655
49295 45412 73349
45412 49295 73349
73349 45412 49295
31754 111875 147440
147440 31754 111875
111875 31754 147440
75969 56311 98478
56311 75969 98478
98478 56311 75969
89087 20130 79744
79744 20130 89087
20130 79744 89087
75234 48357 102488
48357 75234 102488
102488 48357 75234
72434 24455 82124
82124 24455 72434
24455 72434 82124
20157 96766 103644
103644 20157 96766
96766 20157 103644
88324 62679 132567
132567 62679 88324
62679 88324 132567
136689 129425 133429
129425 133429 136689
133429 129425 136689
72148 62771 70776
62771 70776 72148
70776 62771 72148
112373 4536 64728
64728 4536 112373
4536 64728 112373
62333 108063 109194
108063 62333 109194
109194 62333 108063
20450 5400 107533
107533 5400 20450
5400 20450 107533
40487 122581 137029
122581 40487 137029
137029 40487 122581
17901 75903 117552
117552 17901 75903
75903 17901 117552
116559 45992 53105
53105 45992 116559
45992 53105 116559
8736 5090 111945
5090 8736 111945
111945 5090 8736
24209 11125 113436
11125 24209 113436
113436 11125 24209
91069 32666 131171
32666 91069 131171
131171 32666 91069
101068 12122 33068
33068 12122 101068
12122 33068 101068
59579 6351 145769
6351 59579 145769
145769 6351 59579
48662 3143 131811
131811 3143 48662
3143 48662 131811
68053 20828 133741
20828 68053 133741
133741 20828 68053
102286 95638 117128
95638 102286 117128
117128 95638 102286
49321 4860 103709
103709 4860 49321
4860 49321 103709
113493 15547 75940
75940 15547 113493
15547 75940 113493
29243 35291 89317
89317 29243 35291
35291 29243 89317
84395 81113 81908
81908 81113 84395
81113 81908 84395
28635 30616 138134
138134 28635 30616
30616 28635 138134
79485 113457 141891
141891 79485 113457
113457 79485 141891
77827 80705 108047
80705 77827 108047
108047 77827 80705
46400 63563 84294
84294 46400 63563
63563 46400 84294
125473 14198 25030
25030 14198 125473
14198 25030 125473
16910 28740 122047
28740 16910 122047
122047 16910 28740
6655 25436 107246
25436 6655 107246
107246 6655 25436
26087 8942 42103
8942 26087 42103
42103 8942 26087
80145 22599 102874
22599 80145 102874
102874 22599 80145
103094 25431 39408
39408 25431 103094
25431 39408 103094
125410 66448 146773
146773 66448 125410
66448 125410 146773
21454 105233 109331
105233 21454 109331
109331 21454 105233
77783 19923 137142
19923 77783 137142
137142 19923 77783
31453 16344 116425
16344 31453 116425
116425 16344 31453
114102 107376 130729
107376 114102 130729
130729 107376 114102
19123 38987 101022
101022 19123 38987
38987 19123 101022
61934 77231 78810
77231 61934 78810
78810 61934 77231
106199 87244 135906
135906 87244 106199
87244 106199 135906
137421 14750 114213
114213 14750 137421
14750 114213 137421
128380 3936 100781
3936 100781 128380
100781 3936 128380
128819 69228 119375
69228 119375 128819
119375 69228 128819
125823 3098 54604
54604 3098 125823
3098 54604 125823
77258 93507 117426
93507 77258 117426
117426 77258 93507
60574 69769 94452
94452 60574 69769
69769 60574 94452
32017 42682 149797
42682 32017 149797
149797 32017 42682
115895 76946 149160
149160 76946 115895
76946 115895 149160
15459 45056 139444
45056 15459 139444
139444 15459 45056
17714 43801 103491
43801 17714 103491
103491 17714 43801
136181 22137 29979
29979 22137 136181
22137 29979 136181
40154 50305 98414
98414 40154 50305
50305 40154 98414
141091 75605 134620
134620 75605 141091
75605 134620 141091
41575 23414 122890
23414 41575 122890
122890 23414 41575
136675 46558 132444
132444 46558 136675
46558 132444 136675
32224 15600 72986
72986 15600 32224
15600 32224 72986
1977 138195 149313
138195 1977 149313
149313 1977 138195
141771 44582 91833
91833 44582 141771
44582 91833 141771
11421 10286 54672
54672 10286 11421
10286 11421 54672
477 82962 101200
101200 477 82962
82962 477 101200
68713 31992 125482
31992 68713 125482
125482 31992 68713
55415 99360 113448
99360 55415 113448
113448 55415 99360
2616 51630 65418
65418 2616 51630
51630 2616 65418
49746 20082 43527
43527 20082 49746
20082 43527 49746
91930 23687 110382
23687 91930 110382
110382 23687 91930
104894 58653 72295
72295 58653 104894
58653 72295 104894
121628 76687 126177
76687 121628 126177
126177 76687 121628
35820 2524 114576
2524 35820 114576
114576 2524 35820
32267 127378 127479
127378 32267 127479
127479 32267 127378
110093 112918 113727
113727 110093 112918
112918 110093 113727
96977 74210 95694
74210 95694 96977
95694 74210 96977
112893 32096 81360
81360 32096 112893
32096 81360 112893
104585 9917 16906
9917 16906 104585
16906 9917 104585
81454 120113 124520
120113 81454 124520
124520 81454 120113
55144 28284 128872
128872 28284 55144
28284 55144 128872
143836 16476 72146
16476 72146 143836
72146 16476 143836
42673 6664 50720
50720 6664 42673
6664 42673 50720
75634 42042 111567
42042 75634 111567
111567 42042 75634
132624 96046 125380
125380 96046 132624
96046 125380 132624
53156 70972 84065
84065 53156 70972
70972 53156 84065
2726 58024 141848
141848 2726 58024
58024 2726 141848
9278 18535 46929
46929 9278 18535
18535 9278 46929
41466 23006 100599
23006 41466 100599
100599 23006 41466
6270 8038 131827
131827 6270 8038
8038 6270 131827
8439 14191 27506
14191 8439 27506
27506 8439 14191
112559 2985 72567
2985 72567 112559
72567 2985 112559
61742 68630 73045
68630 61742 73045
73045 61742 68630
28948 91233 121347
91233 28948 121347
121347 28948 91233
123694 61753 115942
115942 61753 123694
61753 115942 123694
31548 13937 52590
13937 31548 52590
52590 13937 31548
54614 93585 99649
99649 54614 93585
93585 54614 99649
88131 14676 18586
14676 18586 88131
18586 14676 88131
12806 2731 95011
2731 12806 95011
95011 2731 12806
81982 46548 87222
46548 81982 87222
87222 46548 81982
52348 14585 121769
14585 52348 121769
121769 14585 52348
12844 39277 97590
39277 12844 97590
97590 12844 39277
56246 20174 139194
139194 20174 56246
20174 56246 139194
54714 126704 145501
145501 54714 126704
126704 54714 145501
123555 31483 101938
31483 101938 123555
101938 31483 123555
148326 78196 83779
78196 83779 148326
83779 78196 148326
92420 4205 45393
45393 4205 92420
4205 45393 92420
16586 136585 145301
145301 16586 136585
136585 16586 145301
137287 54830 136531
54830 136531 137287
136531 54830 137287
49700 4222 134563
4222 49700 134563
134563 4222 49700
136466 96989 102663
96989 102663 136466
102663 96989 136466
108191 35158 108967
108967 35158 108191
35158 108191 108967
115150 133863 134804
134804 115150 133863
133863 115150 134804
13939 92945 134021
92945 13939 134021
134021 13939 92945
105272 6284 121698
6284 105272 121698
121698 6284 105272
27427 81358 103489
81358 27427 103489
103489 27427 81358
37014 117177 119866
117177 37014 119866
119866 37014 117177
63453 87405 92926
87405 63453 92926
92926 63453 87405
25147 63174 76167
76167 25147 63174
63174 25147 76167
41212 18948 45704
45704 18948 41212
18948 41212 45704
27109 142059 143727
142059 27109 143727
143727 27109 142059
55700 46153 99130
99130 46153 55700
46153 55700 99130
8239 9565 19783
19783 8239 9565
9565 8239 19783
30610 18043 118317
118317 18043 30610
18043 30610 118317
142718 31747 78798
31747 78798 142718
78798 31747 142718
81285 14528 78568
14528 78568 81285
78568 14528 81285
40460 52085 136309
52085 40460 136309
136309 40460 52085
106429 20244 51757
20244 51757 106429
51757 20244 106429
15491 126419 135519
126419 15491 135519
135519 15491 126419
7743 11388 119127
11388 7743 119127
119127 7743 11388
107733 15089 113754
15089 107733 113754
113754 15089 107733
137993 59849 141425
59849 137993 141425
141425 59849 137993
51197 89882 139400
139400 51197 89882
89882 51197 139400
56527 69833 138949
138949 56527 69833
69833 56527 138949
148711 46939 118390
118390 46939 148711
46939 118390 148711
113594 16723 143714
16723 113594 143714
143714 16723 113594
146811 37586 87349
87349 37586 146811
37586 87349 146811
68036 26039 85337
26039 68036 85337
85337 26039 68036
453 99630 113945
113945 453 99630
99630 453 113945
48029 137137 139659
139659 48029 137137
137137 48029 139659
28773 2004 97090
97090 2004 28773
2004 28773 97090
19131 3221 45560
3221 19131 45560
45560 3221 19131
24461 53258 55014
53258 24461 55014
55014 24461 53258
132069 115344 149308
115344 132069 149308
149308 115344 132069
49903 68408 137318
137318 49903 68408
68408 49903 137318
63900 13047 122430
122430 13047 63900
13047 63900 122430
73267 91577 92759
91577 73267 92759
92759 73267 91577
628 69303 117709
69303 628 117709
117709 628 69303
127263 24505 56707
56707 24505 127263
24505 56707 127263
54748 92332 111824
92332 54748 111824
111824 54748 92332
102645 28062 68367
68367 28062 102645
28062 68367 102645
2959 71054 73641
71054 2959 73641
73641 2959 71054
142377 3606 103271
103271 3606 142377
3606 103271 142377
104452 126384 145398
126384 104452 145398
145398 104452 126384
121865 29534 42421
29534 42421 121865
42421 29534 121865
93691 19292 106920
106920 19292 93691
19292 93691 106920
113563 8273 91967
8273 91967 113563
91967 8273 113563
53895 38093 143588
38093 53895 143588
143588 38093 53895
110555 94905 146753
94905 110555 146753
146753 94905 110555
80593 4992 60648
60648 4992 80593
4992 60648 80593
47114 7343 129441
129441 7343 47114
7343 47114 129441
131199 32724 145833
32724 131199 145833
145833 32724 131199
75094 67673 126628
67673 75094 126628
126628 67673 75094
119056 9136 52427
9136 52427 119056
52427 9136 119056
133944 42395 95185
42395 95185 133944
95185 42395 133944
72838 67882 138050
138050 67882 72838
67882 72838 138050
60256 21490 67855
67855 21490 60256
21490 60256 67855
35098 48260 59501
48260 35098 59501
59501 35098 48260
60915 89675 135215
89675 60915 135215
135215 60915 89675
51836 30493 67593
30493 51836 67593
67593 30493 51836
124511 8449 41207
41207 8449 124511
8449 41207 124511
131256 52559 75801
52559 75801 131256
75801 52559 131256
114308 38127 72771
38127 72771 114308
72771 38127 114308
50585 53950 60253
53950 50585 60253
60253 50585 53950
143769 31210 138416
31210 138416 143769
138416 31210 143769
135704 26659 124500
26659 124500 135704
124500 26659 135704
146962 483 109634
483 109634 146962
109634 483 146962
105104 105092 148064
148064 105092 105104
105092 105104 148064
106294 36272 127783
127783 36272 106294
36272 106294 127783
251 141072 146532
141072 251 146532
146532 251 141072
44668 77656 83804
77656 44668 83804
83804 44668 77656
73168 116971 134286
116971 73168 134286
134286 73168 116971
100468 83244 143620
143620 83244 100468
83244 100468 143620
95699 34715 70973
70973 34715 95699
34715 70973 95699
49703 42186 88802
42186 49703 88802
88802 42186 49703
56921 43734 54422
43734 54422 56921
54422 43734 56921
110951 79148 112873
79148 110951 112873
112873 79148 110951
23247 111210 123373
111210 23247 123373
123373 23247 111210
21323 57015 67952
57015 21323 67952
67952 21323 57015
10919 44229 119386
119386 10919 44229
44229 10919 119386
42546 23787 39184
23787 39184 42546
39184 23787 42546
37637 13324 13917
13917 13324 37637
13324 13917 37637
60641 95754 136056
95754 60641 136056
136056 60641 95754
130913 83145 84453
84453 83145 130913
83145 84453 130913
39494 115439 145363
115439 39494 145363
145363 39494 115439
140071 43874 65528
65528 43874 140071
43874 65528 140071
78866 74340 108019
108019 74340 78866
74340 78866 108019
112253 7060 129621
7060 112253 129621
129621 7060 112253
110805 23888 88350
88350 23888 110805
23888 88350 110805
37383 1106 148765
148765 1106 37383
1106 37383 148765
13413 52752 128166
52752 13413 128166
128166 13413 52752
108923 23882 147191
147191 23882 108923
23882 108923 147191
29729 34866 48026
48026 29729 34866
34866 29729 48026
107070 113217 135598
135598 107070 113217
113217 107070 135598
81990 38584 85717
38584 81990 85717
85717 38584 81990
47316 23194 100609
23194 47316 100609
100609 23194 47316
131165 9301 97288
97288 9301 131165
9301 97288 131165
129643 4890 137245
4890 129643 137245
137245 4890 129643
144253 68439 69492
68439 69492 144253
69492 68439 144253
119727 75794 141642
75794 119727 141642
141642 75794 119727
122256 111694 146498
146498 111694 122256
111694 122256 146498
42141 89084 131354
131354 42141 89084
89084 42141 131354
43081 36581 44536
36581 43081 44536
44536 36581 43081
115141 76959 116806
116806 76959 115141
76959 115141 116806
133643 34928 96131
34928 96131 133643
96131 34928 133643
28518 63523 123318
63523 28518 123318
123318 28518 63523
67577 61253 112483
112483 61253 67577
61253 67577 112483
4342 15411 110692
110692 4342 15411
15411 4342 110692
30577 52169 59666
59666 30577 52169
52169 30577 59666
95853 104871 121733
104871 95853 121733
121733 95853 104871
118350 23703 30216
23703 30216 118350
30216 23703 118350
28192 72521 84327
84327 28192 72521
72521 28192 84327
108128 42921 61349
42921 61349 108128
61349 42921 108128
445 40317 82775
82775 445 40317
40317 445 82775
49991 48274 136339
136339 48274 49991
48274 49991 136339
141900 59478 105119
59478 105119 141900
105119 59478 141900
25914 828 67234
67234 828 25914
828 25914 67234
147959 21510 77464
77464 21510 147959
21510 77464 147959
58845 68959 121244
121244 58845 68959
68959 58845 121244
131309 7049 140235
140235 7049 131309
7049 131309 140235
110760 40362 138225
40362 110760 138225
138225 40362 110760
422 17895 94480
17895 422 94480
94480 422 17895
816 34565 97255
34565 816 97255
97255 816 34565
133662 106001 146517
106001 133662 146517
146517 106001 133662
8040 79108 111200
111200 8040 79108
79108 8040 111200
31254 87939 125394
87939 31254 125394
125394 31254 87939
44809 64196 111225
64196 44809 111225
111225 44809 64196
148342 15338 31358
31358 15338 148342
15338 31358 148342
43949 54903 110261
110261 43949 54903
54903 43949 110261
11969 40525 140687
40525 11969 140687
140687 11969 40525
24160 1187 93808
1187 24160 93808
93808 1187 24160
91592 62638 77918
77918 62638 91592
62638 77918 91592
19610 17056 112039
17056 19610 112039
112039 17056 19610
95868 24306 139128
24306 95868 139128
139128 24306 95868
129461 45773 53157
53157 45773 129461
45773 53157 129461
19713 59473 129701
59473 19713 129701
129701 19713 59473
77807 48563 59268
59268 48563 77807
48563 59268 77807
694 95343 125963
95343 694 125963
125963 694 95343
19400 103590 117980
103590 19400 117980
117980 19400 103590
132963 77400 146921
77400 132963 146921
146921 77400 132963
20949 1036 25859
25859 1036 20949
1036 20949 25859
106964 57347 141919
57347 106964 141919
141919 57347 106964
70305 51866 93657
51866 70305 93657
93657 51866 70305
85880 65526 115242
115242 65526 85880
65526 85880 115242
56372 66444 90534
66444 56372 90534
90534 56372 66444
23064 27770 94915
27770 23064 94915
94915 23064 27770
63943 14088 21147
14088 21147 63943
21147 14088 63943
12645 66823 91526
66823 12645 91526
91526 12645 66823
36250 54498 107064
107064 36250 54498
54498 36250 107064
64710 83080 93269
83080 64710 93269
93269 64710 83080
30116 84214 148449
148449 30116 84214
84214 30116 148449
95548 19509 113346
19509 95548 113346
113346 19509 95548
42378 20031 69059
69059 20031 42378
20031 42378 69059
19357 38048 105503
105503 19357 38048
38048 19357 105503
141518 24870 47163
24870 47163 141518
47163 24870 141518
144348 306 73743
73743 306 144348
306 73743 144348
92040 91874 99181
99181 91874 92040
91874 92040 99181
79703 40976 78673
78673 40976 79703
40976 78673 79703
122506 96586 130830
96586 122506 130830
130830 96586 122506
77608 32977 87739
32977 77608 87739
87739 32977 77608
126299 62135 144242
62135 126299 144242
144242 62135 126299
31191 99389 131783
99389 31191 131783
131783 31191 99389
41567 35483 136931
136931 35483 41567
35483 41567 136931
148860 6856 14931
14931 6856 148860
6856 14931 148860
13505 41784 106503
41784 13505 106503
106503 13505 41784
42561 96996 129275
96996 42561 129275
129275 42561 96996
43493 20227 66885
66885 20227 43493
20227 43493 66885
144557 11831 49531
11831 49531 144557
49531 11831 144557
10374 68616 79960
79960 10374 68616
68616 10374 79960
32655 11610 130621
130621 11610 32655
11610 32655 130621
85709 104137 133530
133530 85709 104137
104137 85709 133530
62769 81365 148016
81365 62769 148016
148016 62769 81365
3852 35934 90689
90689 3852 35934
35934 3852 90689
41095 18499 127545
18499 41095 127545
127545 18499 41095
82923 59670 103769
59670 82923 103769
103769 59670 82923
117410 66689 133323
66689 117410 133323
133323 66689 117410
1222 12000 34825
12000 1222 34825
34825 1222 12000
105997 64379 146340
146340 64379 105997
64379 105997 146340
62373 120548 126502
120548 62373 126502
126502 62373 120548
80744 72005 102498
72005 80744 102498
102498 72005 80744
83156 76109 116597
76109 83156 116597
116597 76109 83156
145811 21915 80225
21915 80225 145811
80225 21915 145811
82673 116102 117923
116102 82673 117923
117923 82673 116102
70442 21716 24562
21716 24562 70442
24562 21716 70442
8898 1544 72904
72904 1544 8898
1544 8898 72904
124880 61487 62680
62680 61487 124880
61487 62680 124880
83010 81007 117471
81007 83010 117471
117471 81007 83010
70824 59126 148713
148713 59126 70824
59126 70824 148713
109030 11403 21624
11403 21624 109030
21624 11403 109030
9761 9824 89260
9824 9761 89260
89260 9761 9824
115144 7007 40970
7007 40970 115144
40970 7007 115144
146183 5521 104335
5521 104335 146183
104335 5521 146183
123619 3761 10500
10500 3761 123619
3761 10500 123619
25479 47981 78973
78973 25479 47981
47981 25479 78973
28411 3378 36590
3378 28411 36590
36590 3378 28411
121509 27523 60338
60338 27523 121509
27523 60338 121509
57349 22152 35044
22152 35044 57349
35044 22152 57349
9379 41879 130147
41879 9379 130147
130147 9379 41879
28364 11151 48337
11151 28364 48337
48337 11151 28364
123446 2399 137197
137197 2399 123446
2399 123446 137197
131715 121127 128592
128592 121127 131715
121127 128592 131715
16667 40718 93594
93594 16667 40718
40718 16667 93594
8094 117192 119118
119118 8094 117192
117192 8094 119118
147869 75392 139364
75392 139364 147869
139364 75392 147869
23651 42527 67173
42527 23651 67173
67173 23651 42527
57930 1202 89989
1202 57930 89989
89989 1202 57930
53753 36126 43574
43574 36126 53753
36126 43574 53753
123045 122081 147275
147275 122081 123045
122081 123045 147275
11189 54927 127298
54927 11189 127298
127298 11189 54927
101873 39559 64323
39559 64323 101873
64323 39559 101873
9100 36916 73944
73944 9100 36916
36916 9100 73944
141492 131854 139662
131854 139662 141492
139662 131854 141492
112426 41631 134789
41631 112426 134789
134789 41631 112426
542 47059 136164
136164 542 47059
47059 542 136164
57122 73883 82429
82429 57122 73883
73883 57122 82429
85768 24349 116646
116646 24349 85768
24349 85768 116646
32717 39909 88772
39909 32717 88772
88772 32717 39909
25742 44264 104133
44264 25742 104133
104133 25742 44264
64631 5154 14516
14516 5154 64631
5154 14516 64631
117886 30507 117769
117769 30507 117886
30507 117769 117886
60776 66102 119011
119011 60776 66102
66102 60776 119011
93496 16069 65082
16069 65082 93496
65082 16069 93496
99769 63094 70515
63094 70515 99769
70515 63094 99769
22805 56827 87053
87053 22805 56827
56827 22805 87053
15281 8570 135830
8570 15281 135830
135830 8570 15281
62747 56835 74980
56835 62747 74980
74980 56835 62747
51672 27295 46422
27295 46422 51672
46422 27295 51672
45069 76810 136347
136347 45069 76810
76810 45069 136347
55201 97587 129792
129792 55201 97587
97587 55201 129792
125721 60033 141027
141027 60033 125721
60033 125721 141027
86172 116748 149109
149109 86172 116748
116748 86172 149109
27369 98488 137268
137268 27369 98488
98488 27369 137268
67866 2344 85067
2344 67866 85067
85067 2344 67866
43430 54589 61331
61331 43430 54589
54589 43430 61331
142883 98806 144193
98806 142883 144193
144193 98806 142883
20682 76685 124405
76685 20682 124405
124405 20682 76685
115336 79924 141216
141216 79924 115336
79924 115336 141216
130596 17722 133045
133045 17722 130596
17722 130596 133045
143226 29775 38190
29775 38190 143226
38190 29775 143226
6586 107938 137145
107938 6586 137145
137145 6586 107938
135158 66478 96663
96663 66478 135158
66478 96663 135158
26421 44330 132833
132833 26421 44330
44330 26421 132833
44273 57928 94010
94010 44273 57928
57928 44273 94010
8022 109355 112648
109355 8022 112648
112648 8022 109355
127434 92767 133476
133476 92767 127434
92767 127434 133476
124397 54322 80186
54322 80186 124397
80186 54322 124397
32362 6288 8984
8984 6288 32362
6288 8984 32362
66161 89062 136485
89062 66161 136485
136485 66161 89062
76559 80196 122363
122363 76559 80196
80196 76559 122363
21196 23113 103234
103234 21196 23113
23113 21196 103234
42370 35677 39373
39373 35677 42370
35677 39373 42370
35703 18412 147204
147204 18412 35703
18412 35703 147204
20480 554 18780
18780 554 20480
554 18780 20480
143465 78539 109943
78539 109943 143465
109943 78539 143465
72871 6239 55199
55199 6239 72871
6239 55199 72871
87976 38027 107417
107417 38027 87976
38027 87976 107417
86587 33138 74342
74342 33138 86587
33138 74342 86587
55510 41476 106811
41476 55510 106811
106811 41476 55510
124874 109539 139643
139643 109539 124874
109539 124874 139643
73731 77328 116599
77328 73731 116599
116599 73731 77328
47714 109170 132720
109170 47714 132720
132720 47714 109170
123518 25035 66344
25035 66344 123518
66344 25035 123518
133591 34192 105545
105545 34192 133591
34192 105545 133591
135630 114137 142729
142729 114137 135630
114137 135630 142729
106050 21126 120556
120556 21126 106050
21126 106050 120556
123419 74502 83653
83653 74502 123419
74502 83653 123419
140331 68705 95164
68705 95164 140331
95164 68705 140331
118714 56018 70470
70470 56018 118714
56018 70470 118714
105074 69608 90916
69608 90916 105074
90916 69608 105074
62458 38117 68809
38117 62458 68809
68809 38117 62458
139778 54483 58781
54483 58781 139778
58781 54483 139778
7835 43366 57738
57738 7835 43366
43366 7835 57738
80826 86848 145736
