6388 111414 134460
134460 6388 111414
111414 6388 134460
136625 62752 74965
74965 62752 136625
62752 74965 136625
111682 32805 147287
147287 32805 111682
32805 111682 147287
126688 51321 90895
90895 51321 126688
51321 90895 126688
42234 98815 130125
98815 42234 130125
130125 42234 98815
25353 82963 99321
99321 25353 82963
82963 25353 99321
104323 47699 93277
47699 93277 104323
93277 47699 104323
133924 38390 73834
38390 73834 133924
73834 38390 133924
111909 121919 149201
121919 111909 149201
149201 111909 121919
17333 139883 148371
139883 17333 148371
148371 17333 139883
83980 70082 75424
70082 75424 83980
75424 70082 83980
8709 13664 85945
13664 8709 85945
85945 8709 13664
68840 49410 80952
49410 68840 80952
80952 49410 68840
143756 109973 140844
140844 109973 143756
109973 140844 143756
68400 12468 24082
12468 24082 68400
24082 12468 68400
25447 23029 114885
23029 25447 114885
114885 23029 25447
23406 66352 142024
66352 23406 142024
142024 23406 66352
145002 67888 105443
67888 105443 145002
105443 67888 145002
139504 91729 107037
91729 107037 139504
107037 91729 139504
111859 86955 138644
86955 111859 138644
138644 86955 111859
69999 13151 110349
13151 69999 110349
110349 13151 69999
51574 115445 116167
115445 51574 116167
116167 51574 115445
114220 24171 26830
26830 24171 114220
24171 26830 114220
559 8378 125053
125053 559 8378
8378 559 125053
144542 8112 73245
73245 8112 144542
8112 73245 144542
107092 3961 143598
143598 3961 107092
3961 107092 143598
9817 75903 86139
86139 9817 75903
75903 9817 86139
115307 28493 120969
28493 115307 120969
120969 28493 115307
80161 116885 148863
148863 80161 116885
116885 80161 148863
57532 43050 120834
43050 57532 120834
120834 43050 57532
142341 32763 81842
81842 32763 142341
32763 81842 142341
111631 89054 143530
89054 111631 143530
143530 89054 111631
82859 12523 77768
12523 77768 82859
77768 12523 82859
65560 91536 110100
91536 65560 110100
110100 65560 91536
9167 11905 89642
89642 9167 11905
11905 9167 89642
71211 27901 108059
27901 71211 108059
108059 27901 71211
83797 28548 32088
32088 28548 83797
28548 32088 83797
119327 13496 111758
13496 111758 119327
111758 13496 119327
124198 27879 106883
106883 27879 124198
27879 106883 124198
130895 84213 134232
84213 130895 134232
134232 84213 130895
81355 4460 46610
4460 46610 81355
46610 4460 81355
100406 40335 109128
40335 100406 109128
109128 40335 100406
122975 22840 65404
65404 22840 122975
22840 65404 122975
18009 17056 70165
70165 17056 18009
17056 18009 70165
86434 15256 91676
15256 86434 91676
91676 15256 86434
27176 18634 140182
140182 18634 27176
18634 27176 140182
100133 11800 52774
11800 52774 100133
52774 11800 100133
88745 145960 149925
145960 88745 149925
149925 88745 145960
9396 42760 142756
42760 9396 142756
142756 9396 42760
50200 131842 141182
131842 50200 141182
141182 50200 131842
38028 49064 72133
49064 38028 72133
72133 38028 49064
80375 54851 93258
54851 80375 93258
93258 54851 80375
63287 10060 69316
69316 10060 63287
10060 63287 69316
109994 1668 7630
7630 1668 109994
1668 7630 109994
22000 19683 51284
51284 19683 22000
19683 22000 51284
57888 49574 134344
134344 49574 57888
49574 57888 134344
72535 39865 146909
39865 72535 146909
146909 39865 72535
147046 61259 75610
61259 75610 147046
75610 61259 147046
38393 7611 145524
7611 38393 145524
145524 7611 38393
48264 18538 117021
117021 18538 48264
18538 48264 117021
60097 93423 120559
93423 60097 120559
120559 60097 93423
63253 40955 104213
104213 40955 63253
40955 63253 104213
48615 32542 110398
110398 32542 48615
32542 48615 110398
5749 5397 89400
89400 5397 5749
5397 5749 89400
123701 36892 143139
143139 36892 123701
36892 123701 143139
116617 138652 145863
138652 116617 145863
145863 116617 138652
122353 86175 131563
131563 86175 122353
86175 122353 131563
7786 69535 101924
69535 7786 101924
101924 7786 69535
67102 80487 106363
80487 67102 106363
106363 67102 80487
140543 26569 138637
26569 138637 140543
138637 26569 140543
112095 66082 68518
66082 68518 112095
68518 66082 112095
14391 18115 55349
18115 14391 55349
55349 14391 18115
138496 106788 132303
132303 106788 138496
106788 132303 138496
57013 57760 91514
91514 57013 57760
57760 57013 91514
108862 86089 112563
112563 86089 108862
86089 108862 112563
118720 65276 80972
65276 80972 118720
80972 65276 118720
94173 44222 88566
44222 88566 94173
88566 44222 94173
48283 66784 95612
95612 48283 66784
66784 48283 95612
146801 26071 49749
26071 49749 146801
49749 26071 146801
137118 14651 67142
14651 67142 137118
67142 14651 137118
91943 43501 99577
99577 43501 91943
43501 91943 99577
25685 28578 56083
28578 25685 56083
56083 25685 28578
142095 467 120922
467 120922 142095
120922 467 142095
112551 11840 77797
77797 11840 112551
11840 77797 112551
114871 30391 80585
30391 80585 114871
80585 30391 114871
132940 78409 115174
78409 115174 132940
115174 78409 132940
26527 98817 120326
120326 26527 98817
98817 26527 120326
22499 61954 63493
61954 22499 63493
63493 22499 61954
51948 10606 104732
10606 51948 104732
104732 10606 51948
84415 29773 84870
84870 29773 84415
29773 84415 84870
135979 1978 33667
1978 33667 135979
33667 1978 135979
2518 30161 132781
30161 2518 132781
132781 2518 30161
76241 46719 65132
65132 46719 76241
46719 65132 76241
70512 29159 64369
29159 64369 70512
64369 29159 70512
17426 21369 73662
21369 17426 73662
73662 17426 21369
120713 37995 52105
37995 52105 120713
52105 37995 120713
36210 5155 45717
45717 5155 36210
5155 36210 45717
59646 25940 100634
100634 25940 59646
25940 59646 100634
54319 32493 73704
32493 54319 73704
73704 32493 54319
134264 15574 113691
15574 113691 134264
113691 15574 134264
78439 25146 81134
81134 25146 78439
25146 78439 81134
80005 60146 124477
124477 60146 80005
60146 80005 124477
107795 108964 117811
108964 107795 117811
117811 107795 108964
15879 26233 66215
66215 15879 26233
26233 15879 66215
135567 33827 93551
33827 93551 135567
93551 33827 135567
119254 28991 128998
28991 119254 128998
128998 28991 119254
81270 37003 137182
137182 37003 81270
37003 81270 137182
32930 14064 104396
14064 32930 104396
104396 14064 32930
88679 69351 93999
93999 69351 88679
69351 88679 93999
79331 32117 82556
82556 32117 79331
32117 79331 82556
33916 113703 119182
113703 33916 119182
119182 33916 113703
40691 117190 125369
125369 40691 117190
117190 40691 125369
109440 47319 111636
47319 109440 111636
111636 47319 109440
137585 69651 82721
82721 69651 137585
69651 82721 137585
62529 76638 149052
149052 62529 76638
76638 62529 149052
131309 35716 147769
35716 131309 147769
147769 35716 131309
77200 17365 122118
122118 17365 77200
17365 77200 122118
3657 62806 125593
125593 3657 62806
62806 3657 125593
88156 8952 41702
8952 41702 88156
41702 8952 88156
51597 52476 113643
52476 51597 113643
113643 51597 52476
140356 8567 50746
8567 50746 140356
50746 8567 140356
35911 394 2869
2869 394 35911
394 2869 35911
48572 39382 71734
39382 48572 71734
71734 39382 48572
29847 77125 91976
77125 29847 91976
91976 29847 77125
4955 63254 78931
78931 4955 63254
63254 4955 78931
36030 32801 134214
32801 36030 134214
134214 32801 36030
31809 38477 74855
38477 31809 74855
74855 31809 38477
105627 113518 121782
121782 105627 113518
113518 105627 121782
77227 1640 69371
69371 1640 77227
1640 69371 77227
138029 22435 108217
108217 22435 138029
22435 108217 138029
15177 30014 31828
30014 15177 31828
31828 15177 30014
148793 77429 96982
77429 96982 148793
96982 77429 148793
76343 27766 47242
47242 27766 76343
27766 47242 76343
11521 41957 107088
107088 11521 41957
41957 11521 107088
118454 59455 131941
131941 59455 118454
59455 118454 131941
74393 74777 117416
117416 74393 74777
74777 74393 117416
27975 1631 6489
6489 1631 27975
1631 6489 27975
114201 52228 136774
52228 114201 136774
136774 52228 114201
58459 838 6554
838 6554 58459
6554 838 58459
19989 69836 127455
69836 19989 127455
127455 19989 69836
53118 6967 44670
44670 6967 53118
6967 44670 53118
12845 36685 37249
36685 12845 37249
37249 12845 36685
19998 7986 26305
7986 19998 26305
26305 7986 19998
109476 41905 76674
76674 41905 109476
41905 76674 109476
141206 4411 24139
24139 4411 141206
4411 24139 141206
95148 37502 92274
37502 92274 95148
92274 37502 95148
12640 56608 106927
56608 12640 106927
106927 12640 56608
88842 92710 104288
104288 88842 92710
92710 88842 104288
57878 15118 17075
15118 17075 57878
17075 15118 57878
125729 1881 40638
40638 1881 125729
1881 40638 125729
71680 13604 37684
13604 37684 71680
37684 13604 71680
90447 43170 58238
58238 43170 90447
43170 58238 90447
119648 1289 2728
2728 1289 119648
1289 2728 119648
97516 67045 117739
117739 67045 97516
67045 97516 117739
22632 37443 114278
37443 22632 114278
114278 22632 37443
25527 33502 117660
33502 25527 117660
117660 25527 33502
23436 58924 83191
58924 23436 83191
83191 23436 58924
27772 717 38485
717 27772 38485
38485 717 27772
28732 59127 108308
59127 28732 108308
108308 28732 59127
28379 16037 143452
143452 16037 28379
16037 28379 143452
134184 113993 129062
113993 129062 134184
129062 113993 134184
32191 76401 104872
76401 32191 104872
104872 32191 76401
136567 61053 75309
75309 61053 136567
61053 75309 136567
38798 20531 48532
20531 38798 48532
48532 20531 38798
100045 8137 56460
8137 56460 100045
56460 8137 100045
82488 80544 144069
80544 82488 144069
144069 80544 82488
1540 56100 63074
63074 1540 56100
56100 1540 63074
106843 23507 131989
23507 106843 131989
131989 23507 106843
6115 18872 24907
24907 6115 18872
18872 6115 24907
141478 44329 95924
44329 95924 141478
95924 44329 141478
50731 34006 69270
69270 34006 50731
34006 50731 69270
1147 15279 66722
66722 1147 15279
15279 1147 66722
102831 30362 95642
30362 95642 102831
95642 30362 102831
31254 72198 122856
72198 31254 122856
122856 31254 72198
56925 28133 92250
28133 56925 92250
92250 28133 56925
59364 22314 98988
22314 59364 98988
98988 22314 59364
103215 37805 113565
113565 37805 103215
37805 103215 113565
12558 11280 141167
11280 12558 141167
141167 11280 12558
27162 51126 144574
144574 27162 51126
51126 27162 144574
4972 45989 57351
57351 4972 45989
45989 4972 57351
71310 56776 138596
138596 56776 71310
56776 71310 138596
18649 23804 59021
23804 18649 59021
59021 18649 23804
67609 38318 71762
38318 67609 71762
71762 38318 67609
114743 26707 113909
26707 113909 114743
113909 26707 114743
143766 835 113810
113810 835 143766
835 113810 143766
139428 41672 76695
76695 41672 139428
41672 76695 139428
103032 29127 133551
29127 103032 133551
133551 29127 103032
63713 118681 145143
145143 63713 118681
118681 63713 145143
43938 20409 111367
111367 20409 43938
20409 43938 111367
87941 75659 104601
104601 75659 87941
75659 87941 104601
16444 12125 77965
77965 12125 16444
12125 16444 77965
102429 3278 57447
3278 57447 102429
57447 3278 102429
54518 128485 140675
140675 54518 128485
128485 54518 140675
33968 38507 65548
65548 33968 38507
38507 33968 65548
77744 25470 65670
25470 65670 77744
65670 25470 77744
17457 37714 135410
135410 17457 37714
37714 17457 135410
64912 32655 73181
73181 32655 64912
32655 64912 73181
26154 29173 144042
144042 26154 29173
29173 26154 144042
97814 102182 140348
102182 97814 140348
140348 97814 102182
23756 9888 28267
28267 9888 23756
9888 23756 28267
72735 51396 120578
51396 72735 120578
120578 51396 72735
61610 32390 93519
32390 61610 93519
93519 32390 61610
35345 42079 114035
42079 35345 114035
114035 35345 42079
5409 50289 84290
84290 5409 50289
50289 5409 84290
81989 70751 75082
70751 75082 81989
75082 70751 81989
65543 122729 128656
122729 65543 128656
128656 65543 122729
97194 46036 54097
46036 54097 97194
54097 46036 97194
117458 103167 120847
120847 103167 117458
103167 117458 120847
100212 133460 149220
133460 100212 149220
149220 100212 133460
40218 21820 78485
21820 40218 78485
78485 21820 40218
119759 77358 134971
77358 119759 134971
134971 77358 119759
23908 70506 105264
105264 23908 70506
70506 23908 105264
106647 40493 98530
40493 98530 106647
98530 40493 106647
102728 1583 140673
1583 102728 140673
140673 1583 102728
106053 55828 59134
59134 55828 106053
55828 59134 106053
80533 76426 115341
76426 80533 115341
115341 76426 80533
22703 63021 83764
83764 22703 63021
63021 22703 83764
40282 88028 120328
88028 40282 120328
120328 40282 88028
60335 100058 103534
103534 60335 100058
100058 60335 103534
114345 214 133167
214 114345 133167
133167 214 114345
96595 72817 117667
117667 72817 96595
72817 96595 117667
21635 20767 60235
60235 20767 21635
20767 21635 60235
145387 1653 50782
50782 1653 145387
1653 50782 145387
91551 82290 94458
94458 82290 91551
82290 91551 94458
67813 63164 111658
111658 63164 67813
63164 67813 111658
149907 56173 121271
121271 56173 149907
56173 121271 149907
87288 14488 54343
14488 54343 87288
54343 14488 87288
125573 73724 132508
73724 125573 132508
132508 73724 125573
112380 68586 129616
129616 68586 112380
68586 112380 129616
66962 137863 148491
137863 66962 148491
148491 66962 137863
64445 53571 89235
53571 64445 89235
89235 53571 64445
39707 81890 99392
81890 39707 99392
99392 39707 81890
117476 72514 145792
72514 117476 145792
145792 72514 117476
65969 26324 143389
143389 26324 65969
26324 65969 143389
91828 76650 87906
76650 87906 91828
87906 76650 91828
6619 9322 100800
100800 6619 9322
9322 6619 100800
84717 25938 28166
28166 25938 84717
25938 28166 84717
120620 37574 138608
37574 120620 138608
138608 37574 120620
96600 71351 102591
102591 71351 96600
71351 96600 102591
88903 57208 139322
139322 57208 88903
57208 88903 139322
140202 35121 111333
35121 111333 140202
111333 35121 140202
113680 107112 125762
107112 113680 125762
125762 107112 113680
128281 81152 84829
81152 84829 128281
84829 81152 128281
135852 43094 61709
61709 43094 135852
43094 61709 135852
92346 33168 70505
70505 33168 92346
33168 70505 92346
53514 114820 149278
114820 53514 149278
149278 53514 114820
46590 74832 118389
118389 46590 74832
74832 46590 118389
62261 32299 98746
98746 32299 62261
32299 62261 98746
25478 66023 119274
119274 25478 66023
66023 25478 119274
51030 145136 147215
147215 51030 145136
145136 51030 147215
126079 27739 109140
109140 27739 126079
27739 109140 126079
42747 66217 136527
136527 42747 66217
66217 42747 136527
124418 69247 73068
69247 73068 124418
73068 69247 124418
110169 127792 130475
130475 110169 127792
127792 110169 130475
85212 29208 141633
29208 85212 141633
141633 29208 85212
119721 44277 93616
93616 44277 119721
44277 93616 119721
80288 24488 41679
24488 41679 80288
41679 24488 80288
42460 139436 143768
139436 42460 143768
143768 42460 139436
17093 71473 128577
71473 17093 128577
128577 17093 71473
40416 18620 137872
137872 18620 40416
18620 40416 137872
70582 73693 77977
77977 70582 73693
73693 70582 77977
107408 62667 123240
123240 62667 107408
62667 107408 123240
46867 39406 148138
148138 39406 46867
39406 46867 148138
77517 34839 106711
34839 77517 106711
106711 34839 77517
125445 91504 122703
122703 91504 125445
91504 122703 125445
139576 77632 135527
77632 135527 139576
135527 77632 139576
73895 6467 100577
100577 6467 73895
6467 73895 100577
127780 59467 71460
59467 71460 127780
71460 59467 127780
51135 19819 26468
26468 19819 51135
19819 26468 51135
83999 26059 146411
26059 83999 146411
146411 26059 83999
83910 110788 134870
110788 83910 134870
134870 83910 110788
76872 17958 109502
109502 17958 76872
17958 76872 109502
109031 43073 74415
74415 43073 109031
43073 74415 109031
38552 73956 146763
73956 38552 146763
146763 38552 73956
43963 84502 149999
149999 43963 84502
84502 43963 149999
35261 1892 110871
1892 35261 110871
110871 1892 35261
110041 40890 129859
40890 110041 129859
129859 40890 110041
38102 67929 68588
67929 38102 68588
68588 38102 67929
55709 10019 57869
10019 55709 57869
57869 10019 55709
25374 50417 131322
131322 25374 50417
50417 25374 131322
91175 33610 105585
105585 33610 91175
33610 91175 105585
125169 10650 118480
10650 118480 125169
118480 10650 125169
147462 160 148756
160 147462 148756
148756 160 147462
17751 2222 56252
2222 17751 56252
56252 2222 17751
92271 22796 149633
149633 22796 92271
22796 92271 149633
87646 42204 138840
138840 42204 87646
42204 87646 138840
81804 93088 105884
105884 81804 93088
93088 81804 105884
51926 58612 63825
63825 51926 58612
58612 51926 63825
62588 50638 86718
50638 62588 86718
86718 50638 62588
124179 87206 99923
87206 99923 124179
99923 87206 124179
80134 20226 110414
110414 20226 80134
20226 80134 110414
85671 17915 89941
17915 85671 89941
89941 17915 85671
43687 52734 53820
53820 43687 52734
52734 43687 53820
149946 42112 90617
42112 90617 149946
90617 42112 149946
14908 98853 114330
114330 14908 98853
98853 14908 114330
144653 73138 122132
73138 122132 144653
122132 73138 144653
103701 107973 123033
123033 103701 107973
107973 103701 123033
84492 13905 26402
13905 26402 84492
26402 13905 84492
775 55448 87944
87944 775 55448
55448 775 87944
136566 39954 136471
136471 39954 136566
39954 136471 136566
93288 79241 121205
79241 93288 121205
121205 79241 93288
14618 27190 131998
27190 14618 131998
131998 14618 27190
102277 54971 96547
96547 54971 102277
54971 96547 102277
75310 62974 117920
117920 62974 75310
62974 75310 117920
10196 65478 95811
95811 10196 65478
65478 10196 95811
136296 46377 130091
130091 46377 136296
46377 130091 136296
30157 11025 108763
108763 11025 30157
11025 30157 108763
31674 19398 123314
19398 31674 123314
123314 19398 31674
72245 18771 33031
33031 18771 72245
18771 33031 72245
63629 19649 49152
49152 19649 63629
19649 49152 63629
34587 52987 93564
93564 34587 52987
52987 34587 93564
84960 28080 39354
28080 39354 84960
39354 28080 84960
94303 13810 113665
13810 94303 113665
113665 13810 94303
137895 8202 90804
8202 90804 137895
90804 8202 137895
63536 23177 75883
23177 63536 75883
75883 23177 63536
112876 15957 85358
15957 85358 112876
85358 15957 112876
47213 37949 121545
121545 37949 47213
37949 47213 121545
102382 32698 102158
32698 102158 102382
102158 32698 102382
49949 81699 83098
83098 49949 81699
81699 49949 83098
80898 30924 82524
30924 80898 82524
82524 30924 80898
115999 18271 142534
18271 115999 142534
142534 18271 115999
35875 112559 115878
112559 35875 115878
115878 35875 112559
28370 42419 137440
42419 28370 137440
137440 28370 42419
118408 86018 121382
86018 118408 121382
121382 86018 118408
119336 48346 56071
56071 48346 119336
48346 56071 119336
118324 46358 116730
46358 116730 118324
116730 46358 118324
85462 34981 149144
34981 85462 149144
149144 34981 85462
41527 43325 118688
118688 41527 43325
43325 41527 118688
84746 54607 70612
54607 70612 84746
70612 54607 84746
60599 21510 24586
21510 24586 60599
24586 21510 60599
88992 21776 94368
94368 21776 88992
21776 88992 94368
22529 11466 21119
21119 11466 22529
11466 21119 22529
21046 2285 80748
80748 2285 21046
2285 21046 80748
105965 56844 93081
93081 56844 105965
56844 93081 105965
137650 28376 133710
133710 28376 137650
28376 133710 137650
121040 37049 69653
69653 37049 121040
37049 69653 121040
117255 25744 40903
25744 40903 117255
40903 25744 117255
111477 34555 129300
129300 34555 111477
34555 111477 129300
50352 31552 128002
128002 31552 50352
31552 50352 128002
32907 22602 105213
105213 22602 32907
22602 32907 105213
54158 54746 85586
54746 54158 85586
85586 54158 54746
60099 21865 63932
21865 60099 63932
63932 21865 60099
18871 3126 67135
3126 18871 67135
67135 3126 18871
28178 15979 55954
55954 15979 28178
15979 28178 55954
58841 129195 139254
129195 58841 139254
139254 58841 129195
149617 63613 71223
71223 63613 149617
63613 71223 149617
85655 27490 119966
27490 85655 119966
119966 27490 85655
35616 138090 140299
140299 35616 138090
138090 35616 140299
50676 1054 136028
136028 1054 50676
1054 50676 136028
356 86490 137836
137836 356 86490
86490 356 137836
50389 58392 149961
58392 50389 149961
149961 50389 58392
115014 60867 89543
60867 89543 115014
89543 60867 115014
70894 14145 116874
14145 70894 116874
116874 14145 70894
88117 87588 126004
126004 87588 88117
87588 88117 126004
126614 55103 89665
89665 55103 126614
55103 89665 126614
86773 109530 125377
125377 86773 109530
109530 86773 125377
42074 49695 134120
134120 42074 49695
49695 42074 134120
135372 20492 108170
20492 108170 135372
108170 20492 135372
64653 91870 125631
125631 64653 91870
91870 64653 125631
69530 35680 73914
73914 35680 69530
35680 69530 73914
98678 145553 149559
145553 98678 149559
149559 98678 145553
94521 30973 89423
30973 89423 94521
89423 30973 94521
32748 105093 122299
122299 32748 105093
105093 32748 122299
79418 14001 27358
27358 14001 79418
14001 27358 79418
16949 19232 82610
82610 16949 19232
19232 16949 82610
42067 48516 87707
48516 42067 87707
87707 42067 48516
101861 112616 136304
136304 101861 112616
112616 101861 136304
143972 11154 35105
35105 11154 143972
11154 35105 143972
144926 70812 146737
146737 70812 144926
70812 144926 146737
105288 58920 113868
58920 105288 113868
113868 58920 105288
129630 73384 106561
73384 106561 129630
106561 73384 129630
98676 106054 119583
106054 98676 119583
119583 98676 106054
67503 115876 125254
115876 67503 125254
125254 67503 115876
44669 27958 44014
27958 44014 44669
44014 27958 44669
28339 29292 72574
72574 28339 29292
29292 28339 72574
136881 84555 126801
84555 126801 136881
126801 84555 136881
77604 9688 130099
9688 77604 130099
130099 9688 77604
83680 20205 29230
20205 29230 83680
29230 20205 83680
43214 98416 146093
146093 43214 98416
98416 43214 146093
141609 62585 108533
62585 108533 141609
108533 62585 141609
8289 15948 79929
79929 8289 15948
15948 8289 79929
101714 2643 45053
2643 45053 101714
45053 2643 101714
78967 67584 147095
67584 78967 147095
147095 67584 78967
121297 26967 112040
112040 26967 121297
26967 112040 121297
30639 107368 124480
124480 30639 107368
107368 30639 124480
33310 11008 136195
11008 33310 136195
136195 11008 33310
87126 35045 63558
63558 35045 87126
35045 63558 87126
62935 10714 71617
10714 62935 71617
71617 10714 62935
97753 40130 141234
141234 40130 97753
40130 97753 141234
22308 2004 87738
87738 2004 22308
2004 22308 87738
117983 16715 47210
16715 47210 117983
47210 16715 117983
41804 15436 60971
60971 15436 41804
15436 41804 60971
142876 3388 52052
52052 3388 142876
3388 52052 142876
114524 12486 107797
107797 12486 114524
12486 107797 114524
141414 30306 114821
114821 30306 141414
30306 114821 141414
137574 107150 134534
107150 134534 137574
134534 107150 137574
70110 48159 117262
48159 70110 117262
117262 48159 70110
40204 9472 127812
9472 40204 127812
127812 9472 40204
139601 23199 124453
23199 124453 139601
124453 23199 139601
96250 10372 28613
28613 10372 96250
10372 28613 96250
58153 124039 127599
124039 58153 127599
127599 58153 124039
80785 17294 62423
17294 62423 80785
62423 17294 80785
96825 15891 65329
15891 65329 96825
65329 15891 96825
103099 48794 80767
80767 48794 103099
48794 80767 103099
58078 36471 62301
62301 36471 58078
36471 58078 62301
132705 12809 43911
43911 12809 132705
12809 43911 132705
70489 4693 115610
4693 70489 115610
115610 4693 70489
83660 32818 141196
141196 32818 83660
32818 83660 141196
121206 15410 70547
70547 15410 121206
15410 70547 121206
80667 14941 24706
14941 24706 80667
24706 14941 80667
37457 49537 69599
49537 37457 69599
69599 37457 49537
141103 77478 102523
102523 77478 141103
77478 102523 141103
44696 75100 114465
114465 44696 75100
75100 44696 114465
79238 49458 97103
97103 49458 79238
49458 79238 97103
33339 67525 75227
67525 33339 75227
75227 33339 67525
106934 19421 47179
47179 19421 106934
19421 47179 106934
28809 40164 105344
105344 28809 40164
40164 28809 105344
139138 12396 52950
52950 12396 139138
12396 52950 139138
2403 77325 78611
77325 2403 78611
78611 2403 77325
142195 15825 46993
15825 46993 142195
46993 15825 142195
91469 56296 88577
56296 88577 91469
88577 56296 91469
58282 9657 117754
117754 9657 58282
9657 58282 117754
52559 34877 35112
35112 34877 52559
34877 35112 52559
78699 20841 35677
35677 20841 78699
20841 35677 78699
115797 42537 60048
60048 42537 115797
42537 60048 115797
55989 85562 126894
85562 55989 126894
126894 55989 85562
101139 89973 101584
101584 89973 101139
89973 101139 101584
41725 76104 103238
103238 41725 76104
76104 41725 103238
54299 74160 116145
116145 54299 74160
74160 54299 116145
52837 59401 97663
59401 52837 97663
97663 52837 59401
46526 118080 149993
118080 46526 149993
149993 46526 118080
125088 2938 131036
131036 2938 125088
2938 125088 131036
84297 46657 125662
125662 46657 84297
46657 84297 125662
137314 191 16128
16128 191 137314
191 16128 137314
17834 35494 105268
105268 17834 35494
35494 17834 105268
61839 55311 79930
79930 55311 61839
55311 61839 79930
38278 37000 66079
37000 38278 66079
66079 37000 38278
140245 95488 134393
95488 134393 140245
134393 95488 140245
35595 22143 84973
22143 35595 84973
84973 22143 35595
9890 41517 52826
41517 9890 52826
52826 9890 41517
135733 27125 30245
27125 30245 135733
30245 27125 135733
46255 16387 87433
16387 46255 87433
87433 16387 46255
52211 33056 72838
33056 52211 72838
72838 33056 52211
1456 12632 138238
12632 1456 138238
138238 1456 12632
140197 36504 106735
106735 36504 140197
36504 106735 140197
75502 37638 105869
37638 75502 105869
105869 37638 75502
116382 95634 117919
117919 95634 116382
95634 116382 117919
106205 12084 91635
91635 12084 106205
12084 91635 106205
7818 129410 130208
129410 7818 130208
130208 7818 129410
22453 11605 43012
43012 11605 22453
11605 22453 43012
40995 83251 90528
83251 40995 90528
90528 40995 83251
43620 103142 113764
103142 43620 113764
113764 43620 103142
21432 1965 31137
31137 1965 21432
1965 21432 31137
132926 85713 109399
109399 85713 132926
85713 109399 132926
133992 18724 40567
40567 18724 133992
18724 40567 133992
106371 7827 99393
99393 7827 106371
7827 99393 106371
16345 64920 93046
93046 16345 64920
64920 16345 93046
45473 14900 71912
14900 45473 71912
71912 14900 45473
116328 4995 28402
28402 4995 116328
4995 28402 116328
50166 18167 50553
50553 18167 50166
18167 50166 50553
2197 8773 118932
118932 2197 8773
8773 2197 118932
73189 46313 125212
125212 46313 73189
46313 73189 125212
33649 1479 102179
102179 1479 33649
1479 33649 102179
100215 28885 125560
28885 100215 125560
125560 28885 100215
94328 2354 117174
117174 2354 94328
2354 94328 117174
103259 59221 121757
121757 59221 103259
59221 103259 121757
124835 80696 95653
80696 95653 124835
95653 80696 124835
59465 16714 58371
58371 16714 59465
16714 58371 59465
43116 4069 30237
4069 30237 43116
30237 4069 43116
131733 89748 121749
121749 89748 131733
89748 121749 131733
8477 40953 105688
105688 8477 40953
40953 8477 105688
34067 4845 61235
4845 34067 61235
61235 4845 34067
35783 19961 135291
19961 35783 135291
135291 19961 35783
115328 36348 70908
70908 36348 115328
36348 70908 115328
95603 6342 111536
111536 6342 95603
6342 95603 111536
114518 28803 107090
28803 107090 114518
107090 28803 114518
37059 92880 133405
133405 37059 92880
92880 37059 133405
100197 36524 86409
86409 36524 100197
36524 86409 100197
3145 88443 90893
88443 3145 90893
90893 3145 88443
89307 15043 37415
15043 37415 89307
37415 15043 89307
5172 61254 78633
61254 5172 78633
78633 5172 61254
38387 55945 115475
55945 38387 115475
115475 38387 55945
48462 85463 149766
149766 48462 85463
85463 48462 149766
16407 19318 64397
64397 16407 19318
19318 16407 64397
23595 26464 117414
117414 23595 26464
26464 23595 117414
37291 24969 135946
24969 37291 135946
135946 24969 37291
118115 24262 28403
24262 28403 118115
28403 24262 118115
74543 45912 135982
45912 74543 135982
135982 45912 74543
64151 112733 147305
112733 64151 147305
147305 64151 112733
74418 114094 149270
149270 74418 114094
114094 74418 149270
31582 51049 101646
101646 31582 51049
51049 31582 101646
93856 77344 92892
77344 92892 93856
92892 77344 93856
69706 29955 135767
135767 29955 69706
29955 69706 135767
148341 58596 76876
58596 76876 148341
76876 58596 148341
49886 57693 60362
57693 49886 60362
60362 49886 57693
83593 30085 101960
30085 83593 101960
101960 30085 83593
27997 2266 89733
2266 27997 89733
89733 2266 27997
34128 37914 90446
90446 34128 37914
37914 34128 90446
143582 45108 70796
70796 45108 143582
45108 70796 143582
27148 50729 90152
90152 27148 50729
50729 27148 90152
33618 30247 136321
30247 33618 136321
136321 30247 33618
14332 2568 64141
2568 14332 64141
64141 2568 14332
98608 58807 145484
58807 98608 145484
145484 58807 98608
116384 37615 149843
37615 116384 149843
149843 37615 116384
40868 80755 101903
101903 40868 80755
80755 40868 101903
119127 45950 147244
45950 119127 147244
147244 45950 119127
70764 27082 52332
52332 27082 70764
27082 52332 70764
53348 29757 143618
143618 29757 53348
29757 53348 143618
945 133922 140007
140007 945 133922
133922 945 140007
112719 45061 126068
126068 45061 112719
45061 112719 126068
61325 14917 103783
14917 61325 103783
103783 14917 61325
139942 91290 111703
111703 91290 139942
91290 111703 139942
17006 77519 91090
91090 17006 77519
77519 17006 91090
255 88044 99770
99770 255 88044
88044 255 99770
108304 6123 80463
6123 80463 108304
80463 6123 108304
111284 16290 122734
16290 111284 122734
122734 16290 111284
131642 27319 48246
27319 48246 131642
48246 27319 131642
81882 72854 98197
98197 72854 81882
72854 81882 98197
139640 71766 118689
71766 118689 139640
118689 71766 139640
24538 18084 85542
18084 24538 85542
85542 18084 24538
4076 142966 143607
143607 4076 142966
142966 4076 143607
137325 63646 113293
63646 113293 137325
113293 63646 137325
1490 16796 51398
51398 1490 16796
16796 1490 51398
78861 46699 124596
46699 78861 124596
124596 46699 78861
120230 61460 79333
61460 79333 120230
79333 61460 120230
6991 2402 12874
2402 6991 12874
12874 2402 6991
99628 18355 65248
65248 18355 99628
18355 65248 99628
35601 28042 50740
28042 35601 50740
50740 28042 35601
12876 20200 102388
20200 12876 102388
102388 12876 20200
98565 48052 74284
74284 48052 98565
48052 74284 98565
43904 87917 142678
87917 43904 142678
142678 43904 87917
46783 45277 81171
45277 46783 81171
81171 45277 46783
47320 44401 77687
44401 47320 77687
77687 44401 47320
57821 78591 92332
78591 57821 92332
92332 57821 78591
133539 75700 84440
75700 84440 133539
84440 75700 133539
85958 6715 112811
6715 85958 112811
112811 6715 85958
55217 69498 146446
69498 55217 146446
146446 55217 69498
144564 55898 116419
55898 116419 144564
116419 55898 144564
136172 53413 131718
131718 53413 136172
53413 131718 136172
53722 8670 43289
8670 43289 53722
43289 8670 53722
36538 45192 110730
110730 36538 45192
45192 36538 110730
95014 6727 33577
6727 33577 95014
33577 6727 95014
68099 66600 66830
66600 66830 68099
66830 66600 68099
98137 21725 69086
21725 69086 98137
69086 21725 98137
15174 66235 111207
111207 15174 66235
66235 15174 111207
123688 32835 81531
81531 32835 123688
32835 81531 123688
12954 79167 106593
106593 12954 79167
79167 12954 106593
135507 62108 84216
62108 84216 135507
84216 62108 135507
143839 16637 100905
16637 100905 143839
100905 16637 143839
21918 42188 87584
42188 21918 87584
87584 21918 42188
115718 19528 45576
45576 19528 115718
19528 45576 115718
140236 42613 134174
134174 42613 140236
42613 134174 140236
127864 5968 27547
5968 27547 127864
27547 5968 127864
107522 6333 21752
6333 21752 107522
21752 6333 107522
127741 49003 127613
49003 127613 127741
127613 49003 127741
145038 20282 58251
20282 58251 145038
58251 20282 145038
35403 90352 90401
90352 35403 90401
90401 35403 90352
127688 34139 70544
34139 70544 127688
70544 34139 127688
47144 77101 137332
77101 47144 137332
137332 47144 77101
77071 52691 109045
52691 77071 109045
109045 52691 77071
61079 112819 127916
112819 61079 127916
127916 61079 112819
70260 105343 130191
105343 70260 130191
130191 70260 105343
77803 108871 112206
112206 77803 108871
108871 77803 112206
114799 69445 111208
111208 69445 114799
69445 111208 114799
101091 25009 53882
53882 25009 101091
25009 53882 101091
40966 45549 86430
45549 40966 86430
86430 40966 45549
27312 36111 75975
75975 27312 36111
36111 27312 75975
2447 1535 21417
21417 1535 2447
1535 2447 21417
123481 36554 117412
117412 36554 123481
36554 117412 123481
126994 68541 72039
72039 68541 126994
68541 72039 126994
61961 12672 119388
119388 12672 61961
12672 61961 119388
43315 29772 61113
61113 29772 43315
29772 43315 61113
65627 86135 118035
118035 65627 86135
86135 65627 118035
131025 4679 143516
4679 131025 143516
143516 4679 131025
18491 54963 108967
108967 18491 54963
54963 18491 108967
50557 4954 6709
4954 6709 50557
6709 4954 50557
17306 14335 118600
118600 14335 17306
14335 17306 118600
138117 503 7249
503 7249 138117
7249 503 138117
128379 38588 131192
131192 38588 128379
38588 128379 131192
52568 4145 33279
33279 4145 52568
4145 33279 52568
133926 49325 61033
61033 49325 133926
49325 61033 133926
48473 3083 17057
17057 3083 48473
3083 17057 48473
274 11738 91458
11738 274 91458
91458 274 11738
147793 26214 138814
26214 138814 147793
138814 26214 147793
60887 37047 98868
98868 37047 60887
37047 60887 98868
57219 98096 130348
130348 57219 98096
98096 57219 130348
16784 26417 96434
96434 16784 26417
26417 16784 96434
46205 25229 76849
76849 25229 46205
25229 46205 76849
24779 86801 134203
134203 24779 86801
86801 24779 134203
66557 29514 121195
29514 66557 121195
121195 29514 66557
66532 8671 55742
55742 8671 66532
8671 55742 66532
130820 11950 30849
30849 11950 130820
11950 30849 130820
80823 30334 45399
45399 30334 80823
30334 45399 80823
114886 58352 81563
58352 81563 114886
81563 58352 114886
134086 56708 109160
109160 56708 134086
56708 109160 134086
91274 119576 139048
119576 91274 139048
139048 91274 119576
77883 36924 149228
149228 36924 77883
36924 77883 149228
39853 36727 51475
36727 39853 51475
51475 36727 39853
27127 96832 141387
141387 27127 96832
96832 27127 141387
41413 23615 148450
23615 41413 148450
148450 23615 41413
77236 92107 95363
92107 77236 95363
95363 77236 92107
140923 26968 127354
127354 26968 140923
26968 127354 140923
11787 21915 119953
21915 11787 119953
119953 11787 21915
7869 52929 92606
92606 7869 52929
52929 7869 92606
139246 46506 49873
49873 46506 139246
46506 49873 139246
74503 77073 86696
77073 74503 86696
86696 74503 77073
23798 49825 149557
49825 23798 149557
149557 23798 49825
33436 5911 127637
5911 33436 127637
127637 5911 33436
132108 6772 100271
6772 100271 132108
100271 6772 132108
36904 19565 145086
145086 19565 36904
19565 36904 145086
28278 119192 135541
119192 28278 135541
135541 28278 119192
141161 27880 103757
27880 103757 141161
103757 27880 141161
104731 69553 88040
88040 69553 104731
69553 88040 104731
54427 114806 147820
114806 54427 147820
147820 54427 114806
68212 34853 107336
107336 34853 68212
34853 68212 107336
68627 5086 65112
65112 5086 68627
5086 65112 68627
51351 23136 51821
23136 51351 51821
51821 23136 51351
100534 8656 147889
8656 100534 147889
147889 8656 100534
48105 58859 98769
58859 48105 98769
98769 48105 58859
54079 64642 81971
81971 54079 64642
64642 54079 81971
46959 79617 95200
79617 46959 95200
95200 46959 79617
51740 32813 37560
37560 32813 51740
32813 37560 51740
42636 86155 113872
86155 42636 113872
113872 42636 86155
35674 49937 114571
114571 35674 49937
49937 35674 114571
59486 10836 81151
81151 10836 59486
10836 59486 81151
148490 73087 100281
100281 73087 148490
73087 100281 148490
29957 97351 97940
97351 29957 97940
97940 29957 97351
23097 12321 86291
86291 12321 23097
12321 23097 86291
58708 70103 93899
93899 58708 70103
70103 58708 93899
32309 42276 102824
42276 32309 102824
102824 32309 42276
17440 13776 37101
37101 13776 17440
13776 17440 37101
31848 28305 84549
84549 28305 31848
28305 31848 84549
82134 15988 81758
15988 81758 82134
81758 15988 82134
63920 25783 60255
25783 60255 63920
60255 25783 63920
119503 45951 114420
45951 114420 119503
114420 45951 119503
77132 27712 43617
27712 43617 77132
43617 27712 77132
113969 24726 80523
80523 24726 113969
24726 80523 113969
37706 14776 123274
123274 14776 37706
14776 37706 123274
44463 34840 109838
34840 44463 109838
109838 34840 44463
35810 7586 36608
7586 35810 36608
36608 7586 35810
1844 23676 142858
23676 1844 142858
142858 1844 23676
24074 36040 113084
113084 24074 36040
36040 24074 113084
58765 8503 8651
8651 8503 58765
8503 8651 58765
55227 38193 105748
38193 55227 105748
105748 38193 55227
5346 24504 62410
24504 5346 62410
62410 5346 24504
149564 37247 54128
54128 37247 149564
37247 54128 149564
15803 38327 59783
59783 15803 38327
38327 15803 59783
87638 106060 109478
106060 87638 109478
109478 87638 106060
64722 104183 146520
104183 64722 146520
146520 64722 104183
133654 54082 144076
54082 133654 144076
144076 54082 133654
149377 90550 122483
122483 90550 149377
90550 122483 149377
56538 96948 111748
111748 56538 96948
96948 56538 111748
6885 30576 81443
30576 6885 81443
81443 6885 30576
124074 31708 135332
135332 31708 124074
31708 124074 135332
59518 102584 142841
102584 59518 142841
142841 59518 102584
48137 7250 48173
7250 48137 48173
48173 7250 48137
58977 19909 75622
75622 19909 58977
19909 58977 75622
15225 51197 128196
128196 15225 51197
51197 15225 128196
40747 4499 123006
123006 4499 40747
4499 40747 123006
145213 25576 111650
111650 25576 145213
25576 111650 145213
24653 31596 82908
31596 24653 82908
82908 24653 31596
144063 15889 44387
15889 44387 144063
44387 15889 144063
107708 14922 48004
14922 48004 107708
48004 14922 107708
105643 39396 141316
39396 105643 141316
141316 39396 105643
72695 29867 95590
29867 72695 95590
95590 29867 72695
99468 66535 124973
124973 66535 99468
66535 99468 124973
71381 51766 104772
51766 71381 104772
104772 51766 71381
106771 98765 102541
98765 102541 106771
102541 98765 106771
26185 97395 144655
144655 26185 97395
97395 26185 144655
83346 69602 116425
69602 83346 116425
116425 69602 83346
44418 3044 31039
3044 31039 44418
31039 3044 44418
53128 69700 128404
69700 53128 128404
128404 53128 69700
72993 113156 141148
141148 72993 113156
113156 72993 141148
36400 57778 96242
57778 36400 96242
96242 36400 57778
19301 44825 67769
67769 19301 44825
44825 19301 67769
49585 55757 134057
134057 49585 55757
55757 49585 134057
29486 19491 32689
19491 29486 32689
32689 19491 29486
121945 12062 72553
72553 12062 121945
12062 72553 121945
90584 10868 134005
10868 90584 134005
134005 10868 90584
15267 100283 113353
113353 15267 100283
100283 15267 113353
15500 113233 140966
113233 15500 140966
140966 15500 113233
6855 103823 117917
117917 6855 103823
103823 6855 117917
130642 89771 142942
142942 89771 130642
89771 130642 142942
116240 42949 140520
140520 42949 116240
42949 116240 140520
67293 47081 133876
133876 47081 67293
47081 67293 133876
132702 79187 141814
141814 79187 132702
79187 132702 141814
80617 9525 97567
97567 9525 80617
9525 80617 97567
139197 95233 95952
95952 95233 139197
95233 95952 139197
87434 19164 68340
19164 68340 87434
68340 19164 87434
71531 25730 68819
25730 68819 71531
68819 25730 71531
63744 98408 128435
98408 63744 128435
128435 63744 98408
91875 130164 131544
130164 91875 131544
131544 91875 130164
65075 87350 88567
88567 65075 87350
87350 65075 88567
34655 40348 110846
110846 34655 40348
40348 34655 110846
3817 68824 109201
109201 3817 68824
68824 3817 109201
126013 67718 117493
117493 67718 126013
67718 117493 126013
50162 13777 29929
13777 29929 50162
29929 13777 50162
66224 130379 137563
130379 66224 137563
137563 66224 130379
62819 138130 144924
138130 62819 144924
144924 62819 138130
91924 9505 107282
107282 9505 91924
9505 91924 107282
148698 83218 138534
138534 83218 148698
83218 138534 148698
99701 7246 12398
7246 12398 99701
12398 7246 99701
118120 20899 109503
109503 20899 118120
20899 109503 118120
101668 76332 127492
127492 76332 101668
76332 101668 127492
58554 4666 64662
4666 58554 64662
64662 4666 58554
85256 208 91699
91699 208 85256
208 85256 91699
99025 22437 123796
22437 99025 123796
123796 22437 99025
123840 92514 100719
100719 92514 123840
92514 100719 123840
107207 5508 27359
5508 27359 107207
27359 5508 107207
93233 119230 129064
119230 93233 129064
129064 93233 119230
121769 65837 120518
120518 65837 121769
65837 120518 121769
47441 659 86684
659 47441 86684
86684 659 47441
