22893 3842 76030
76030 3842 22893
3842 22893 76030
39682 92826 133282
133282 39682 92826
92826 39682 133282
70657 30301 104418
104418 30301 70657
30301 70657 104418
20813 20520 133599
20520 20813 133599
133599 20520 20813
81083 60814 75409
75409 60814 81083
60814 75409 81083
16051 69266 92738
69266 16051 92738
92738 16051 69266
66751 9008 41505
9008 41505 66751
41505 9008 66751
120605 63205 67165
63205 67165 120605
67165 63205 120605
10052 39221 137189
137189 10052 39221
39221 10052 137189
8608 35320 60818
35320 8608 60818
60818 8608 35320
69192 5578 136238
136238 5578 69192
5578 69192 136238
135430 111039 112501
112501 111039 135430
111039 112501 135430
48795 114115 142359
142359 48795 114115
114115 48795 142359
120123 99451 138669
99451 120123 138669
138669 99451 120123
18811 14841 37338
37338 14841 18811
14841 18811 37338
92559 35216 116878
35216 92559 116878
116878 35216 92559
64706 36004 130646
130646 36004 64706
36004 64706 130646
18482 137042 140538
140538 18482 137042
137042 18482 140538
32333 48806 120508
48806 32333 120508
120508 32333 48806
145983 64307 95139
95139 64307 145983
64307 95139 145983
52001 30106 48579
30106 48579 52001
48579 30106 52001
89454 16718 51706
51706 16718 89454
16718 51706 89454
72467 35944 134581
134581 35944 72467
35944 72467 134581
146733 33014 72161
72161 33014 146733
33014 72161 146733
27168 23519 129794
23519 27168 129794
129794 23519 27168
120647 34609 85616
85616 34609 120647
34609 85616 120647
110714 39083 84160
39083 84160 110714
84160 39083 110714
12191 7236 136450
136450 7236 12191
7236 12191 136450
24273 7799 146455
7799 24273 146455
146455 7799 24273
51342 20208 111416
20208 51342 111416
111416 20208 51342
37278 55372 145481
145481 37278 55372
55372 37278 145481
38817 52201 91791
91791 38817 52201
52201 38817 91791
105244 107320 131419
131419 105244 107320
107320 105244 131419
78649 33625 51455
51455 33625 78649
33625 51455 78649
109922 110656 147528
110656 109922 147528
147528 109922 110656
38861 73249 73436
73436 38861 73249
73249 38861 73436
129778 73896 135666
135666 73896 129778
73896 129778 135666
108338 18403 32772
18403 32772 108338
32772 18403 108338
148920 105906 117673
105906 117673 148920
117673 105906 148920
96673 4200 36280
36280 4200 96673
4200 36280 96673
107541 54438 104387
104387 54438 107541
54438 104387 107541
58628 46989 79232
46989 58628 79232
79232 46989 58628
81143 48724 145423
145423 48724 81143
48724 81143 145423
72622 1643 88674
1643 72622 88674
88674 1643 72622
1286 23551 117221
23551 1286 117221
117221 1286 23551
67809 77866 100916
100916 67809 77866
77866 67809 100916
9656 41168 71983
71983 9656 41168
41168 9656 71983
40406 18164 141745
141745 18164 40406
18164 40406 141745
23522 24260 52643
24260 23522 52643
52643 23522 24260
167 13586 16841
16841 167 13586
13586 167 16841
68629 55124 110111
110111 55124 68629
55124 68629 110111
29974 24283 137101
137101 24283 29974
24283 29974 137101
19095 94129 105698
94129 19095 105698
105698 19095 94129
85156 108792 138386
138386 85156 108792
108792 85156 138386
14636 32161 118975
118975 14636 32161
32161 14636 118975
49090 112599 128898
128898 49090 112599
112599 49090 128898
99960 72662 93951
72662 93951 99960
93951 72662 99960
3365 31265 147418
31265 3365 147418
147418 3365 31265
123049 56344 63867
56344 63867 123049
63867 56344 123049
29664 23163 63542
23163 29664 63542
63542 23163 29664
140859 39590 106528
39590 106528 140859
106528 39590 140859
10192 7759 98035
7759 10192 98035
98035 7759 10192
34844 86996 130780
130780 34844 86996
86996 34844 130780
109338 123998 139187
139187 109338 123998
123998 109338 139187
59512 137970 148151
137970 59512 148151
148151 59512 137970
52631 60546 89030
89030 52631 60546
60546 52631 89030
72211 25130 109645
25130 72211 109645
109645 25130 72211
78821 94743 106483
94743 78821 106483
106483 78821 94743
107761 30179 143215
143215 30179 107761
30179 107761 143215
32397 106259 107947
106259 32397 107947
107947 32397 106259
141716 58776 72879
58776 72879 141716
72879 58776 141716
48455 111327 123889
123889 48455 111327
111327 48455 123889
89198 53301 110978
110978 53301 89198
53301 89198 110978
143151 5176 146072
146072 5176 143151
5176 143151 146072
142529 24742 75259
75259 24742 142529
24742 75259 142529
106962 123341 132584
123341 106962 132584
132584 106962 123341
140938 112834 125504
125504 112834 140938
112834 125504 140938
12952 98981 124452
124452 12952 98981
98981 12952 124452
111156 27515 113842
27515 111156 113842
113842 27515 111156
40129 32364 35301
35301 32364 40129
32364 35301 40129
100362 83742 110520
83742 100362 110520
110520 83742 100362
70242 27854 137951
27854 70242 137951
137951 27854 70242
149125 110647 145769
110647 145769 149125
145769 110647 149125
66840 49553 148531
49553 66840 148531
148531 49553 66840
126479 90901 95855
95855 90901 126479
90901 95855 126479
132054 14681 95129
14681 95129 132054
95129 14681 132054
91170 59188 68383
59188 68383 91170
68383 59188 91170
87781 103294 144060
144060 87781 103294
103294 87781 144060
83046 80584 106475
106475 80584 83046
80584 83046 106475
141939 9758 122361
122361 9758 141939
9758 122361 141939
82047 109135 144268
144268 82047 109135
109135 82047 144268
119522 16044 148275
16044 119522 148275
148275 16044 119522
62770 41444 49074
49074 41444 62770
41444 49074 62770
20739 67456 91985
91985 20739 67456
67456 20739 91985
75358 68281 129178
68281 75358 129178
129178 68281 75358
66652 54207 146104
54207 66652 146104
146104 54207 66652
132566 68169 138203
68169 132566 138203
138203 68169 132566
68699 132338 134132
132338 68699 134132
134132 68699 132338
149782 59823 100979
59823 100979 149782
100979 59823 149782
31771 37287 42924
42924 31771 37287
37287 31771 42924
68946 105766 143807
143807 68946 105766
105766 68946 143807
90381 32097 72937
32097 72937 90381
72937 32097 90381
141904 102301 127529
102301 127529 141904
127529 102301 141904
133584 10416 40344
10416 40344 133584
40344 10416 133584
60466 23471 114725
23471 60466 114725
114725 23471 60466
35559 6487 51061
6487 35559 51061
51061 6487 35559
89625 76218 86627
76218 86627 89625
86627 76218 89625
46286 65221 82226
65221 46286 82226
82226 46286 65221
8511 106867 148527
106867 8511 148527
148527 8511 106867
114714 10173 94448
10173 94448 114714
94448 10173 114714
32653 119273 139457
139457 32653 119273
119273 32653 139457
66584 779 15747
779 15747 66584
15747 779 66584
38556 26221 115147
115147 26221 38556
26221 38556 115147
84864 37007 71100
37007 71100 84864
71100 37007 84864
50739 36958 146626
146626 36958 50739
36958 50739 146626
12306 36930 60986
36930 12306 60986
60986 12306 36930
107480 25097 60082
25097 60082 107480
60082 25097 107480
7611 10222 129871
129871 7611 10222
10222 7611 129871
103474 71 100398
100398 71 103474
71 100398 103474
116101 72670 102254
72670 102254 116101
102254 72670 116101
128576 36103 132859
132859 36103 128576
36103 128576 132859
31509 15611 137568
137568 15611 31509
15611 31509 137568
149123 55705 71654
55705 71654 149123
71654 55705 149123
72065 115247 126250
115247 72065 126250
126250 72065 115247
55496 19367 138913
138913 19367 55496
19367 55496 138913
115824 13014 103184
103184 13014 115824
13014 103184 115824
124656 44774 48628
44774 48628 124656
48628 44774 124656
81495 59439 60166
60166 59439 81495
59439 60166 81495
105248 33961 58919
33961 58919 105248
58919 33961 105248
60219 48444 139969
139969 48444 60219
48444 60219 139969
100212 43993 122667
122667 43993 100212
43993 100212 122667
46816 101419 142125
142125 46816 101419
101419 46816 142125
97864 8228 62304
62304 8228 97864
8228 62304 97864
76055 13920 105933
13920 76055 105933
105933 13920 76055
3917 121810 126002
126002 3917 121810
121810 3917 126002
55595 20538 109576
109576 20538 55595
20538 55595 109576
58715 18224 127805
127805 18224 58715
18224 58715 127805
89412 6740 9954
9954 6740 89412
6740 9954 89412
96461 113060 118415
113060 96461 118415
118415 96461 113060
68055 514 42146
42146 514 68055
514 42146 68055
40639 83358 87835
83358 40639 87835
87835 40639 83358
119712 24277 121345
121345 24277 119712
24277 119712 121345
50920 133977 149978
149978 50920 133977
133977 50920 149978
12937 67662 100383
100383 12937 67662
67662 12937 100383
16424 18137 32000
32000 16424 18137
18137 16424 32000
77222 121416 149722
121416 77222 149722
149722 77222 121416
140300 106890 133349
106890 133349 140300
133349 106890 140300
132552 55704 143423
143423 55704 132552
55704 132552 143423
38103 5524 79280
79280 5524 38103
5524 38103 79280
133275 49244 52537
49244 52537 133275
52537 49244 133275
22015 45374 45594
45374 22015 45594
45594 22015 45374
128907 42780 148624
148624 42780 128907
42780 128907 148624
85539 295 149157
149157 295 85539
295 85539 149157
21333 89930 102280
102280 21333 89930
89930 21333 102280
130508 64856 66111
64856 66111 130508
66111 64856 130508
108875 52502 62937
52502 62937 108875
62937 52502 108875
89266 100832 142583
142583 89266 100832
100832 89266 142583
139047 47987 102908
47987 102908 139047
102908 47987 139047
60647 80449 128850
128850 60647 80449
80449 60647 128850
42867 63128 99423
99423 42867 63128
63128 42867 99423
83189 55235 113522
55235 83189 113522
113522 55235 83189
65805 24800 72974
24800 65805 72974
72974 24800 65805
120714 10398 131053
10398 120714 131053
131053 10398 120714
7340 8935 28514
8935 7340 28514
28514 7340 8935
132032 68473 127119
68473 127119 132032
127119 68473 132032
133227 16054 129532
16054 129532 133227
129532 16054 133227
63409 4470 43500
43500 4470 63409
4470 43500 63409
65937 110585 123577
110585 65937 123577
123577 65937 110585
44885 5828 70813
5828 44885 70813
70813 5828 44885
95352 79400 86883
79400 86883 95352
86883 79400 95352
9890 13807 125080
125080 9890 13807
13807 9890 125080
68285 3457 53999
3457 53999 68285
53999 3457 68285
109216 63195 119912
63195 109216 119912
119912 63195 109216
95119 22844 120210
120210 22844 95119
22844 95119 120210
95205 44512 106783
44512 95205 106783
106783 44512 95205
45957 11900 62983
11900 45957 62983
62983 11900 45957
92584 116026 117973
117973 92584 116026
116026 92584 117973
1560 32871 58737
58737 1560 32871
32871 1560 58737
82783 35625 88727
88727 35625 82783
35625 82783 88727
46377 117284 131488
117284 46377 131488
131488 46377 117284
110227 124890 141629
141629 110227 124890
124890 110227 141629
37768 90105 137363
137363 37768 90105
90105 37768 137363
83630 39244 82035
39244 82035 83630
82035 39244 83630
66796 32410 113175
113175 32410 66796
32410 66796 113175
14849 3114 73598
3114 14849 73598
73598 3114 14849
31754 104930 148380
148380 31754 104930
104930 31754 148380
71978 111094 131211
111094 71978 131211
131211 71978 111094
142453 41648 131076
131076 41648 142453
41648 131076 142453
50678 6322 23529
23529 6322 50678
6322 23529 50678
56352 51848 85927
51848 56352 85927
85927 51848 56352
29776 34697 91173
91173 29776 34697
34697 29776 91173
57800 64137 145443
145443 57800 64137
64137 57800 145443
111700 87612 129997
87612 111700 129997
129997 87612 111700
8387 4970 88170
88170 4970 8387
4970 8387 88170
55212 117829 122492
117829 55212 122492
122492 55212 117829
148236 43799 123827
43799 123827 148236
123827 43799 148236
95417 94832 100348
100348 94832 95417
94832 95417 100348
26422 6948 63714
6948 26422 63714
63714 6948 26422
98320 9360 102383
102383 9360 98320
9360 98320 102383
14190 129828 133772
133772 14190 129828
129828 14190 133772
8269 101650 115890
115890 8269 101650
101650 8269 115890
73762 11761 119125
11761 73762 119125
119125 11761 73762
148301 109556 135783
109556 135783 148301
135783 109556 148301
96472 67860 141960
141960 67860 96472
67860 96472 141960
134181 9163 37535
37535 9163 134181
9163 37535 134181
129887 91148 96414
96414 91148 129887
91148 96414 129887
70536 72882 77082
77082 70536 72882
72882 70536 77082
38452 14208 115256
14208 38452 115256
115256 14208 38452
24269 108188 125180
108188 24269 125180
125180 24269 108188
17608 61647 95549
95549 17608 61647
61647 17608 95549
121193 64148 131040
131040 64148 121193
64148 121193 131040
141884 100484 132026
100484 132026 141884
132026 100484 141884
62817 25515 27666
27666 25515 62817
25515 27666 62817
29569 113897 139703
139703 29569 113897
113897 29569 139703
14611 66918 113628
66918 14611 113628
113628 14611 66918
24464 18298 51069
51069 18298 24464
18298 24464 51069
91740 35245 139467
139467 35245 91740
35245 91740 139467
33091 41881 70295
41881 33091 70295
70295 33091 41881
76656 118236 133376
118236 76656 133376
133376 76656 118236
115714 53608 89017
89017 53608 115714
53608 89017 115714
65728 12284 70763
12284 65728 70763
70763 12284 65728
127476 31779 86437
31779 86437 127476
86437 31779 127476
47709 143833 146221
143833 47709 146221
146221 47709 143833
137008 82832 96713
82832 96713 137008
96713 82832 137008
124486 60575 90528
60575 90528 124486
90528 60575 124486
109078 25677 103433
25677 103433 109078
103433 25677 109078
123382 24327 45151
24327 45151 123382
45151 24327 123382
73362 24006 133168
24006 73362 133168
133168 24006 73362
115929 24655 89134
89134 24655 115929
24655 89134 115929
8731 15073 32949
15073 8731 32949
32949 8731 15073
49037 119236 135750
135750 49037 119236
119236 49037 135750
121575 81839 135863
135863 81839 121575
81839 121575 135863
133900 87567 108912
108912 87567 133900
87567 108912 133900
10476 85990 127686
127686 10476 85990
85990 10476 127686
47035 35479 125699
35479 47035 125699
125699 35479 47035
115053 31827 39606
31827 39606 115053
39606 31827 115053
141026 87155 124110
87155 124110 141026
124110 87155 141026
53024 15568 118420
118420 15568 53024
15568 53024 118420
55348 6369 21482
21482 6369 55348
6369 21482 55348
30633 49316 132015
49316 30633 132015
132015 30633 49316
20235 16766 38635
38635 16766 20235
16766 20235 38635
8920 85550 134906
85550 8920 134906
134906 8920 85550
103209 1537 137851
137851 1537 103209
1537 103209 137851
88549 35336 126430
35336 88549 126430
126430 35336 88549
93030 49252 139787
139787 49252 93030
49252 93030 139787
45389 97248 147977
97248 45389 147977
147977 45389 97248
30552 50250 129807
50250 30552 129807
129807 30552 50250
122998 16553 38090
38090 16553 122998
16553 38090 122998
24445 44435 65586
44435 24445 65586
65586 24445 44435
114240 73330 102407
102407 73330 114240
73330 102407 114240
17045 68647 89981
89981 17045 68647
68647 17045 89981
76714 18971 127856
18971 76714 127856
127856 18971 76714
45995 92683 124375
124375 45995 92683
92683 45995 124375
74241 42142 136323
136323 42142 74241
42142 74241 136323
103359 1469 84338
84338 1469 103359
1469 84338 103359
106127 41582 114526
114526 41582 106127
41582 106127 114526
140113 63472 96549
63472 96549 140113
96549 63472 140113
148250 90300 118474
118474 90300 148250
90300 118474 148250
97848 31430 94352
94352 31430 97848
31430 94352 97848
87508 34543 81789
34543 81789 87508
81789 34543 87508
84110 10486 36632
10486 36632 84110
36632 10486 84110
95813 77635 111449
77635 95813 111449
111449 77635 95813
29324 91927 104637
91927 29324 104637
104637 29324 91927
45484 95203 116628
116628 45484 95203
95203 45484 116628
38737 40281 96335
40281 38737 96335
96335 38737 40281
46738 35207 130305
130305 35207 46738
35207 46738 130305
62155 51962 73116
51962 62155 73116
73116 51962 62155
109817 66822 133187
66822 109817 133187
133187 66822 109817
55412 32383 79830
32383 55412 79830
79830 32383 55412
73604 36296 95991
95991 36296 73604
36296 73604 95991
55035 15211 75326
15211 55035 75326
75326 15211 55035
95941 106695 123658
123658 95941 106695
106695 95941 123658
4605 65110 111574
65110 4605 111574
111574 4605 65110
83812 45530 84538
84538 45530 83812
45530 83812 84538
58614 7033 86562
7033 58614 86562
86562 7033 58614
53407 3171 81507
81507 3171 53407
3171 53407 81507
97022 8186 128436
8186 97022 128436
128436 8186 97022
127398 32042 114092
32042 114092 127398
114092 32042 127398
123485 92631 148766
148766 92631 123485
92631 123485 148766
76123 89679 105245
89679 76123 105245
105245 76123 89679
73067 17495 49492
17495 49492 73067
49492 17495 73067
10588 80185 114515
80185 10588 114515
114515 10588 80185
72328 85824 88724
88724 72328 85824
85824 72328 88724
91123 8521 102923
102923 8521 91123
8521 91123 102923
76267 77867 148374
77867 76267 148374
148374 76267 77867
131239 100039 143272
143272 100039 131239
100039 131239 143272
128527 68627 142247
68627 128527 142247
142247 68627 128527
34107 33722 124535
33722 34107 124535
124535 33722 34107
45655 120918 135858
135858 45655 120918
120918 45655 135858
30346 81277 147399
81277 30346 147399
147399 30346 81277
27073 21146 81945
81945 21146 27073
21146 27073 81945
106079 6102 60870
60870 6102 106079
6102 60870 106079
12607 28469 114235
114235 12607 28469
28469 12607 114235
104756 17398 70713
17398 70713 104756
70713 17398 104756
64113 36621 70059
36621 64113 70059
70059 36621 64113
64657 34350 130044
130044 34350 64657
34350 64657 130044
141642 26722 120981
26722 120981 141642
120981 26722 141642
55135 75552 111504
75552 55135 111504
111504 55135 75552
32303 91671 143551
91671 32303 143551
143551 32303 91671
53394 37 141225
37 53394 141225
141225 37 53394
35772 55727 68670
55727 35772 68670
68670 35772 55727
33752 132842 140017
132842 33752 140017
140017 33752 132842
98905 1975 104013
1975 98905 104013
104013 1975 98905
137596 28494 127194
28494 127194 137596
127194 28494 137596
16684 33814 57167
57167 16684 33814
33814 16684 57167
46961 127726 130196
130196 46961 127726
127726 46961 130196
87638 97843 116224
116224 87638 97843
97843 87638 116224
27798 44426 119576
119576 27798 44426
44426 27798 119576
51335 15650 98145
98145 15650 51335
15650 51335 98145
126412 64266 143430
143430 64266 126412
64266 126412 143430
47422 34088 76369
34088 47422 76369
76369 34088 47422
54191 25303 114189
25303 54191 114189
114189 25303 54191
126563 78591 85720
78591 85720 126563
85720 78591 126563
15284 22025 48239
22025 15284 48239
48239 15284 22025
6001 102237 113256
113256 6001 102237
102237 6001 113256
56578 10634 36619
36619 10634 56578
10634 36619 56578
148289 2320 103027
2320 103027 148289
103027 2320 148289
81579 78069 90205
78069 81579 90205
90205 78069 81579
133766 76527 115321
115321 76527 133766
76527 115321 133766
86585 4238 54009
54009 4238 86585
4238 54009 86585
107627 91525 94555
91525 94555 107627
94555 91525 107627
78294 7246 103992
7246 78294 103992
103992 7246 78294
80813 88036 109953
88036 80813 109953
109953 80813 88036
40133 98181 125567
98181 40133 125567
125567 40133 98181
77028 621 134577
134577 621 77028
621 77028 134577
27456 56034 101643
101643 27456 56034
56034 27456 101643
101950 45150 87187
45150 87187 101950
87187 45150 101950
58807 98491 125271
98491 58807 125271
125271 58807 98491
96894 3089 53046
53046 3089 96894
3089 53046 96894
56702 46874 130199
46874 56702 130199
130199 46874 56702
61570 27774 50140
50140 27774 61570
27774 50140 61570
132270 106487 107347
106487 107347 132270
107347 106487 132270
26813 110864 133691
110864 26813 133691
133691 26813 110864
39169 143836 149197
143836 39169 149197
149197 39169 143836
115375 2711 63003
63003 2711 115375
2711 63003 115375
49644 8506 104014
104014 8506 49644
8506 49644 104014
124844 148549 148708
148549 124844 148708
148708 124844 148549
36667 31852 78661
31852 36667 78661
78661 31852 36667
57579 30947 146387
146387 30947 57579
30947 57579 146387
18881 42769 122189
42769 18881 122189
122189 18881 42769
96325 34051 48494
48494 34051 96325
34051 48494 96325
9806 54733 94439
94439 9806 54733
54733 9806 94439
143245 8902 117017
117017 8902 143245
8902 117017 143245
37190 129363 132006
129363 37190 132006
132006 37190 129363
71341 63811 86970
86970 63811 71341
63811 71341 86970
45004 3425 56768
56768 3425 45004
3425 45004 56768
93592 121163 133447
133447 93592 121163
121163 93592 133447
14452 27706 84783
84783 14452 27706
27706 14452 84783
69298 82167 139279
82167 69298 139279
139279 69298 82167
13458 72731 102378
102378 13458 72731
72731 13458 102378
46623 60744 72608
72608 46623 60744
60744 46623 72608
88684 14705 61561
61561 14705 88684
14705 61561 88684
110671 95674 127834
95674 110671 127834
127834 95674 110671
103380 63254 116258
116258 63254 103380
63254 103380 116258
113514 74424 119181
119181 74424 113514
74424 113514 119181
54522 89281 110873
110873 54522 89281
89281 54522 110873
20769 113183 124700
113183 20769 124700
124700 20769 113183
46640 100231 148417
148417 46640 100231
100231 46640 148417
87628 57923 86077
57923 86077 87628
86077 57923 87628
137252 38250 63724
63724 38250 137252
38250 63724 137252
82124 20397 91905
91905 20397 82124
20397 82124 91905
131151 119226 127049
119226 127049 131151
127049 119226 131151
90745 40531 84557
40531 84557 90745
84557 40531 90745
62415 89705 136924
89705 62415 136924
136924 62415 89705
74545 25437 85033
85033 25437 74545
25437 74545 85033
80873 123753 128543
128543 80873 123753
123753 80873 128543
6295 120614 132175
120614 6295 132175
132175 6295 120614
140624 12772 40099
40099 12772 140624
12772 40099 140624
106058 15661 22306
22306 15661 106058
15661 22306 106058
90938 75346 133876
133876 75346 90938
75346 90938 133876
132526 24160 104657
24160 104657 132526
104657 24160 132526
136447 87650 98871
87650 98871 136447
98871 87650 136447
85201 62397 63449
62397 63449 85201
63449 62397 85201
60838 15930 67130
15930 60838 67130
67130 15930 60838
13164 2438 61125
2438 13164 61125
61125 2438 13164
36510 74436 86249
74436 36510 86249
86249 36510 74436
5530 69097 109357
109357 5530 69097
69097 5530 109357
41756 10649 39981
10649 39981 41756
39981 10649 41756
30006 15574 110176
15574 30006 110176
110176 15574 30006
81670 7824 146417
146417 7824 81670
7824 81670 146417
34192 1742 4810
4810 1742 34192
1742 4810 34192
44197 124334 146033
124334 44197 146033
146033 44197 124334
130309 7309 98884
98884 7309 130309
7309 98884 130309
136016 94497 113292
113292 94497 136016
94497 113292 136016
129733 115525 121847
121847 115525 129733
115525 121847 129733
75299 85204 127324
85204 75299 127324
127324 75299 85204
103889 33286 130570
130570 33286 103889
33286 103889 130570
93298 27819 117287
27819 93298 117287
117287 27819 93298
75199 143650 149787
143650 75199 149787
149787 75199 143650
83619 436 21531
436 21531 83619
21531 436 83619
13776 41585 148639
41585 13776 148639
148639 13776 41585
105597 76137 109655
109655 76137 105597
76137 105597 109655
97350 63451 112745
112745 63451 97350
63451 97350 112745
32784 60345 117006
60345 32784 117006
117006 32784 60345
136863 27054 112235
27054 112235 136863
112235 27054 136863
107566 74177 133554
74177 107566 133554
133554 74177 107566
51874 66624 85864
85864 51874 66624
66624 51874 85864
99540 80145 97292
80145 97292 99540
97292 80145 99540
93957 24866 144163
24866 93957 144163
144163 24866 93957
142687 10257 57169
57169 10257 142687
10257 57169 142687
105382 38370 125260
125260 38370 105382
38370 105382 125260
134452 59472 124234
124234 59472 134452
59472 124234 134452
42204 18146 54185
18146 42204 54185
54185 18146 42204
56878 112039 122665
112039 56878 122665
122665 56878 112039
61246 20080 139869
20080 61246 139869
139869 20080 61246
98864 63678 73743
63678 73743 98864
73743 63678 98864
38360 33232 139948
139948 33232 38360
33232 38360 139948
148642 104081 139516
139516 104081 148642
104081 139516 148642
127117 31860 114407
114407 31860 127117
31860 114407 127117
124361 26929 139216
26929 124361 139216
139216 26929 124361
90921 75707 95350
75707 90921 95350
95350 75707 90921
79701 2972 50712
2972 50712 79701
50712 2972 79701
31202 14291 60570
60570 14291 31202
14291 31202 60570
78931 60394 79214
60394 78931 79214
79214 60394 78931
54266 70613 115505
70613 54266 115505
115505 54266 70613
13751 992 98567
992 13751 98567
98567 992 13751
46492 46548 91338
91338 46492 46548
46548 46492 91338
114207 33632 83752
83752 33632 114207
33632 83752 114207
87274 5600 119436
5600 87274 119436
119436 5600 87274
79026 26923 89586
89586 26923 79026
26923 79026 89586
38794 46175 141279
141279 38794 46175
46175 38794 141279
137065 26623 146162
146162 26623 137065
26623 137065 146162
1263 97152 133677
133677 1263 97152
97152 1263 133677
29382 77804 118184
77804 29382 118184
118184 29382 77804
37829 33164 80536
33164 37829 80536
80536 33164 37829
116111 28918 44115
44115 28918 116111
28918 44115 116111
62441 63260 71703
71703 62441 63260
63260 62441 71703
76969 100361 120763
100361 76969 120763
120763 76969 100361
56133 121376 127395
127395 56133 121376
121376 56133 127395
41970 11515 66117
11515 41970 66117
66117 11515 41970
72780 37206 55643
37206 55643 72780
55643 37206 72780
98441 32282 109639
109639 32282 98441
32282 98441 109639
9433 72942 120414
120414 9433 72942
72942 9433 120414
17037 59802 71463
59802 17037 71463
71463 17037 59802
16247 123761 145510
145510 16247 123761
123761 16247 145510
12315 50643 82540
50643 12315 82540
82540 12315 50643
105630 117844 136423
136423 105630 117844
117844 105630 136423
146687 36960 52012
52012 36960 146687
36960 52012 146687
77796 5384 45015
45015 5384 77796
5384 45015 77796
55731 37620 103752
103752 37620 55731
37620 55731 103752
144582 51651 121017
51651 121017 144582
121017 51651 144582
91917 63278 117415
117415 63278 91917
63278 91917 117415
55789 61456 61936
61456 55789 61936
61936 55789 61456
108948 63970 120382
63970 108948 120382
120382 63970 108948
13178 57367 82715
57367 13178 82715
82715 13178 57367
36282 108079 142939
108079 36282 142939
142939 36282 108079
51431 71855 85993
85993 51431 71855
71855 51431 85993
111276 22011 106485
22011 106485 111276
106485 22011 111276
111541 22303 22495
22303 22495 111541
22495 22303 111541
147952 63478 102061
102061 63478 147952
63478 102061 147952
27681 69867 130343
69867 27681 130343
130343 27681 69867
35138 16693 16767
16693 16767 35138
16767 16693 35138
121869 24894 118080
118080 24894 121869
24894 118080 121869
64631 112583 133149
133149 64631 112583
112583 64631 133149
147589 15682 99619
15682 99619 147589
99619 15682 147589
62743 22569 69607
22569 62743 69607
69607 22569 62743
11908 21535 41240
41240 11908 21535
21535 11908 41240
123337 91357 144774
91357 123337 144774
144774 91357 123337
696 37299 87719
37299 696 87719
87719 696 37299
12451 100444 117122
117122 12451 100444
100444 12451 117122
43516 42295 52100
42295 43516 52100
52100 42295 43516
30241 67443 74757
67443 30241 74757
74757 30241 67443
57773 16795 148276
148276 16795 57773
16795 57773 148276
117524 14646 18767
18767 14646 117524
14646 18767 117524
120193 8600 101832
101832 8600 120193
8600 101832 120193
77053 43836 117502
117502 43836 77053
43836 77053 117502
148375 82129 119323
119323 82129 148375
82129 119323 148375
119955 23418 53832
53832 23418 119955
23418 53832 119955
133064 2765 32110
2765 32110 133064
32110 2765 133064
41910 28543 57983
57983 28543 41910
28543 41910 57983
83624 119908 128006
128006 83624 119908
119908 83624 128006
100275 66713 143081
143081 66713 100275
66713 100275 143081
51879 78123 90146
90146 51879 78123
78123 51879 90146
115437 23108 147239
147239 23108 115437
23108 115437 147239
42695 42974 89691
42974 42695 89691
89691 42695 42974
20205 72732 82137
82137 20205 72732
72732 20205 82137
149215 69541 105890
105890 69541 149215
69541 105890 149215
21386 37183 79715
79715 21386 37183
37183 21386 79715
128667 93488 110493
110493 93488 128667
93488 110493 128667
16577 69595 120729
120729 16577 69595
69595 16577 120729
122851 101841 121892
101841 121892 122851
121892 101841 122851
45869 22856 28175
28175 22856 45869
22856 28175 45869
107789 31411 60631
31411 60631 107789
60631 31411 107789
82527 6495 124874
124874 6495 82527
6495 82527 124874
113130 99019 133096
99019 113130 133096
133096 99019 113130
35337 7077 102597
7077 35337 102597
102597 7077 35337
134109 6626 25978
6626 25978 134109
25978 6626 134109
146191 68399 98305
68399 98305 146191
98305 68399 146191
115672 77030 147883
77030 115672 147883
147883 77030 115672
12936 34348 74198
34348 12936 74198
74198 12936 34348
110787 101156 149206
149206 101156 110787
101156 110787 149206
88777 49715 87451
87451 49715 88777
49715 87451 88777
136861 31895 102752
102752 31895 136861
31895 102752 136861
24737 16275 72371
72371 16275 24737
16275 24737 72371
968 84936 116463
116463 968 84936
84936 968 116463
25344 17729 30335
17729 25344 30335
30335 17729 25344
81801 29527 148860
148860 29527 81801
29527 81801 148860
30774 128508 136588
136588 30774 128508
128508 30774 136588
73460 30497 52513
30497 52513 73460
52513 30497 73460
42967 9799 68549
68549 9799 42967
9799 42967 68549
27709 8513 118365
8513 27709 118365
118365 8513 27709
44890 38762 130600
130600 38762 44890
38762 44890 130600
61739 119795 138274
138274 61739 119795
119795 61739 138274
63067 13641 93997
13641 63067 93997
93997 13641 63067
68710 2271 35108
35108 2271 68710
2271 35108 68710
31469 43344 149567
43344 31469 149567
149567 31469 43344
104330 16126 130345
130345 16126 104330
16126 104330 130345
83457 36020 105887
36020 83457 105887
105887 36020 83457
92443 64331 99744
99744 64331 92443
64331 92443 99744
127709 49608 100608
100608 49608 127709
49608 100608 127709
75411 50427 55453
50427 55453 75411
55453 50427 75411
126677 18184 25310
18184 25310 126677
25310 18184 126677
58554 15643 89217
15643 58554 89217
89217 15643 58554
149212 80094 110924
80094 110924 149212
110924 80094 149212
137478 33699 103756
33699 103756 137478
103756 33699 137478
55864 23211 86802
86802 23211 55864
23211 55864 86802
29242 18028 63931
18028 29242 63931
63931 18028 29242
136333 115081 135950
135950 115081 136333
115081 135950 136333
36962 79500 88369
88369 36962 79500
79500 36962 88369
94349 650 52434
650 52434 94349
52434 650 94349
13410 17173 105907
105907 13410 17173
17173 13410 105907
140326 59364 139852
59364 139852 140326
139852 59364 140326
62728 43519 105489
105489 43519 62728
43519 62728 105489
122197 55914 140377
140377 55914 122197
55914 122197 140377
16809 96194 127859
127859 16809 96194
96194 16809 127859
70209 25997 49159
25997 49159 70209
49159 25997 70209
26976 61587 91922
61587 26976 91922
91922 26976 61587
9617 17331 144021
144021 9617 17331
17331 9617 144021
84564 107495 140968
107495 84564 140968
140968 84564 107495
38101 42038 111068
42038 38101 111068
111068 38101 42038
80128 56703 114427
56703 80128 114427
114427 56703 80128
88625 28005 120232
120232 28005 88625
28005 88625 120232
79670 11205 28215
11205 28215 79670
28215 11205 79670
144411 142782 143147
142782 143147 144411
143147 142782 144411
94830 39671 138247
39671 94830 138247
138247 39671 94830
93183 123083 123456
123083 93183 123456
123456 93183 123083
134432 11782 107826
107826 11782 134432
11782 107826 134432
132524 15278 21687
15278 21687 132524
21687 15278 132524
25187 31810 64855
64855 25187 31810
31810 25187 64855
116226 21197 75473
21197 75473 116226
75473 21197 116226
146403 18087 35771
35771 18087 146403
18087 35771 146403
63862 45836 49391
45836 49391 63862
49391 45836 63862
39362 82910 129922
82910 39362 129922
129922 39362 82910
82731 50146 106363
106363 50146 82731
50146 82731 106363
67375 8813 48622
48622 8813 67375
8813 48622 67375
70703 19675 74644
74644 19675 70703
19675 70703 74644
82819 9065 68283
68283 9065 82819
9065 68283 82819
27801 1541 86081
86081 1541 27801
1541 27801 86081
93144 40683 48742
40683 48742 93144
48742 40683 93144
119219 110442 136600
136600 110442 119219
110442 119219 136600
15755 50838 92592
50838 15755 92592
92592 15755 50838
10015 15862 64348
64348 10015 15862
15862 10015 64348
129589 6182 43644
6182 43644 129589
43644 6182 129589
36077 25460 109811
109811 25460 36077
25460 36077 109811
48808 28786 30047
28786 30047 48808
30047 28786 48808
126215 70948 127896
127896 70948 126215
70948 126215 127896
141731 3488 125168
3488 125168 141731
125168 3488 141731
122416 22285 146509
22285 122416 146509
146509 22285 122416
24492 78789 101121
101121 24492 78789
78789 24492 101121
63750 33162 79323
79323 33162 63750
33162 63750 79323
91476 35912 139942
35912 91476 139942
139942 35912 91476
44186 3161 9845
3161 9845 44186
9845 3161 44186
96652 22936 24385
22936 24385 96652
24385 22936 96652
48792 49883 53780
53780 48792 49883
49883 48792 53780
71443 81024 116291
81024 71443 116291
116291 71443 81024
144683 53726 132771
53726 132771 144683
132771 53726 144683
103864 53258 148472
53258 103864 148472
148472 53258 103864
41842 11994 147359
147359 11994 41842
11994 41842 147359
89404 3795 103861
103861 3795 89404
3795 89404 103861
147230 66320 83479
83479 66320 147230
66320 83479 147230
80373 35246 149700
149700 35246 80373
35246 80373 149700
50547 47534 111287
111287 47534 50547
47534 50547 111287
96547 62799 125623
125623 62799 96547
62799 96547 125623
52653 115660 116003
116003 52653 115660
115660 52653 116003
141513 44223 75611
75611 44223 141513
44223 75611 141513
94906 12912 49094
49094 12912 94906
12912 49094 94906
65796 17757 114639
17757 65796 114639
114639 17757 65796
101448 77579 94279
77579 94279 101448
94279 77579 101448
141322 34512 137929
34512 137929 141322
137929 34512 141322
51984 38425 133835
38425 51984 133835
133835 38425 51984
9396 122515 134788
134788 9396 122515
122515 9396 134788
57234 58795 121852
58795 57234 121852
121852 57234 58795
122156 56300 143576
56300 122156 143576
143576 56300 122156
141140 48950 90787
90787 48950 141140
48950 90787 141140
124320 25383 93828
93828 25383 124320
25383 93828 124320
77939 1062 1164
1062 1164 77939
1164 1062 77939
135782 19766 115145
115145 19766 135782
19766 115145 135782
30467 74382 88883
74382 30467 88883
88883 30467 74382
50638 14966 141456
141456 14966 50638
14966 50638 141456
83398 16070 104721
16070 83398 104721
104721 16070 83398
105088 33500 83006
83006 33500 105088
33500 83006 105088
53833 34330 51009
34330 51009 53833
51009 34330 53833
98711 18182 23520
23520 18182 98711
18182 23520 98711
31207 100304 118028
100304 31207 118028
118028 31207 100304
136563 105199 112219
112219 105199 136563
105199 112219 136563
96570 32192 54388
32192 54388 96570
54388 32192 96570
125463 131781 141956
131781 125463 141956
141956 125463 131781
138550 88259 136685
136685 88259 138550
88259 136685 138550
11003 5890 98541
98541 5890 11003
5890 11003 98541
99472 20873 114054
20873 99472 114054
114054 20873 99472
65853 45113 134506
134506 45113 65853
45113 65853 134506
35806 21891 31109
31109 21891 35806
21891 31109 35806
28559 20906 149608
20906 28559 149608
149608 20906 28559
122457 3105 135317
3105 122457 135317
135317 3105 122457
125757 33118 149960
149960 33118 125757
33118 125757 149960
65244 77036 138155
138155 65244 77036
77036 65244 138155
110663 48978 88852
48978 88852 110663
88852 48978 110663
106165 6074 21510
21510 6074 106165
6074 21510 106165
141580 59836 77501
59836 77501 141580
77501 59836 141580
17869 1253 51378
1253 17869 51378
51378 1253 17869
92075 26758 35345
35345 26758 92075
26758 35345 92075
122861 13833 44586
44586 13833 122861
13833 44586 122861
141336 23256 55934
23256 55934 141336
55934 23256 141336
129916 42074 103402
42074 103402 129916
103402 42074 129916
97456 80968 144330
80968 97456 144330
144330 80968 97456
59719 132606 136835
136835 59719 132606
132606 59719 136835
108941 8750 113298
113298 8750 108941
8750 108941 113298
103461 15629 60573
15629 60573 103461
60573 15629 103461
19188 48504 120010
120010 19188 48504
48504 19188 120010
37717 67868 144191
67868 37717 144191
144191 37717 67868
18714 61254 134404
61254 18714 134404
134404 18714 61254
112325 4087 67581
4087 67581 112325
67581 4087 112325
32668 17858 105536
105536 17858 32668
17858 32668 105536
129037 72747 120349
120349 72747 129037
72747 120349 129037
8969 49146 89530
89530 8969 49146
49146 8969 89530
142355 91609 95913
91609 95913 142355
95913 91609 142355
106237 66216 85591
66216 85591 106237
85591 66216 106237
6696 12470 51800
12470 6696 51800
51800 6696 12470
75302 12794 132449
132449 12794 75302
12794 75302 132449
108004 10576 62825
10576 62825 108004
62825 10576 108004
113376 91658 103071
103071 91658 113376
91658 103071 113376
116227 86551 87736
86551 87736 116227
87736 86551 116227
100824 31729 112762
112762 31729 100824
31729 100824 112762
96225 35738 121825
35738 96225 121825
121825 35738 96225
127741 46596 122002
122002 46596 127741
46596 122002 127741
14621 5205 40378
40378 5205 14621
5205 14621 40378
7311 12292 28572
12292 7311 28572
28572 7311 12292
62239 25654 104552
104552 25654 62239
25654 62239 104552
43375 2330 79682
79682 2330 43375
2330 43375 79682
147711 85823 101825
101825 85823 147711
85823 101825 147711
111577 93812 102657
93812 102657 111577
102657 93812 111577
43153 41979 108867
41979 43153 108867
108867 41979 43153
78059 43666 59881
43666 59881 78059
59881 43666 78059
146267 109037 122892
109037 122892 146267
122892 109037 146267
33061 113751 113844
113844 33061 113751
113751 33061 113844
144556 3125 58530
58530 3125 144556
3125 58530 144556
113442 8559 148780
8559 113442 148780
148780 8559 113442
80839 22020 111935
22020 80839 111935
111935 22020 80839
42747 48459 67753
48459 42747 67753
67753 42747 48459
146349 387 91763
91763 387 146349
387 91763 146349
111992 13009 48522
48522 13009 111992
13009 48522 111992
104972 9623 66518
9623 66518 104972
66518 9623 104972
143861 57483 85413
85413 57483 143861
57483 85413 143861
32307 13962 89203
89203 13962 32307
13962 32307 89203
10054 36187 137722
137722 10054 36187
36187 10054 137722
58507 58859 76912
58859 58507 76912
76912 58507 58859
44916 97815 103197
97815 44916 103197
103197 44916 97815
26952 100891 114941
100891 26952 114941
114941 26952 100891
101213 54878 117678
117678 54878 101213
54878 101213 117678
3912 60264 142535
60264 3912 142535
142535 3912 60264
148561 64516 98570
98570 64516 148561
64516 98570 148561
135320 9855 124390
9855 124390 135320
124390 9855 135320
132317 32908 99610
32908 99610 132317
99610 32908 132317
117196 92686 142307
92686 117196 142307
142307 92686 117196
103789 55396 96005
55396 96005 103789
96005 55396 103789
20125 17964 92453
17964 20125 92453
92453 17964 20125
107283 114128 138987
114128 107283 138987
138987 107283 114128
11175 18340 79333
79333 11175 18340
18340 11175 79333
39203 52629 103093
103093 39203 52629
52629 39203 103093
123522 63186 82847
63186 82847 123522
82847 63186 123522
33557 108379 122140
122140 33557 108379
108379 33557 122140
49717 29050 62396
29050 49717 62396
62396 29050 49717
13040 46479 113648
46479 13040 113648
113648 13040 46479
56075 127282 127561
127561 56075 127282
127282 56075 127561
28313 61161 117476
117476 28313 61161
61161 28313 117476
23928 34004 50003
34004 23928 50003
50003 23928 34004
109348 76657 120357
120357 76657 109348
76657 109348 120357
140837 77781 83554
83554 77781 140837
77781 83554 140837
64293 57271 148043
57271 64293 148043
148043 57271 64293
102331 65199 147878
65199 102331 147878
147878 65199 102331
88443 12882 33873
33873 12882 88443
12882 33873 88443
103768 142605 147096
142605 103768 147096
147096 103768 142605
100172 28724 84358
84358 28724 100172
28724 84358 100172
27423 99024 126473
126473 27423 99024
99024 27423 126473
16897 81823 139719
81823 16897 139719
139719 16897 81823
108760 6537 19383
19383 6537 108760
6537 19383 108760
86278 25294 105749
105749 25294 86278
25294 86278 105749
146934 8094 39997
39997 8094 146934
8094 39997 146934
49902 27362 73773
27362 49902 73773
73773 27362 49902
36180 25713 79180
25713 36180 79180
79180 25713 36180
14785 88600 125092
125092 14785 88600
88600 14785 125092
136930 76629 142202
76629 136930 142202
142202 76629 136930
6975 105102 143031
143031 6975 105102
105102 6975 143031
117193 24174 46808
46808 24174 117193
24174 46808 117193
136103 43593 111594
43593 111594 136103
111594 43593 136103
67939 1473 21902
21902 1473 67939
1473 21902 67939
117754 29412 141301
141301 29412 117754
29412 117754 141301
8671 64344 69638
64344 8671 69638
69638 8671 64344
5686 3779 7989
7989 3779 5686
3779 5686 7989
14155 64499 139170
139170 14155 64499
64499 14155 139170
55433 92758 114093
92758 55433 114093
114093 55433 92758
44543 1095 139376
1095 44543 139376
139376 1095 44543
16195 108408 124961
108408 16195 124961
124961 16195 108408
17139 53458 114524
114524 17139 53458
53458 17139 114524
134000 6310 134280
134280 6310 134000
6310 134000 134280
18349 111002 142465
111002 18349 142465
142465 18349 111002
120590 61900 87046
87046 61900 120590
61900 87046 120590
80565 23236 97400
