139826 67049 143987
143987 67049 139826
67049 139826 143987
44917 32458 140650
140650 32458 44917
32458 44917 140650
44588 22716 48310
22716 44588 48310
48310 22716 44588
139825 34966 112020
112020 34966 139825
34966 112020 139825
121059 34600 142368
142368 34600 121059
34600 121059 142368
44028 127083 129907
129907 44028 127083
127083 44028 129907
138508 60966 138981
60966 138508 138981
138981 60966 138508
52543 95117 123223
95117 52543 123223
123223 52543 95117
144480 64215 106467
64215 106467 144480
106467 64215 144480
93148 44861 149625
149625 44861 93148
44861 93148 149625
4311 14899 55623
14899 4311 55623
55623 4311 14899
17040 92709 119217
92709 17040 119217
119217 17040 92709
84009 82748 88342
88342 82748 84009
82748 84009 88342
118882 46021 67366
46021 67366 118882
67366 46021 118882
39263 43671 109576
109576 39263 43671
43671 39263 109576
1579 7054 121029
121029 1579 7054
7054 1579 121029
89321 15901 71833
15901 71833 89321
71833 15901 89321
54360 7760 121417
121417 7760 54360
7760 54360 121417
28954 33707 127258
127258 28954 33707
33707 28954 127258
103683 879 130467
879 103683 130467
130467 879 103683
125765 70215 144840
70215 125765 144840
144840 70215 125765
10074 69106 85003
85003 10074 69106
69106 10074 85003
46202 33952 63170
33952 46202 63170
63170 33952 46202
36465 98792 129377
129377 36465 98792
98792 36465 129377
58335 38627 62334
38627 58335 62334
62334 38627 58335
53760 45652 127097
127097 45652 53760
45652 53760 127097
135151 30714 39878
30714 39878 135151
39878 30714 135151
131260 32946 60741
60741 32946 131260
32946 60741 131260
15380 44193 96553
44193 15380 96553
96553 15380 44193
146617 57548 60676
57548 60676 146617
60676 57548 146617
67759 37625 83180
37625 67759 83180
83180 37625 67759
71502 7530 136459
136459 7530 71502
7530 71502 136459
69367 77191 119169
119169 69367 77191
77191 69367 119169
2783 51017 149882
51017 2783 149882
149882 2783 51017
94606 37087 128134
37087 94606 128134
128134 37087 94606
26094 50177 76933
50177 26094 76933
76933 26094 50177
21079 35738 86525
35738 21079 86525
86525 21079 35738
126970 72738 147020
147020 72738 126970
72738 126970 147020
138862 3159 46838
46838 3159 138862
3159 46838 138862
28207 50985 121808
50985 28207 121808
121808 28207 50985
46772 20843 106113
106113 20843 46772
20843 46772 106113
79411 16488 143509
143509 16488 79411
16488 79411 143509
141914 16129 149967
149967 16129 141914
16129 141914 149967
31317 1137 148292
1137 31317 148292
148292 1137 31317
91275 20078 109184
20078 91275 109184
109184 20078 91275
72065 37983 118557
118557 37983 72065
37983 72065 118557
116028 112605 142919
142919 112605 116028
112605 116028 142919
75758 30781 113061
30781 75758 113061
113061 30781 75758
54364 112437 146666
112437 54364 146666
146666 54364 112437
116333 17210 98375
17210 98375 116333
98375 17210 116333
49097 88019 148400
88019 49097 148400
148400 49097 88019
67293 83912 120347
83912 67293 120347
120347 67293 83912
105040 58983 108374
58983 105040 108374
108374 58983 105040
55008 139514 139974
139974 55008 139514
139514 55008 139974
34068 15313 76057
76057 15313 34068
15313 34068 76057
105941 43162 139817
139817 43162 105941
43162 105941 139817
122517 426 35911
426 35911 122517
35911 426 122517
14602 38085 43212
43212 14602 38085
38085 14602 43212
70960 47005 94576
94576 47005 70960
47005 70960 94576
24251 57051 124526
57051 24251 124526
124526 24251 57051
142850 47184 93723
47184 93723 142850
93723 47184 142850
24435 7204 136109
136109 7204 24435
7204 24435 136109
55260 52494 94396
52494 55260 94396
94396 52494 55260
113114 12014 25765
25765 12014 113114
12014 25765 113114
92578 123686 133913
133913 92578 123686
123686 92578 133913
127184 14773 83991
14773 83991 127184
83991 14773 127184
4086 55534 97304
55534 4086 97304
97304 4086 55534
99149 12319 101577
101577 12319 99149
12319 99149 101577
34883 52319 83980
52319 34883 83980
83980 34883 52319
110670 69880 75335
75335 69880 110670
69880 75335 110670
16397 123608 144574
144574 16397 123608
123608 16397 144574
105742 105609 134542
134542 105609 105742
105609 105742 134542
108466 33803 38387
33803 38387 108466
38387 33803 108466
18558 63810 143639
143639 18558 63810
63810 18558 143639
67226 39161 124665
39161 67226 124665
124665 39161 67226
84734 35244 119744
119744 35244 84734
35244 84734 119744
83463 26242 119245
119245 26242 83463
26242 83463 119245
146224 24679 74273
24679 74273 146224
74273 24679 146224
65111 9972 102237
9972 65111 102237
102237 9972 65111
134330 99392 100011
99392 100011 134330
100011 99392 134330
66125 68768 149338
68768 66125 149338
149338 66125 68768
148470 31409 125689
125689 31409 148470
31409 125689 148470
100491 112562 147607
112562 100491 147607
147607 100491 112562
100426 88976 134874
88976 100426 134874
134874 88976 100426
125083 76071 82925
82925 76071 125083
76071 82925 125083
8945 29759 131362
29759 8945 131362
131362 8945 29759
131620 18859 136921
136921 18859 131620
18859 131620 136921
38311 37489 143874
37489 38311 143874
143874 37489 38311
67661 99869 100271
100271 67661 99869
99869 67661 100271
139746 122485 139818
122485 139746 139818
139818 122485 139746
112793 64056 104926
64056 104926 112793
104926 64056 112793
19608 58417 134211
134211 19608 58417
58417 19608 134211
94988 60272 79602
79602 60272 94988
60272 79602 94988
15865 75339 89932
89932 15865 75339
75339 15865 89932
72046 20713 92264
92264 20713 72046
20713 72046 92264
120136 44203 65423
65423 44203 120136
44203 65423 120136
11575 60925 74990
74990 11575 60925
60925 11575 74990
68848 19297 103921
103921 19297 68848
19297 68848 103921
51369 30234 113020
30234 51369 113020
113020 30234 51369
42313 23006 111414
23006 42313 111414
111414 23006 42313
95756 65979 75155
65979 75155 95756
75155 65979 95756
59779 20972 61151
20972 59779 61151
61151 20972 59779
10554 27732 120340
27732 10554 120340
120340 10554 27732
70229 2864 53466
2864 53466 70229
53466 2864 70229
2094 63475 118333
63475 2094 118333
118333 2094 63475
107718 99430 104827
104827 99430 107718
99430 104827 107718
44283 51716 126168
126168 44283 51716
51716 44283 126168
23049 41420 118598
118598 23049 41420
41420 23049 118598
46114 72875 84539
72875 46114 84539
84539 46114 72875
47271 7480 144843
144843 7480 47271
7480 47271 144843
52689 36490 61876
61876 36490 52689
36490 52689 61876
73181 12323 46087
12323 46087 73181
46087 12323 73181
31431 32298 83108
32298 31431 83108
83108 31431 32298
40496 39966 96563
39966 40496 96563
96563 39966 40496
147062 14795 49180
49180 14795 147062
14795 49180 147062
143584 8182 67476
67476 8182 143584
8182 67476 143584
113099 116631 143685
116631 113099 143685
143685 113099 116631
136046 55886 130645
130645 55886 136046
55886 130645 136046
112371 51654 120010
51654 112371 120010
120010 51654 112371
42977 31466 55660
55660 31466 42977
31466 42977 55660
61026 18363 26931
18363 26931 61026
26931 18363 61026
135793 95721 148708
95721 135793 148708
148708 95721 135793
65365 34561 35735
34561 35735 65365
35735 34561 65365
30595 25952 132877
132877 25952 30595
25952 30595 132877
42274 3802 22504
3802 22504 42274
22504 3802 42274
63056 73116 148629
73116 63056 148629
148629 63056 73116
58774 45655 127826
127826 45655 58774
45655 58774 127826
73800 103210 127793
127793 73800 103210
103210 73800 127793
666 75391 96568
96568 666 75391
75391 666 96568
1861 71852 126098
126098 1861 71852
71852 1861 126098
119424 46255 99470
46255 99470 119424
99470 46255 119424
91824 15072 27231
15072 27231 91824
27231 15072 91824
147599 25572 99594
99594 25572 147599
25572 99594 147599
46886 4713 128234
128234 4713 46886
4713 46886 128234
23827 18670 90846
18670 23827 90846
90846 18670 23827
46850 5257 72312
5257 46850 72312
72312 5257 46850
132150 78793 149630
149630 78793 132150
78793 132150 149630
58468 56101 71861
71861 56101 58468
56101 58468 71861
141913 27509 68535
68535 27509 141913
27509 68535 141913
129733 21108 113621
113621 21108 129733
21108 113621 129733
110846 40600 145680
40600 110846 145680
145680 40600 110846
122328 2238 69319
2238 69319 122328
69319 2238 122328
84302 9040 106491
106491 9040 84302
9040 84302 106491
49663 22666 122882
22666 49663 122882
122882 22666 49663
79027 115299 145025
145025 79027 115299
115299 79027 145025
51959 61096 115744
61096 51959 115744
115744 51959 61096
104770 24874 76588
24874 76588 104770
76588 24874 104770
28406 75180 108804
75180 28406 108804
108804 28406 75180
33182 16553 40505
16553 33182 40505
40505 16553 33182
18457 9527 111289
9527 18457 111289
111289 9527 18457
25499 119550 147812
147812 25499 119550
119550 25499 147812
47823 4457 35934
4457 35934 47823
35934 4457 47823
117815 23890 100759
100759 23890 117815
23890 100759 117815
135928 2138 53486
2138 53486 135928
53486 2138 135928
126605 145496 149737
149737 126605 145496
145496 126605 149737
119246 83148 149972
83148 119246 149972
149972 83148 119246
133918 56912 121834
121834 56912 133918
56912 121834 133918
85738 37611 130564
37611 85738 130564
130564 37611 85738
140479 29090 148166
29090 140479 148166
148166 29090 140479
6855 29647 56701
29647 6855 56701
56701 6855 29647
30542 57513 132098
57513 30542 132098
132098 30542 57513
147534 5946 32258
32258 5946 147534
5946 32258 147534
35041 95059 115117
95059 35041 115117
115117 35041 95059
52684 44024 140830
140830 44024 52684
44024 52684 140830
93297 54976 140159
54976 93297 140159
140159 54976 93297
32378 23788 106696
106696 23788 32378
23788 32378 106696
9069 93739 108053
93739 9069 108053
108053 9069 93739
20269 61776 99991
61776 20269 99991
99991 20269 61776
37819 75152 96444
75152 37819 96444
96444 37819 75152
67596 33410 87904
33410 67596 87904
87904 33410 67596
72762 6822 65743
6822 65743 72762
65743 6822 72762
138774 48614 58413
48614 58413 138774
58413 48614 138774
97825 91968 125363
125363 91968 97825
91968 97825 125363
48426 33341 84858
84858 33341 48426
33341 48426 84858
38375 20652 138174
138174 20652 38375
20652 38375 138174
97064 49649 130539
49649 97064 130539
130539 49649 97064
138049 22046 68888
22046 68888 138049
68888 22046 138049
34604 85235 98981
98981 34604 85235
85235 34604 98981
115864 37535 46880
37535 46880 115864
46880 37535 115864
11679 76036 101917
76036 11679 101917
101917 11679 76036
125858 65574 82261
65574 82261 125858
82261 65574 125858
109030 15185 16162
16162 15185 109030
15185 16162 109030
140357 88116 107383
88116 107383 140357
107383 88116 140357
40809 28669 95584
28669 40809 95584
95584 28669 40809
34041 13512 50837
13512 34041 50837
50837 13512 34041
49771 95521 115464
95521 49771 115464
115464 49771 95521
19585 24596 39165
39165 19585 24596
24596 19585 39165
9548 47299 52695
52695 9548 47299
47299 9548 52695
44842 42462 77462
42462 44842 77462
77462 42462 44842
41460 22592 74183
74183 22592 41460
22592 41460 74183
37916 5070 129218
5070 37916 129218
129218 5070 37916
93734 13864 130246
130246 13864 93734
13864 93734 130246
89801 47992 94658
47992 89801 94658
94658 47992 89801
133264 19885 97151
19885 97151 133264
97151 19885 133264
99389 11052 81767
81767 11052 99389
11052 81767 99389
67422 5263 33080
33080 5263 67422
5263 33080 67422
31412 25458 103436
103436 25458 31412
25458 31412 103436
108468 53982 88464
53982 88464 108468
88464 53982 108468
58102 17535 130659
17535 58102 130659
130659 17535 58102
17735 15263 139259
15263 17735 139259
139259 15263 17735
93316 89781 118445
89781 93316 118445
118445 89781 93316
15998 6535 23994
6535 15998 23994
23994 6535 15998
112051 42036 122479
42036 112051 122479
122479 42036 112051
147833 39753 101012
39753 101012 147833
101012 39753 147833
147792 12621 60044
12621 60044 147792
60044 12621 147792
54983 15838 30896
15838 30896 54983
30896 15838 54983
27067 106453 109860
109860 27067 106453
106453 27067 109860
75739 29422 102344
102344 29422 75739
29422 75739 102344
95726 95847 100765
95847 95726 100765
100765 95726 95847
149165 39420 62550
39420 62550 149165
62550 39420 149165
38863 112054 119874
112054 38863 119874
119874 38863 112054
111159 58842 121717
121717 58842 111159
58842 111159 121717
68571 28925 46525
28925 46525 68571
46525 28925 68571
97287 95727 145850
145850 95727 97287
95727 97287 145850
47450 34443 40543
34443 40543 47450
40543 34443 47450
87760 55898 83829
55898 83829 87760
83829 55898 87760
61460 99044 115537
99044 61460 115537
115537 61460 99044
146114 16473 29096
16473 29096 146114
29096 16473 146114
146451 65305 90714
65305 90714 146451
90714 65305 146451
28200 128861 149291
128861 28200 149291
149291 28200 128861
59215 6821 75825
6821 59215 75825
75825 6821 59215
20308 3653 6681
3653 6681 20308
6681 3653 20308
134850 85852 100984
85852 100984 134850
100984 85852 134850
109172 41658 88436
88436 41658 109172
41658 88436 109172
22579 59160 103489
59160 22579 103489
103489 22579 59160
93856 137254 139888
137254 93856 139888
139888 93856 137254
81996 36438 97395
97395 36438 81996
36438 81996 97395
21004 267 5205
5205 267 21004
267 5205 21004
10832 107879 139150
107879 10832 139150
139150 10832 107879
99652 110840 132202
132202 99652 110840
110840 99652 132202
32440 38512 141996
141996 32440 38512
38512 32440 141996
13968 49072 147961
49072 13968 147961
147961 13968 49072
29736 24471 40196
40196 24471 29736
24471 29736 40196
18253 16994 90589
90589 16994 18253
16994 18253 90589
52308 35187 35970
35970 35187 52308
35187 35970 52308
80177 83114 124887
124887 80177 83114
83114 80177 124887
136589 94019 102089
94019 102089 136589
102089 94019 136589
55101 119981 121472
121472 55101 119981
119981 55101 121472
80020 22883 139980
22883 80020 139980
139980 22883 80020
57904 34648 68949
68949 34648 57904
34648 57904 68949
73900 2848 136842
136842 2848 73900
2848 73900 136842
52926 12669 82542
12669 52926 82542
82542 12669 52926
61612 88182 126848
88182 61612 126848
126848 61612 88182
35108 78090 134803
134803 35108 78090
78090 35108 134803
46462 11731 75667
75667 11731 46462
11731 46462 75667
37423 35689 53310
53310 35689 37423
35689 37423 53310
11976 14633 76262
14633 11976 76262
76262 11976 14633
135660 27799 41214
27799 41214 135660
41214 27799 135660
59043 111839 116394
116394 59043 111839
111839 59043 116394
127360 23172 33867
23172 33867 127360
33867 23172 127360
112337 11017 123355
11017 112337 123355
123355 11017 112337
86559 59894 71061
71061 59894 86559
59894 71061 86559
55662 23803 92036
23803 55662 92036
92036 23803 55662
78436 24796 87166
87166 24796 78436
24796 78436 87166
131026 82331 84821
84821 82331 131026
82331 84821 131026
72576 39613 134060
39613 72576 134060
134060 39613 72576
124242 2676 107529
107529 2676 124242
2676 107529 124242
60553 39008 116548
116548 39008 60553
39008 60553 116548
89056 66725 106737
106737 66725 89056
66725 89056 106737
105722 87301 146134
146134 87301 105722
87301 105722 146134
16262 1499 131820
1499 16262 131820
131820 1499 16262
42620 118425 147690
118425 42620 147690
147690 42620 118425
119116 18510 79436
18510 79436 119116
79436 18510 119116
53023 37485 74666
37485 53023 74666
74666 37485 53023
130066 25533 123796
123796 25533 130066
25533 123796 130066
30523 17521 93009
17521 30523 93009
93009 17521 30523
73677 68060 135858
68060 73677 135858
135858 68060 73677
133574 126751 128582
128582 126751 133574
126751 128582 133574
2358 4366 31571
4366 2358 31571
31571 2358 4366
89540 32409 71895
71895 32409 89540
32409 71895 89540
79763 7074 80127
7074 79763 80127
80127 7074 79763
129153 76882 90290
76882 90290 129153
90290 76882 129153
3964 110978 116967
110978 3964 116967
116967 3964 110978
128702 95338 141356
141356 95338 128702
95338 128702 141356
60472 23361 140136
140136 23361 60472
23361 60472 140136
13117 11645 116627
11645 13117 116627
116627 11645 13117
134396 96620 124121
124121 96620 134396
96620 124121 134396
91862 10211 119840
119840 10211 91862
10211 91862 119840
83313 20179 41465
41465 20179 83313
20179 41465 83313
98424 36633 146179
146179 36633 98424
36633 98424 146179
23003 71638 96316
96316 23003 71638
71638 23003 96316
46796 13830 91719
13830 46796 91719
91719 13830 46796
134704 116940 118318
118318 116940 134704
116940 118318 134704
55782 12104 138325
138325 12104 55782
12104 55782 138325
70204 35331 79159
35331 70204 79159
79159 35331 70204
901 20950 34988
34988 901 20950
20950 901 34988
133369 7815 137769
137769 7815 133369
7815 133369 137769
86456 17416 132457
132457 17416 86456
17416 86456 132457
43393 80631 107505
107505 43393 80631
80631 43393 107505
76371 95360 97470
97470 76371 95360
95360 76371 97470
74185 20223 95902
20223 74185 95902
95902 20223 74185
125900 40179 136903
136903 40179 125900
40179 125900 136903
80161 121398 142853
121398 80161 142853
142853 80161 121398
144943 9022 16654
16654 9022 144943
9022 16654 144943
107838 97751 144663
144663 97751 107838
97751 107838 144663
64064 54754 97007
54754 64064 97007
97007 54754 64064
25477 41607 83128
41607 25477 83128
83128 25477 41607
38400 14505 97798
97798 14505 38400
14505 38400 97798
98361 11504 56690
56690 11504 98361
11504 56690 98361
29655 61886 90740
90740 29655 61886
61886 29655 90740
144493 102171 119561
119561 102171 144493
102171 119561 144493
26159 50488 120846
120846 26159 50488
50488 26159 120846
57429 85091 121160
121160 57429 85091
85091 57429 121160
136875 6901 93259
6901 93259 136875
93259 6901 136875
96832 71030 113134
71030 96832 113134
113134 71030 96832
110294 38827 116930
116930 38827 110294
38827 110294 116930
133653 117695 133792
117695 133653 133792
133792 117695 133653
98173 62735 79941
62735 79941 98173
79941 62735 98173
125379 4168 138783
4168 125379 138783
138783 4168 125379
12166 29012 93321
29012 12166 93321
93321 12166 29012
7732 27730 95228
27730 7732 95228
95228 7732 27730
146281 24536 94472
24536 94472 146281
94472 24536 146281
34157 132257 139993
139993 34157 132257
132257 34157 139993
31844 10033 108015
108015 10033 31844
10033 31844 108015
5588 93762 130777
130777 5588 93762
93762 5588 130777
112513 52400 118039
118039 52400 112513
52400 112513 118039
44680 25941 35850
35850 25941 44680
25941 35850 44680
102111 23596 111167
111167 23596 102111
23596 102111 111167
92838 82872 142476
142476 82872 92838
82872 92838 142476
118781 91201 114807
114807 91201 118781
91201 114807 118781
136180 73872 141371
141371 73872 136180
73872 136180 141371
101468 32214 32793
32793 32214 101468
32214 32793 101468
79770 51685 110792
51685 79770 110792
110792 51685 79770
125827 91964 129296
91964 125827 129296
129296 91964 125827
82107 41120 109327
109327 41120 82107
41120 82107 109327
148291 77316 126507
126507 77316 148291
77316 126507 148291
74712 19243 38945
19243 38945 74712
38945 19243 74712
68237 75467 78864
78864 68237 75467
75467 68237 78864
71108 46923 122866
46923 71108 122866
122866 46923 71108
73825 122079 136504
122079 73825 136504
136504 73825 122079
67514 124838 148755
148755 67514 124838
124838 67514 148755
65819 15750 37216
37216 15750 65819
15750 37216 65819
121463 40752 45785
40752 45785 121463
45785 40752 121463
62089 45837 123179
123179 45837 62089
45837 62089 123179
143644 60113 67697
60113 67697 143644
67697 60113 143644
118943 53027 133650
53027 118943 133650
133650 53027 118943
57397 89298 147478
89298 57397 147478
147478 57397 89298
6023 47526 78578
47526 6023 78578
78578 6023 47526
66595 89569 128617
128617 66595 89569
89569 66595 128617
67282 47800 88369
88369 47800 67282
47800 67282 88369
141179 42727 91751
42727 91751 141179
91751 42727 141179
146587 340 35467
340 35467 146587
35467 340 146587
60721 39244 85088
39244 60721 85088
85088 39244 60721
53484 55473 101499
55473 53484 101499
101499 53484 55473
128454 64559 105112
105112 64559 128454
64559 105112 128454
64435 45879 53080
53080 45879 64435
45879 53080 64435
116119 29444 93348
93348 29444 116119
29444 93348 116119
4022 11576 74120
74120 4022 11576
11576 4022 74120
21169 50696 62326
62326 21169 50696
50696 21169 62326
49478 71962 145868
145868 49478 71962
71962 49478 145868
39453 106191 140412
106191 39453 140412
140412 39453 106191
956 17205 129031
129031 956 17205
17205 956 129031
38082 130470 144609
144609 38082 130470
130470 38082 144609
8878 62120 93304
62120 8878 93304
93304 8878 62120
29612 21526 40625
40625 21526 29612
21526 29612 40625
20952 23865 39686
23865 20952 39686
39686 20952 23865
76686 51559 80633
80633 51559 76686
51559 76686 80633
117296 30287 61382
61382 30287 117296
30287 61382 117296
61844 10497 81526
10497 61844 81526
81526 10497 61844
97357 96863 107151
107151 96863 97357
96863 97357 107151
68032 21052 103045
103045 21052 68032
21052 68032 103045
95018 45899 132103
132103 45899 95018
45899 95018 132103
19624 118553 146858
146858 19624 118553
118553 19624 146858
63044 64207 111735
111735 63044 64207
64207 63044 111735
144306 29836 66463
66463 29836 144306
29836 66463 144306
52150 34814 72605
34814 52150 72605
72605 34814 52150
137582 99054 103219
103219 99054 137582
99054 103219 137582
108988 48739 123831
123831 48739 108988
48739 108988 123831
140154 126539 141945
126539 140154 141945
141945 126539 140154
89165 35395 36592
35395 36592 89165
36592 35395 89165
135634 8449 28498
28498 8449 135634
8449 28498 135634
12900 105438 144232
144232 12900 105438
105438 12900 144232
54947 74094 125204
125204 54947 74094
74094 54947 125204
24710 14885 54654
14885 24710 54654
54654 14885 24710
47402 122635 142381
122635 47402 142381
142381 47402 122635
112034 14194 118463
118463 14194 112034
14194 112034 118463
74638 529 55126
55126 529 74638
529 55126 74638
38704 30949 114010
114010 30949 38704
30949 38704 114010
39404 119740 120880
120880 39404 119740
119740 39404 120880
56994 43881 47879
47879 43881 56994
43881 47879 56994
137812 11040 123585
123585 11040 137812
11040 123585 137812
45838 4530 129769
129769 4530 45838
4530 45838 129769
136398 77720 92504
92504 77720 136398
77720 92504 136398
37475 9526 78000
9526 37475 78000
78000 9526 37475
147758 57754 143169
57754 143169 147758
143169 57754 147758
60241 61761 129834
129834 60241 61761
61761 60241 129834
2457 113141 142264
142264 2457 113141
113141 2457 142264
1156 49166 91889
49166 1156 91889
91889 1156 49166
46619 21654 29217
21654 29217 46619
29217 21654 46619
44079 92309 145531
145531 44079 92309
92309 44079 145531
70535 47766 119956
119956 47766 70535
47766 70535 119956
128059 73664 110644
73664 110644 128059
110644 73664 128059
107366 20044 133247
20044 107366 133247
133247 20044 107366
70056 88966 128163
88966 70056 128163
128163 70056 88966
73020 37862 131344
131344 37862 73020
37862 73020 131344
34846 7012 57231
7012 34846 57231
57231 7012 34846
25102 10175 93679
10175 25102 93679
93679 10175 25102
100966 10812 80732
80732 10812 100966
10812 80732 100966
135594 65695 134087
65695 134087 135594
134087 65695 135594
46240 4886 26103
26103 4886 46240
4886 26103 46240
36894 115539 133370
133370 36894 115539
115539 36894 133370
82511 64907 149635
64907 82511 149635
149635 64907 82511
22212 99779 145753
145753 22212 99779
99779 22212 145753
35352 68350 87048
87048 35352 68350
68350 35352 87048
38285 80825 142867
142867 38285 80825
80825 38285 142867
44348 91406 122842
122842 44348 91406
91406 44348 122842
43330 19377 128175
128175 19377 43330
19377 43330 128175
132561 133199 133431
133199 132561 133431
133431 132561 133199
9172 47251 52742
52742 9172 47251
47251 9172 52742
40943 89959 142231
142231 40943 89959
89959 40943 142231
62881 73187 80501
73187 62881 80501
80501 62881 73187
20902 94368 121285
121285 20902 94368
94368 20902 121285
116656 42901 101515
42901 101515 116656
101515 42901 116656
61321 20503 149834
20503 61321 149834
149834 20503 61321
52313 136252 140503
140503 52313 136252
136252 52313 140503
99379 12492 78511
78511 12492 99379
12492 78511 99379
86884 98183 107902
98183 86884 107902
107902 86884 98183
106475 68988 109574
109574 68988 106475
68988 106475 109574
42698 30853 106037
106037 30853 42698
30853 42698 106037
65135 94416 117161
117161 65135 94416
94416 65135 117161
80647 2153 136343
2153 80647 136343
136343 2153 80647
100471 65424 108323
65424 100471 108323
108323 65424 100471
41382 12144 25124
25124 12144 41382
12144 25124 41382
33259 125045 128844
125045 33259 128844
128844 33259 125045
102080 61727 93383
61727 93383 102080
93383 61727 102080
116959 8903 18487
8903 18487 116959
18487 8903 116959
66813 10629 88896
88896 10629 66813
10629 66813 88896
141020 25225 98912
98912 25225 141020
25225 98912 141020
57931 98711 143424
98711 57931 143424
143424 57931 98711
124627 9909 117291
9909 117291 124627
117291 9909 124627
90423 4655 109435
4655 90423 109435
109435 4655 90423
96361 51829 78573
51829 78573 96361
78573 51829 96361
48583 64571 129628
129628 48583 64571
64571 48583 129628
110819 2830 146726
146726 2830 110819
2830 110819 146726
35236 48963 66783
48963 35236 66783
66783 35236 48963
148698 65260 142386
142386 65260 148698
65260 142386 148698
79236 10357 26468
26468 10357 79236
10357 26468 79236
95619 40751 148150
148150 40751 95619
40751 95619 148150
149507 54779 122792
122792 54779 149507
54779 122792 149507
90467 2752 36911
2752 36911 90467
36911 2752 90467
90925 86931 95322
86931 90925 95322
95322 86931 90925
120849 87369 115869
115869 87369 120849
87369 115869 120849
115472 19656 43754
43754 19656 115472
19656 43754 115472
47439 42568 138354
42568 47439 138354
138354 42568 47439
41066 61791 132296
132296 41066 61791
61791 41066 132296
30723 83793 130807
83793 30723 130807
130807 30723 83793
39318 14485 25155
14485 25155 39318
25155 14485 39318
66054 89111 139761
89111 66054 139761
139761 66054 89111
29959 104640 140082
140082 29959 104640
104640 29959 140082
55002 28941 146505
28941 55002 146505
146505 28941 55002
59306 37481 137535
37481 59306 137535
137535 37481 59306
20663 65201 144027
65201 20663 144027
144027 20663 65201
94087 32231 133194
32231 94087 133194
133194 32231 94087
79649 33369 46676
46676 33369 79649
33369 46676 79649
18324 98332 149430
149430 18324 98332
98332 18324 149430
147619 573 16193
16193 573 147619
573 16193 147619
52875 69373 140440
140440 52875 69373
69373 52875 140440
81356 3464 80256
80256 3464 81356
3464 80256 81356
143624 66069 148221
66069 143624 148221
148221 66069 143624
50690 6806 24030
24030 6806 50690
6806 24030 50690
70407 108682 114671
114671 70407 108682
108682 70407 114671
89571 63752 72022
72022 63752 89571
63752 72022 89571
104512 100363 112922
100363 104512 112922
112922 100363 104512
84671 34135 34627
34627 34135 84671
34135 34627 84671
29513 1434 15352
1434 15352 29513
15352 1434 29513
75779 17919 59450
17919 59450 75779
59450 17919 75779
108143 41871 106661
41871 106661 108143
106661 41871 108143
59233 39542 39942
39542 39942 59233
39942 39542 59233
25349 62410 73424
62410 25349 73424
73424 25349 62410
102019 10548 120814
120814 10548 102019
10548 102019 120814
36588 28451 64939
64939 28451 36588
28451 36588 64939
83196 142246 146636
146636 83196 142246
142246 83196 146636
50077 66434 142521
142521 50077 66434
66434 50077 142521
99276 74741 130109
74741 99276 130109
130109 74741 99276
18765 45501 88537
45501 18765 88537
88537 18765 45501
33227 27863 143813
27863 33227 143813
143813 27863 33227
49227 24696 44375
44375 24696 49227
24696 44375 49227
9373 10979 107008
10979 9373 107008
107008 9373 10979
11513 13429 35316
35316 11513 13429
13429 11513 35316
73025 29923 125496
29923 73025 125496
125496 29923 73025
75745 48445 117900
117900 48445 75745
48445 75745 117900
13957 46892 116992
46892 13957 116992
116992 13957 46892
42196 44814 112175
44814 42196 112175
112175 42196 44814
57584 56438 147241
56438 57584 147241
147241 56438 57584
77369 35468 69486
69486 35468 77369
35468 69486 77369
123415 74202 118937
118937 74202 123415
74202 118937 123415
50396 81739 102962
102962 50396 81739
81739 50396 102962
102832 79486 98247
98247 79486 102832
79486 98247 102832
147569 8643 148615
8643 147569 148615
148615 8643 147569
78889 7165 112227
112227 7165 78889
7165 78889 112227
126437 34605 124417
34605 124417 126437
124417 34605 126437
146060 49823 136582
136582 49823 146060
49823 136582 146060
7354 105240 149748
105240 7354 149748
149748 7354 105240
87298 23735 56448
56448 23735 87298
23735 56448 87298
126381 95005 106179
95005 106179 126381
106179 95005 126381
137369 1544 42678
1544 42678 137369
42678 1544 137369
141185 72572 87838
72572 87838 141185
87838 72572 141185
2646 25126 33844
33844 2646 25126
25126 2646 33844
93529 47955 69730
69730 47955 93529
47955 69730 93529
108025 5600 57654
57654 5600 108025
5600 57654 108025
29170 14814 48380
48380 14814 29170
14814 29170 48380
131833 27721 72201
72201 27721 131833
27721 72201 131833
113803 19394 145223
145223 19394 113803
19394 113803 145223
121121 15363 22101
15363 22101 121121
22101 15363 121121
126515 48323 75182
48323 75182 126515
75182 48323 126515
2680 9555 77017
77017 2680 9555
9555 2680 77017
120603 7716 100394
7716 100394 120603
100394 7716 120603
61967 15776 92914
15776 61967 92914
92914 15776 61967
71362 12627 110108
12627 71362 110108
110108 12627 71362
3335 5424 78791
5424 3335 78791
78791 3335 5424
79704 12687 31362
12687 31362 79704
31362 12687 79704
139685 24837 142159
142159 24837 139685
24837 139685 142159
40910 73064 124129
124129 40910 73064
73064 40910 124129
72871 10154 29531
10154 29531 72871
29531 10154 72871
9549 91127 101618
91127 9549 101618
101618 9549 91127
98284 65854 127872
127872 65854 98284
65854 98284 127872
18645 36376 94646
36376 18645 94646
94646 18645 36376
3724 13672 85801
85801 3724 13672
13672 3724 85801
99304 59842 102772
102772 59842 99304
59842 99304 102772
103292 6136 143101
143101 6136 103292
6136 103292 143101
25089 83442 140341
83442 25089 140341
140341 25089 83442
94259 68487 69228
69228 68487 94259
68487 69228 94259
51990 125059 137693
137693 51990 125059
125059 51990 137693
11722 116786 139711
139711 11722 116786
116786 11722 139711
7975 14033 111811
111811 7975 14033
14033 7975 111811
14490 64065 87750
64065 14490 87750
87750 14490 64065
42550 80083 112195
80083 42550 112195
112195 42550 80083
136413 82011 143130
143130 82011 136413
82011 136413 143130
80379 27814 91563
91563 27814 80379
27814 80379 91563
75135 75885 136227
75885 75135 136227
136227 75135 75885
43605 92557 111699
92557 43605 111699
111699 43605 92557
141835 123567 133321
133321 123567 141835
123567 133321 141835
108523 62148 139378
62148 108523 139378
139378 62148 108523
114233 46555 114929
114929 46555 114233
46555 114233 114929
148354 431 23824
431 23824 148354
23824 431 148354
129070 89951 109822
89951 109822 129070
109822 89951 129070
117280 33587 83391
83391 33587 117280
33587 83391 117280
96079 45584 86034
86034 45584 96079
45584 86034 96079
117415 8255 33930
8255 33930 117415
33930 8255 117415
16732 68629 106707
106707 16732 68629
68629 16732 106707
78622 54607 111291
111291 54607 78622
54607 78622 111291
84229 90215 149224
90215 84229 149224
149224 84229 90215
64396 43082 123682
123682 43082 64396
43082 64396 123682
122972 32985 115970
115970 32985 122972
32985 115970 122972
112408 7305 138260
7305 112408 138260
138260 7305 112408
77398 23604 38836
38836 23604 77398
23604 38836 77398
2608 59923 121691
59923 2608 121691
121691 2608 59923
47222 57009 124859
57009 47222 124859
124859 47222 57009
116694 17805 148284
148284 17805 116694
17805 116694 148284
1355 57095 86991
86991 1355 57095
57095 1355 86991
113770 24185 98790
98790 24185 113770
24185 98790 113770
8803 46970 104699
104699 8803 46970
46970 8803 104699
4933 105219 116542
105219 4933 116542
116542 4933 105219
45990 823 5951
5951 823 45990
823 5951 45990
70358 30322 72833
72833 30322 70358
30322 70358 72833
90052 39788 61015
61015 39788 90052
39788 61015 90052
147486 30731 75471
75471 30731 147486
30731 75471 147486
20574 102412 104963
102412 20574 104963
104963 20574 102412
11233 5595 33196
33196 5595 11233
5595 11233 33196
98882 16606 61503
61503 16606 98882
16606 61503 98882
105836 51807 66700
66700 51807 105836
51807 66700 105836
137536 11889 86260
86260 11889 137536
11889 86260 137536
42792 104097 115735
115735 42792 104097
104097 42792 115735
100672 70850 108008
108008 70850 100672
70850 100672 108008
46545 118457 149085
118457 46545 149085
149085 46545 118457
46050 76433 136873
136873 46050 76433
76433 46050 136873
3165 28402 115395
115395 3165 28402
28402 3165 115395
12858 78750 93054
93054 12858 78750
78750 12858 93054
34226 38292 79391
38292 34226 79391
79391 34226 38292
7041 89238 105051
105051 7041 89238
89238 7041 105051
140708 5172 100189
5172 100189 140708
100189 5172 140708
60776 705 29378
29378 705 60776
705 29378 60776
42749 9777 138624
9777 42749 138624
138624 9777 42749
65194 44144 145962
44144 65194 145962
145962 44144 65194
111502 74353 123271
123271 74353 111502
74353 111502 123271
56918 13859 29452
13859 29452 56918
29452 13859 56918
118675 74071 95106
95106 74071 118675
74071 95106 118675
123672 57023 77804
77804 57023 123672
57023 77804 123672
40997 17688 104289
104289 17688 40997
17688 40997 104289
124847 92878 94635
94635 92878 124847
92878 94635 124847
52802 82087 118570
82087 52802 118570
118570 52802 82087
113450 52041 127536
52041 113450 127536
127536 52041 113450
118552 116263 134159
134159 116263 118552
116263 118552 134159
46728 12472 29069
12472 29069 46728
29069 12472 46728
68271 96260 126828
96260 68271 126828
126828 68271 96260
4057 62132 131151
131151 4057 62132
62132 4057 131151
101916 80991 135093
135093 80991 101916
80991 101916 135093
54168 43788 148552
43788 54168 148552
148552 43788 54168
84904 4584 116243
4584 84904 116243
116243 4584 84904
6569 23469 62219
62219 6569 23469
23469 6569 62219
18546 9176 51729
9176 18546 51729
51729 9176 18546
95357 24919 87463
24919 87463 95357
87463 24919 95357
130925 57490 88859
88859 57490 130925
57490 88859 130925
81928 33700 94207
94207 33700 81928
33700 81928 94207
17866 91808 142514
91808 17866 142514
142514 17866 91808
79451 101973 134485
134485 79451 101973
101973 79451 134485
120 2702 83358
83358 120 2702
2702 120 83358
92795 128005 148069
148069 92795 128005
128005 92795 148069
107463 77525 137585
137585 77525 107463
77525 107463 137585
7733 23167 55374
23167 7733 55374
55374 7733 23167
137376 5935 119806
119806 5935 137376
5935 119806 137376
130781 10594 28761
28761 10594 130781
10594 28761 130781
117826 25367 81314
25367 81314 117826
81314 25367 117826
127592 28332 45278
28332 45278 127592
45278 28332 127592
37156 38041 117712
117712 37156 38041
38041 37156 117712
141791 8051 35060
35060 8051 141791
8051 35060 141791
64035 54264 137420
137420 54264 64035
54264 64035 137420
42922 56928 64231
56928 42922 64231
64231 42922 56928
135155 93694 114209
114209 93694 135155
93694 114209 135155
10212 47427 141901
141901 10212 47427
47427 10212 141901
61659 49831 78849
49831 61659 78849
78849 49831 61659
99563 49597 149596
49597 99563 149596
149596 49597 99563
9147 25301 90704
90704 9147 25301
25301 9147 90704
36755 80080 139791
80080 36755 139791
139791 36755 80080
59803 76871 82592
82592 59803 76871
76871 59803 82592
71248 64318 121936
121936 64318 71248
64318 71248 121936
73168 115568 130291
115568 73168 130291
130291 73168 115568
99092 129302 144430
129302 99092 144430
144430 99092 129302
72549 55811 101760
55811 72549 101760
101760 55811 72549
6342 79352 120843
79352 6342 120843
120843 6342 79352
69402 86091 106806
86091 69402 106806
106806 69402 86091
27167 202 97421
97421 202 27167
202 27167 97421
8411 60159 103982
60159 8411 103982
103982 8411 60159
148141 73488 85483
85483 73488 148141
73488 85483 148141
2400 84548 142871
142871 2400 84548
84548 2400 142871
14516 5855 135536
135536 5855 14516
5855 14516 135536
103590 51389 139040
51389 103590 139040
139040 51389 103590
38380 35786 65022
65022 35786 38380
35786 38380 65022
42185 80923 146797
80923 42185 146797
146797 42185 80923
21575 1264 62877
1264 21575 62877
62877 1264 21575
2372 46024 79531
46024 2372 79531
79531 2372 46024
36420 19657 24811
24811 19657 36420
19657 24811 36420
1113 21255 56210
21255 1113 56210
56210 1113 21255
98410 12661 68917
68917 12661 98410
12661 68917 98410
77981 10651 45558
10651 45558 77981
45558 10651 77981
26769 27601 63572
63572 26769 27601
27601 26769 63572
10767 21320 60879
21320 10767 60879
60879 10767 21320
34368 3178 9396
9396 3178 34368
3178 9396 34368
149890 27575 123920
123920 27575 149890
27575 123920 149890
105514 59702 78347
59702 78347 105514
78347 59702 105514
8596 3621 112451
112451 3621 8596
3621 8596 112451
4854 52638 112537
52638 4854 112537
112537 4854 52638
88123 38682 59812
38682 59812 88123
59812 38682 88123
110613 80661 82784
82784 80661 110613
80661 82784 110613
40054 24110 84257
24110 40054 84257
84257 24110 40054
63010 68846 82665
82665 63010 68846
68846 63010 82665
109336 56836 102074
56836 102074 109336
102074 56836 109336
86089 111665 114022
111665 86089 114022
114022 86089 111665
6077 25744 116530
116530 6077 25744
25744 6077 116530
50362 4798 100267
4798 50362 100267
100267 4798 50362
71157 36359 84481
84481 36359 71157
36359 71157 84481
29582 55322 128347
128347 29582 55322
55322 29582 128347
87289 22950 27246
22950 27246 87289
27246 22950 87289
3602 55860 129298
129298 3602 55860
55860 3602 129298
47482 38270 52336
38270 47482 52336
52336 38270 47482
119039 17865 35720
17865 35720 119039
35720 17865 119039
94016 99878 141487
99878 94016 141487
141487 94016 99878
104364 113762 116303
116303 104364 113762
113762 104364 116303
123263 18099 120837
120837 18099 123263
18099 120837 123263
61273 15627 136859
15627 61273 136859
136859 15627 61273
53092 44616 79913
44616 53092 79913
79913 44616 53092
60053 95892 127829
127829 60053 95892
95892 60053 127829
42957 49344 142970
49344 42957 142970
142970 42957 49344
7602 92736 100658
92736 7602 100658
100658 7602 92736
138057 26794 37408
37408 26794 138057
26794 37408 138057
2616 70875 72705
70875 2616 72705
72705 2616 70875
71916 109898 148513
109898 71916 148513
148513 71916 109898
136420 72519 147919
147919 72519 136420
72519 136420 147919
9779 53133 59163
53133 9779 59163
59163 9779 53133
30873 25258 35619
25258 30873 35619
35619 25258 30873
7145 7452 83878
83878 7145 7452
7452 7145 83878
39083 114483 148900
114483 39083 148900
148900 39083 114483
61762 70185 110057
110057 61762 70185
70185 61762 110057
142602 45880 72027
72027 45880 142602
45880 72027 142602
25574 61037 107154
61037 25574 107154
107154 25574 61037
46299 20672 21154
20672 21154 46299
21154 20672 46299
15472 22609 37895
22609 15472 37895
37895 15472 22609
127354 71213 139788
139788 71213 127354
71213 127354 139788
18729 80887 143653
80887 18729 143653
143653 18729 80887
140756 908 105267
908 105267 140756
105267 908 140756
109977 48707 81240
48707 81240 109977
81240 48707 109977
6564 8211 31876
8211 6564 31876
31876 6564 8211
138717 12008 64735
64735 12008 138717
12008 64735 138717
89257 64546 70024
64546 70024 89257
70024 64546 89257
149506 41572 116803
116803 41572 149506
41572 116803 149506
110054 123569 127685
123569 110054 127685
127685 110054 123569
91028 1298 115414
1298 91028 115414
115414 1298 91028
37857 63601 116703
116703 37857 63601
63601 37857 116703
111983 47946 70123
70123 47946 111983
47946 70123 111983
17579 74608 109771
74608 17579 109771
109771 17579 74608
68014 13898 29593
13898 29593 68014
29593 13898 68014
20448 141261 146409
146409 20448 141261
141261 20448 146409
17578 17668 99789
99789 17578 17668
17668 17578 99789
83872 44738 113475
44738 83872 113475
113475 44738 83872
46837 69300 133354
133354 46837 69300
69300 46837 133354
20028 83026 96647
96647 20028 83026
83026 20028 96647
112650 128086 132200
132200 112650 128086
128086 112650 132200
27756 128275 131438
128275 27756 131438
131438 27756 128275
42056 13452 131507
131507 13452 42056
13452 42056 131507
36423 749 50490
749 36423 50490
50490 749 36423
641 52703 101337
52703 641 101337
101337 641 52703
94234 21927 81954
21927 81954 94234
81954 21927 94234
7938 20828 98920
20828 7938 98920
98920 7938 20828
66077 12097 127727
127727 12097 66077
12097 66077 127727
8711 94154 139124
139124 8711 94154
94154 8711 139124
41701 59844 124900
59844 41701 124900
124900 41701 59844
147107 21024 25305
25305 21024 147107
21024 25305 147107
38425 35818 63849
63849 35818 38425
35818 38425 63849
64078 98396 122817
122817 64078 98396
98396 64078 122817
65475 75282 140719
140719 65475 75282
75282 65475 140719
2874 74863 78332
78332 2874 74863
74863 2874 78332
79645 45503 74068
45503 74068 79645
74068 45503 79645
